Name,vrot_p[km/s],vrot_p_err[km/s],Rv_p[kpc],Rv_p_err[kpc]
NGC7793,107.77515247482103,1.5979602469125096,1.2101572865621453,0.08236940258710633
NGC4013,178.41666666672714,inf,0.21777993047271915,inf
NGC4051,152.7647129710894,6.69674700956066,1.4637744367695757,0.36657162058518417
UGC08699,185.3431080385893,1.3450665009066907,0.1388381143846028,0.0179855380954331
NGC3769,119.82626563325206,1.4266763575602324,1.3873725935449246,0.13167333346307103
UGC07399,100.82219892352751,1.5006356581043565,1.045727666930521,0.06746088804730235
NGC2903,196.82428322697825,3.0387091254980576,0.9013510423974236,0.09162401637413317
NGC2915,83.73979798253487,1.103586922831381,1.2795368432140142,0.08581143714750894
UGC05414,69.37552773365981,1.2877750773535936,1.952471850774581,0.07852643643911664
NGC2841,297.20166666592735,inf,0.032652190029032524,inf
NGC4138,165.5714285713995,inf,0.04091753572566295,inf
UGC06923,85.26846107220997,3.7238151072204095,1.6242594108809745,0.2158101349468588
UGC12632,72.65839645136705,0.7357581215019463,2.2039721972300828,0.08379954219071216
NGC2998,209.0371528091253,4.831327905682655,1.1363231251737855,0.1476369185974535
UGC06930,107.80563271536275,0.8328559662312534,2.431029288641797,0.09306266393292911
NGC3992,254.13188252425832,5.374332616006,2.1689239119647152,2.2062423514858267
UGC05829,76.9699544443481,4.442842018865311,3.546867047320227,0.4137782858387459
NGC3109,78.8132013627743,1.3189011131099981,3.256776432053411,0.10959460549401603
UGC07151,74.37445998247001,1.2710110518855806,1.1218944571176628,0.07322975037498043
UGC12732,88.6508665337634,2.073419570223045,2.7743673573697274,0.2667248877862274
UGC05986,116.97647653428383,2.4446678846034526,1.909145159710865,0.15171990145986974
UGC05918,44.43573350423547,0.5921015317291355,1.2016267390949136,0.05085889216282929
UGC02916,209.5098664120725,1.4103376568039219,0.18823754583360847,0.02890928874110703
DDO064,59.00161468766353,5.56076020750142,1.475968728024193,0.2697075307957137
UGC08490,78.80884471762282,0.33211404464206146,0.6365689445110249,0.02064902519740196
NGC3953,222.80188595458546,1.791678293441408,2.08450283475149,0.11426993010580612
UGC06917,109.2687283226053,1.2398731986884968,2.366291633714226,0.09975339031196202
UGC03580,109.65524562682359,3.686610042456908,1.1434588610414531,0.1462816128673379
UGC06787,241.67722629343876,1.6996954988651276,0.11807287270153875,0.01428569423785454
NGC0055,90.96872711229919,1.3952280177649241,3.5211188684918864,0.1679241371134717
UGC05253,241.93905797608784,1.119236733115766,0.041958972033695606,0.011781410448073518
NGC4088,175.0056599637714,2.734688779241229,2.2669860768347676,0.20407424259461274
NGC0891,219.44444444444446,inf,0.01318914980007814,inf
UGC10310,74.44825903039334,0.9655607379230235,1.7109195099116283,0.08188316057577216
UGC06628,42.42014820563078,0.24955421801542246,1.0568444688629763,0.032122015209363745
UGC06446,81.43437234964057,1.138285621904899,1.3200152508825937,0.09210919019101318
NGC2403,127.7889343272209,1.4016583837850116,1.3621186919818367,0.061995176333840094
NGC5055,191.11450489890154,2.2393528696090925,0.7079196785380695,0.08909934686937941
UGC07690,58.55364610529434,1.135327082657083,0.36359348126838653,0.05206795423732923
UGC03546,212.0,inf,0.018069721168631942,inf
NGC3949,165.7837756290383,1.6711054093853415,1.3059190520345891,0.06432030314655554
UGC08286,83.23180865283331,0.7182333879632385,1.2211825969686965,0.04849760475583857
UGC02953,274.68458387051135,2.643745775218688,0.06602357088665298,0.0166281709568572
UGC00731,73.47963899628094,1.3698795403616355,2.2115974380682055,0.15789872497414248
NGC4183,110.77229626781723,0.8395693124465131,2.047923274117801,0.09073892856571922
NGC4100,179.88291784345043,3.275043746866298,1.7851248760739489,0.2917470900985964
UGC11914,288.87995237345206,0.6811299725614473,0.37147991803562086,0.007379966255421759
UGC07125,64.88531806036237,0.8068405768457981,3.0530996220687037,0.16787596982814046
NGC4217,186.76975295916662,2.5038310740061323,1.959641701223736,0.14108942087468782
UGC07232,71.20747681591942,11.19282754314458,0.8743335254523361,0.20159448577332872
NGC0300,97.28288017189776,1.2802045223314678,2.010714665011161,0.1280768422900255
UGC07577,35.27161459627578,7.281444629303757,2.5127805413474436,0.67449836595437
UGC06786,214.89225811051622,2.02065719516401,0.15686403857037132,0.020463716572625256
NGC3741,50.04246387463638,1.770334361349544,1.7138186678503977,0.17161602849141108
UGC02487,355.05882351025525,inf,0.29789733964434695,inf
NGC4389,156.28890146123,12.040954266493669,4.543196017398653,0.5543930777521155
NGC3917,142.58554082205677,2.2298168408399492,3.2718676281005123,0.18319873295681116
NGC3972,137.03166546907053,2.213588095049248,2.516608296920498,0.12197914787327835
UGC03205,224.25782229149374,1.8187057585183302,0.86441133400173,0.06536319136530808
UGC04278,124.92746959423796,12.165159895411033,5.193193111146467,0.8174380308890977
UGC07524,82.73877468071248,0.943145898199929,2.8573726250289355,0.10069487663694798
NGC3893,183.27457656465828,3.0206385765596617,1.0921581046943698,0.15817665465400726
IC2574,102.80356993785489,4.300696462667161,8.40570157858487,0.5406727422398822
NGC4085,147.41781481339805,6.304537465026184,2.1128853714894893,0.24547024617532068
NGC4010,135.93354277563637,5.111328282696741,3.4461291277166066,0.35149502291371565
UGC07261,73.72261531938712,1.1542075311317241,0.9957513178581784,0.07580844155928719
UGC07603,64.45612468716244,0.8401647817522685,0.9096077720982529,0.042665973897187154
UGC08550,55.573260079119585,0.9406770998801246,0.7798240618621214,0.06325900600380664
UGC05721,80.07670538414351,1.0746658687916806,0.5214011273104109,0.03562623742119918
UGC07608,79.8207124596141,3.421710385409502,2.3938089652817633,0.21251648343892832
UGC06667,91.24715496100308,1.2541855565954154,2.5102034497043104,0.09651925193442935
UGC08837,115.10471305320608,30.374319563713485,7.309982646723643,2.418137925944456
UGC06973,174.3811204003219,1.3928326900052084,0.47750085941136977,0.1161482396904003
UGC06983,108.99796189926558,1.1396945746496945,2.0377590091100615,0.11574719089832564
UGC09133,264.1764705803117,2.930519160815525,0.012751016738188249,90170.90782091786
UGC09992,33.38671726482359,0.48656283766422515,0.44042227121628746,0.04310520027742394
UGC04499,75.71397383140888,0.5652096959977275,2.0496037765991133,0.050984372057707776
UGC02023,135.7815990218716,26.317203140415796,6.7920777127829535,1.6498836456820427
UGC07323,100.24811722401232,5.809763088775098,3.0522010870532434,0.35362310862744917
NGC1003,106.07573437001152,1.0865399007139354,2.7551608585476948,0.17678613345473115
NGC3726,163.69091115597163,3.0769505830934705,3.3673250061019337,0.33071849306949047
UGC07559,38.00570210822197,1.2115694959473813,1.2763504242012869,0.08430280744211945
NGC4157,188.72522237288356,2.5287008853638833,1.9507339963016705,0.2002287233083896
UGC04305,34.83975502478106,1.0308096112851677,0.8253949527002173,0.11299062858906574
NGC7814,224.61111111113888,inf,0.023654542093591115,inf
UGC07089,82.93214154040074,1.8657709024498976,3.405148513019062,0.19986610730991536
UGC11557,92.982351750405,4.758095475438219,3.578604397744032,0.42674626695571805
UGC06818,98.61364066839182,16.084297361740337,4.792382052698073,1.3565949152451058
NGC3198,151.87821545709224,0.9204292966879961,2.697268846642659,0.06599804709810084
UGC01281,71.15163204590442,3.0537979411678857,2.608059607783259,0.20086109860377566
UGC04325,93.99641219062994,1.3350402361915925,1.076734833657194,0.06163365514918164
NGC0247,103.34341184885241,1.6928298139471383,2.30313829594501,0.1513530861326901
NGC6946,163.48339009189087,1.9590894943727348,0.07040605664324716,0.03533509702787713
NGC3877,175.92079676357582,3.5055768596640906,2.4311962952239212,0.17816050546671863
UGC07866,33.415819988140754,1.2136265668316422,0.7954789311131575,0.07795354401853753
NGC3521,213.7911605461276,0.7919661211188258,0.49915393047459783,0.015585859039316832
UGC06399,92.37247869745909,1.2496752987810873,2.495027435811014,0.09483843985472698
UGC02455,91.19963656942754,26.938662620373087,4.086219775223484,1.7683731144213828
NGC2976,143.53003521402493,11.740735993544064,2.1664166520336567,0.25129151054837373
NGC7331,246.60939361538607,1.5965710676629865,0.7372887267525334,0.30308635551155877
