Name,vrot_t[km/s],vrot_err_t[km/s],Rv_t[kpc],Rv_err_t[kpc]
UGCA444,34.78075357090672,0.7433390311469983,1.0974039727333516,0.050953377346382826
NGC3521,212.30750147189104,0.9956398580765097,0.7723201167800678,0.025436008842827623
DDO161,67.21892834634737,0.6230366152769621,5.018595186934113,0.18760818737054882
NGC3877,171.18596605718477,1.0723487026269103,3.1329579200317976,0.09322443070897544
NGC6946,171.1521387540226,1.5233106659480065,1.1744118782436748,0.12869558105884557
KK98-251,41.048175212371675,1.975845913337083,2.240837493169233,0.17244409952107628
NGC0247,85.824693229883,2.596523692100844,2.910302888275531,0.20451195773363168
NGC5005,249.36772113132122,3.231574641083499,0.5304001112181332,0.11095508783642773
UGC07399,96.1325479254773,1.8291266468970233,1.2837069292919017,0.0955055684701456
NGC7331,240.02919961258903,inf,0.1563160820782611,inf
UGC08699,186.74229298701164,1.4165507091711516,0.21364715735131504,0.21214587248124547
NGC2976,115.44985752940275,5.892724520680978,2.026229396086898,0.1341868900285457
NGC4157,188.60575962015565,1.996827482358615,2.702776546309898,0.2899602280931851
NGC3726,160.14165431639398,2.9862550695447805,4.47591209528172,0.4456914725469486
NGC1003,104.26675796888551,1.286812075078108,4.019955609286337,0.4128565950842423
UGC05005,99.59500219947526,1.7978250224096526,8.304623745417775,0.3590286183517729
UGC09037,153.27187654647028,1.756044221094976,5.967206718423912,0.22403833799593523
NGC2683,191.39798734786422,7.294394660976138,1.0627358541992484,3.7926015529659987
NGC5907,221.62132651855728,1.9939688711309767,2.4019526922269256,1.719115546001203
NGC5033,213.16306988308318,inf,0.024962256432316754,inf
UGC12506,239.7663102601226,2.217994814973537,3.9336664577042466,0.3542883928818558
NGC7814,218.7888453938744,inf,0.022877031207578946,inf
DDO170,61.01656665174091,0.5680089819942213,3.899274828061026,0.1449073218063235
NGC3198,151.23767451844301,0.557542873360777,3.7772915388274058,0.07701002096450875
NGC5371,224.64672328337312,3.1175396929359716,0.7589152632500223,0.8089335618161967
UGC06923,82.58706193969365,2.7637601426645104,2.1462280433010066,0.2404337427015314
F561-1,50.55707145520365,0.49180809211789267,3.0404544662945634,0.11748693303347484
IC4202,245.85979872999997,1.6199176601487746,4.162852129918381,0.08801278794204451
UGC12632,71.57115991411086,0.7444334488729839,3.039590130607958,0.12143727954170819
NGC3893,186.50639732036393,2.3263651476303573,1.7052428472923595,0.13797487871988062
UGC06930,106.26176308399238,1.2326119077717004,3.353688413626609,0.2098005965066549
NGC6015,154.4148813039885,1.2011822286521716,1.8873806680392615,0.07122318589900771
UGC05986,117.01058255667327,1.1959805997021977,2.7000841826308175,0.08752025365412282
UGC07151,71.5608038547582,1.067067377298039,1.4126421093945345,0.07524724389235576
NGC4010,128.4779638795763,3.251382055941394,4.231008244803964,0.3288649341259362
NGC4085,138.77136462025445,2.2473702293837743,2.5347457426548,0.12401475469368362
UGC08490,78.48425355750126,0.4846191151983344,0.8830353762237831,0.03850088376079069
UGC02916,212.55895879946854,0.6163323337835066,0.3079464691744213,0.2804626712638955
UGC03580,114.3262945184749,1.4838537352434762,2.299682124432481,0.13005908778863673
F563-1,107.56191070031839,2.4157033970491715,3.6905021434717664,0.25354995097339
UGC01230,106.75374419532325,1.9349643741091427,3.554396826361301,0.2626102250529801
DDO168,59.97580197047446,3.0432151389300652,2.1716966386275587,0.20373189506976416
UGC06917,105.03829936714415,1.3827662361147433,3.009902626258827,0.14005315519010228
D631-7,59.694191173970644,1.3280828267365818,3.3709367445615097,0.15024338729329983
NGC0300,93.75462735598093,1.1227287021976085,3.016354065666007,0.11660897493508109
ESO563-G021,323.51596668267774,4.686431339924108,7.08787873579626,0.24147674678920958
UGC05253,244.04181225756153,0.7457019405415571,0.0767113504146601,0.10637698767606635
NGC4217,186.18681685782542,1.517527502616873,2.6994798521987335,0.11864727553758522
ESO116-G012,110.17723845981966,1.4821222144996646,2.7836813881029414,0.14378929421217004
UGC06787,240.73034467591782,1.4448083258472522,0.15074946137168083,0.23393281406908814
NGC3741,47.75571515903451,1.8976433052641055,2.159945130919385,0.22160970587671436
UGC06446,79.91650747267086,1.4189146041397493,1.8832410240039823,0.15589171028115692
UGC06628,42.01295567874414,0.19072097496776338,1.4638131479227328,0.030991874142045576
UGC10310,72.60370536539146,0.31887361364674455,2.2474765207891285,0.03491704619990196
UGC03546,201.22364870941192,inf,0.023683243801035536,inf
NGC4559,120.45611272509159,0.8570944729703494,3.1766088890057618,0.16097678113970293
UGC05716,72.00969536905811,1.4352366636574196,3.3425553563963657,0.2067365242554954
UGC07690,58.49316269480754,0.9564933430829029,0.5498771279244226,0.055012169581231146
NGC3972,130.4891651947494,2.831926066648612,3.1497445576791896,0.22442285088164063
NGC0100,86.28246835732602,0.8833395102753252,3.1462935697794987,0.08272676797246001
NGC3917,139.00739432223324,1.0106251073427766,4.289344591335362,0.10755173618734515
UGC08286,82.01788820792494,0.6203797929658974,1.6514967617342857,0.06571090312432087
UGC02953,292.9466136814987,1.5644271726201173,0.5933639772170664,0.08726913684169989
UGC00731,70.80381301573917,1.7235446631012754,2.6720548689238917,0.24239538434472802
DDO064,55.04825361513276,4.114591131465914,1.7404447880923404,0.22702277694458178
NGC6503,116.2755346940114,0.2711348623883262,1.1269940619149594,0.09535150307601649
UGC07125,63.93049385369598,1.1324024230036562,4.4390882043250315,0.3265960680130655
UGC11914,288.0010181969073,0.5859595652077402,0.5997766451949912,0.013506668547513043
NGC0055,87.15471273037282,0.9117160565250031,4.561158604846873,0.10866024625000639
DDO154,49.12078669595544,0.431207222108278,2.2898978534699017,0.0632894172132095
NGC5585,87.65739159945852,3.977188048865228,2.3234020196223195,0.26954859618642657
UGC02885,285.84210522938344,3.3168840653658966,0.12257671159841403,553081.8544685602
F568-V1,114.46095788409944,0.9424912564182315,2.92624154599798,0.07501769436660674
F574-1,97.25221893796515,0.7653121570839816,3.279392080443545,0.09684423078515896
UGC06786,222.88544134603035,1.0103126140824417,1.1757957538111652,0.12325952999421953
IC2574,64.46157955213546,2.839313856776019,6.12205158447104,0.45180923544156465
NGC0891,221.42294770875185,inf,0.02154507662250904,inf
NGC4088,173.79425242932453,2.165919550285971,3.0981169369484873,0.29521996021886737
NGC3949,160.1759668548184,1.5406840926041905,1.734337557183721,0.06032996695020524
UGC11455,275.1634341447418,2.545061731332883,6.182079524087757,0.21156227652555068
UGC02487,344.4697512336703,inf,0.5510508205760785,inf
F583-1,84.80409243105215,1.087301054401983,4.406755874401053,0.10667486797873728
NGC2403,126.33444082290376,0.7289239245263237,1.708598145216034,0.07237199971159744
NGC5055,197.06188196213975,2.1253683786008533,1.339850976307912,0.7818336453722393
F579-V1,109.22396686540304,1.6358661466883053,1.5110287323330844,0.11637661422399552
NGC0289,173.80279911629052,1.9287608963241782,0.7897328081961671,1.259300502869319
NGC4100,184.19321598802446,2.6181600822609665,2.764492583327745,0.41071819909474555
NGC4183,109.80551336066951,0.9235520511245392,2.9677529764817097,0.1407422994146969
UGC07524,79.55203652104652,0.9952823118205366,3.6558193955640093,0.13438003755305916
UGC04278,97.94580428231636,7.291460097828593,4.66448365873594,0.573496802014218
UGC03205,217.42564593182823,1.0615626665149118,1.2209205959689438,0.15802076551192268
NGC3992,255.69799153457052,inf,0.5981018209835538,inf
NGC2998,212.0507291505632,1.3657828822192086,1.7622843671082846,0.27322626205303896
UGC07603,62.78397534427127,0.5792007790298195,1.1911660890662112,0.03816444708144753
UGC08550,54.66938701773657,0.965903183127778,1.0412598453020225,0.09062093532650509
NGC3109,69.18713807728702,0.7839624245968965,3.4489425872861323,0.07296901588540591
UGC07261,72.63490268273013,1.4502494704247655,1.3318972079688953,0.12000214332081605
UGC06973,172.90201511097868,1.2027751954066086,0.7202360854168832,0.1811113815408058
UGC09133,243.45893528526653,2.4546862006204826,0.002054740539592488,4008705.963709761
UGC06983,107.18804545535697,1.3050894006931453,2.742722204588776,0.17723407747249487
UGC05721,79.47009038800226,1.0880057013875681,0.7488324624844946,0.04876987866388891
NGC2366,53.398485719499746,0.5198832539260423,2.0820073503125847,0.05391311804443082
UGC06614,180.7170632239358,inf,0.21662435942877523,inf
UGC06667,86.76040176164935,0.8715880760091093,3.1043538880392942,0.08738836959608415
ESO079-G014,181.4855465820701,1.4517194157186806,6.863582606329798,0.21435051829184573
UGC04499,73.3812731930856,0.7939950285323497,2.667797326874645,0.10214822412661792
UGC09992,33.213809533349945,0.5507133179058218,0.6438438613530391,0.062205352554184905
NGC3953,222.78104037421008,1.37663834554645,3.190698996911668,0.1267926442809565
NGC2915,82.8084760922341,0.6899398377066346,1.6977369638616178,0.10082550529541212
F571-V1,84.95666142826876,0.584143470204315,4.862030574383763,0.12905827595335007
NGC2903,199.2682050072439,1.464990942144656,1.2296987310288154,0.20908570151814213
NGC4214,76.25729873974738,1.6468029105692825,0.2524380647853752,0.05291720318984174
NGC0024,106.84710700482391,0.6311150806818696,1.1620171860354116,0.02697260574262115
UGC04305,34.260898192706925,0.7082400333954241,1.1340783687841007,0.12475095372269596
NGC4138,175.2291605680388,inf,0.15147129377672153,inf
NGC2841,290.49061867092587,2.3296836720289384,0.4707772786523642,5265.3127869325335
UGC00128,129.2527552203566,0.8044331089181063,8.278343971725942,0.3844790708123962
UGC06818,87.14340147740081,10.714040150735352,5.249486233865117,1.0335484074730705
UGCA442,57.03941715780861,0.6200285248988813,2.2329183780050443,0.10628244908169965
NGC1705,71.97656774879731,0.4750600167879369,0.26598185292058085,0.023875584498296618
NGC5985,291.45078816469027,0.9411638338163792,3.8662790239633056,0.11144426735771927
F571-8,136.62880700180625,4.539803600264615,4.228000658355469,0.39917429557937384
UGC01281,61.80475091223018,0.9571410156881454,2.7362440663973877,0.0812797563403808
UGC04325,92.23395376624751,0.35466246250022193,1.4396648385345225,0.021128227918392695
NGC4013,180.66492608687335,inf,0.44006926995007,inf
UGC06399,87.87960219589112,0.7245299368276058,3.1212294522595454,0.07517994551300891
NGC6195,244.77488934607723,1.5116268469582186,1.2234668119652754,0.1171399436514692
NGC4051,158.07581531111765,6.097099476841104,3.1856584614380155,0.6073847182476841
PGC51017,19.000878627145568,inf,0.0037253387063950205,inf
F563-V2,118.32911095118351,1.6991763544723317,2.6222775793586885,0.09591737974150645
NGC0801,221.56903060096207,3.128386619943889,1.6420759319285583,0.15411675883547046
UGC02259,84.96388534602534,1.1123061409306194,1.507017653353548,0.14943869092361647
NGC3769,120.76466647067886,1.472540096566786,2.1291790801011135,0.2389178201265001
NGC6674,244.76615325545254,2.794862738973102,1.5639808331972347,8.29905678305448
NGC1090,164.63362473020248,0.9161520098190109,3.3163821822682538,0.18069760344886052
