Name,vrot_b[km/s],vrot_err_b[km/s],Rv_b[kpc],Rv_err_b[kpc]
UGCA444,37.6736063722161,0.7919013401308035,0.9359046810789085,0.04308748323157633
NGC3521,213.10090380222246,0.913565541596399,0.5150380984774496,0.017525624986397526
DDO161,68.92731703594751,0.5516806740809468,3.6593131335124816,0.11927060968292938
NGC3877,174.74924480817373,2.4352401497284726,2.3129757190521016,0.15252653122821128
NGC6946,172.96647201348648,1.5140431359151527,1.0930790574570477,0.10500548320151744
KK98-251,50.99352794798587,5.240549045807806,2.4083006271115193,0.3837895491000644
NGC0247,92.30880723778375,2.383169589674268,2.4871065308118983,0.1502206028740504
NGC5005,251.72497062466016,3.342505878364563,0.4515359169235561,0.07256240163156998
UGC07399,98.79685523386526,1.4157670789877532,0.9905714482850188,0.05600857306034208
NGC7331,240.03137607161756,1.0996723533276627,0.45531379804472144,3.1393482944410653
UGC08699,186.74529811782998,1.4167800830316417,0.1428904813037333,0.16418331242456843
NGC2976,165.04583889064284,16.2056051441951,2.6180766962450033,0.3310222124798191
NGC4157,188.7503127401768,2.334754464729253,1.7810354403612276,0.25408473590583697
NGC3726,161.17487931161637,3.704708238160145,3.0122563783344605,0.412552100248764
NGC1003,105.68951438583241,1.348408535634863,3.1554487665293114,0.3126210820415834
UGC05005,102.15754908729619,1.2782091017341246,6.494958449108932,0.21889240971723242
UGC09037,157.1834712313412,1.539764595635644,4.544096452864547,0.15645361418821893
NGC2683,191.37830338536426,7.302120280021045,0.5761551794827093,2.924221678608604
NGC5907,221.61479804165594,1.9976943955839277,1.3753818354889626,1.2714869367835988
NGC5033,213.17395222607223,2.342531826701617,0.22401082458041802,0.5546281552540981
UGC12506,240.52223656519269,2.0198689989042156,2.7499640793630413,0.24456307100653318
NGC7814,218.7888453733749,1.6545181764357266,0.021582135461453926,405880.8345426109
DDO170,62.23968485712088,0.7187622397104633,2.802862183423086,0.13657813343019282
NGC3198,151.745869661653,0.694395842314079,2.4608914573135503,0.07096086026750821
NGC5371,224.65926809602283,3.1197811610077695,0.4781970685820342,0.55435510900792
UGC06923,86.03066043914907,3.607063489969967,1.649871736268575,0.22713582494915316
F561-1,51.59055440819974,0.8395523580180043,2.208293377873215,0.15072405868340863
IC4202,250.1699679014961,2.9475890936451385,3.0825818584420492,0.12725985647182853
UGC12632,73.0743739233506,0.5293289068289854,2.2563983595289927,0.06692407231214191
NGC3893,187.05863354469736,2.401647147465637,1.164876457643043,0.11371099314486509
UGC06930,107.79054579163683,0.9126236413339026,2.4641409744979783,0.1159657808003107
NGC6015,156.21483132771064,1.249426440215651,1.3374215808763814,0.05465679745946365
UGC05986,120.40565442969381,2.1075106364845397,2.0561928275349066,0.11984318905851776
UGC07151,73.95188310853618,1.4869042921701237,1.0999913003596122,0.0786941564115784
NGC4010,133.82478019531052,4.474168732290449,3.3028559723184614,0.339994796042088
NGC4085,146.5685681054627,5.968198473428728,2.050660063135687,0.24329207966612068
UGC08490,78.80884473292868,0.33211404099291714,0.6365689465662475,0.02064902474150744
UGC02916,212.56194796754622,0.617074382968896,0.2041120566186205,0.21339478240579984
UGC03580,115.16072763613896,1.3627198365564201,1.6880019879771166,0.09956974898690228
F563-1,109.37801923784427,2.939071870260193,2.9652727431845776,0.2750404075874054
UGC01230,107.63669966873465,2.864062310154131,2.58376674539963,0.3037604745408919
DDO168,66.93076131328901,5.549164529644751,1.9432730076053637,0.3027898147072457
UGC06917,108.15984831438507,1.1578649467821776,2.299715055660799,0.08994108517040654
D631-7,66.07864800078049,1.454168198207133,2.9778984947716705,0.13117894979204073
NGC0300,95.58039175836736,0.8830642523167973,2.2925539611471333,0.07538363495208936
ESO563-G021,328.9672480226936,7.57148513068668,5.373575590617012,0.3283203606151934
UGC05253,244.0428963791405,0.7456906919356387,0.052456095357921874,0.07084175742173691
NGC4217,187.70659080329693,2.25359688170991,1.925438189888955,0.13336940536312433
ESO116-G012,112.75115411740997,1.3112067942461536,2.111809506700613,0.09779349507101562
UGC06787,240.72978938488106,1.4453288948164602,0.09016871213263597,0.17468472548397765
NGC3741,49.531792575563095,1.8854317626532808,1.6809289565026433,0.1756927470953226
UGC06446,81.42997219985449,1.2130195977588871,1.4041474543679717,0.10074570795384276
UGC06628,42.42014820222999,0.24955421746273046,1.056844468292001,0.03212201526857271
UGC10310,74.44825905517799,0.9655607484158975,1.7109195125024759,0.08188316008268583
UGC03546,201.22364870947663,0.6295156099122399,0.02102121558620418,2299059.6199433124
NGC4559,121.39196555941712,0.662484663990834,2.278946421508193,0.09344932421446937
UGC05716,73.51334877046847,1.2141907837735175,2.3903630042237487,0.1354184957222777
UGC07690,58.5536460711296,1.1353270617717797,0.3635934783407866,0.052067953690920515
NGC3972,136.9740054293706,2.2745612296492963,2.5370191324730857,0.13279882257004985
NGC0100,90.6331927121534,0.8928441689081305,2.530937065433138,0.06586732666405044
NGC3917,143.41588943522973,2.3478533038332334,3.3045443028922117,0.18916930406037005
UGC08286,83.1114599850384,0.6273261870687896,1.204580193812985,0.049629893768327764
UGC02953,293.0053451179097,1.5528373199970855,0.42461950064186427,0.0714694574658692
UGC00731,72.83048952231988,1.3927320710422941,2.0995112055252356,0.15331764652839944
DDO064,64.86809311165905,8.143591464566558,1.7170096728083564,0.3665350887834398
NGC6503,116.2895214658431,0.27486385892574056,0.6985759585324748,0.06868526072144074
UGC07125,65.26866652712575,0.8807424034311879,3.2661834312696123,0.1900278489723608
UGC11914,288.13955379527556,0.6111681477338468,0.38292026940332263,0.010694288230950231
NGC0055,92.4826736602113,1.2148692394403486,3.692980933159226,0.11413556469401279
DDO154,51.527484884446395,0.6595466070118847,1.75811928130152,0.06900021134262661
NGC5585,88.89344536699848,3.4657495140763084,1.7629767245355725,0.19252921192091427
UGC02885,285.8421052860784,inf,0.009952155181119138,inf
F568-V1,117.02683417401808,1.1860300119906964,2.1216891548017993,0.07312582588136908
F574-1,99.74981051900797,0.59998242551976,2.5338431023359,0.05881723083007888
UGC06786,223.6521276585919,0.9819916351475843,1.0314558333992194,0.09469875792459582
IC2574,80.63592797492167,4.000674979855265,6.609943266050083,0.5162479600312698
NGC0891,221.42294770900753,inf,0.003148907411096004,inf
NGC4088,174.28213082842265,2.6796133604823575,2.0886914911214323,0.271346154371529
NGC3949,163.1851474325958,1.399526185778977,1.2346361996197783,0.0418933976796774
UGC11455,278.53030565824616,2.8063707672050784,4.500365074335053,0.1782739994979205
UGC02487,344.46975127985326,inf,0.2518882307612609,inf
F583-1,90.25006072553111,1.5806414981479104,3.6861771968921757,0.13009687387150662
NGC2403,127.09089134210171,0.5832492964411501,1.2814350935000218,0.04679441731371298
NGC5055,197.10591719484796,2.1679777020255053,0.8146095965006971,0.545167259940777
F579-V1,110.49802118912416,1.272083569159501,1.13599377483734,0.07019166769532963
NGC0289,173.8014848315601,1.9291558465141025,0.46076989694010967,0.9474701277814893
NGC4100,184.17468193682024,2.8131853276016963,1.7018129041832317,0.334912353889829
NGC4183,110.52179123901244,0.7287989532296182,2.096644399565605,0.08537395705786337
UGC07524,82.61111700022677,0.922845173673872,2.8740601140161863,0.09768260086038351
UGC04278,113.9496808752335,10.750222592925708,4.479739601579888,0.7002062766641686
UGC03205,217.47699324301922,1.0604432772743742,0.8338391000812804,0.12178302958277984
NGC3992,256.2294769713061,5.238118407931284,2.344348000747965,2.0286561038856066
NGC2998,212.08880937490653,1.2266234793776907,1.2536723917568284,0.1947294343157917
UGC07603,64.45612469357226,0.8401647906155805,0.9096077722140116,0.042665974052667144
UGC08550,55.6547157911917,0.906830394942522,0.8050847744047307,0.06584054348290648
NGC3109,81.36345716708203,1.3128679874081184,3.513610242892548,0.09941842074968724
UGC07261,73.72261528029955,1.1542075147310424,0.9957513133831357,0.07580844061885617
UGC06973,172.91741995552724,1.2214728262960073,0.41863834599282435,0.12317845907516187
UGC09133,243.45893524827886,inf,0.0094786302225221,inf
UGC06983,108.75718001152958,1.3288336216001486,2.003977859123087,0.13599719384094006
UGC05721,79.94641790486983,0.9861548681545516,0.5293316451822099,0.03436576603018359
NGC2366,56.6895566945264,1.211870318134173,1.7123690587301879,0.09577436038872236
UGC06614,180.71706322253496,inf,0.11740371020677129,inf
UGC06667,91.15679966048717,1.1548606026029284,2.4989887624940956,0.0893085256095469
ESO079-G014,189.34160558427376,2.6810370913691504,5.387988484364154,0.27537761855463505
UGC04499,75.60885467329057,0.5002518409632429,2.03539326082282,0.04883948913596595
UGC09992,33.38671723344616,0.48656285163057156,0.4404222662337853,0.04310520264683928
NGC3953,224.0618805849392,1.4003910119727019,2.130891980345538,0.09600273286282608
NGC2915,83.24800298314297,0.8684668315717659,1.199055590838046,0.0948883073704271
F571-V1,87.65754243063441,1.3937898483911706,3.6820781176044073,0.22297691303358913
NGC2903,199.29213182925943,1.5400495785411674,0.8003545013942822,0.1594921101050569
NGC4214,76.94090967211957,1.5775302613780553,0.23184109241790304,0.04679177160914764
NGC0024,107.54724583768433,0.7113693453290226,0.8450070496870311,0.02460269358555829
UGC04305,34.640692461359414,0.9481103324404091,0.8431452366404042,0.12543894379614273
NGC4138,175.22916056638508,inf,0.011171409287082268,inf
NGC2841,290.49068491081863,inf,0.11785315770607055,inf
UGC00128,130.28850943264584,0.709758169952066,5.593779857135595,0.23783310855905704
UGC06818,105.44780375234197,20.890229844013486,5.381277075095431,1.6864722920159352
UGCA442,58.201229959730476,0.7589770934878671,1.684310704539258,0.09918369296302842
NGC1705,72.0603495637204,0.42148222330565105,0.20102818678334206,0.018583179039935723
NGC5985,291.8252132303963,1.0026950397666354,2.5385177363413884,0.09133280466546935
F571-8,142.41337124347984,3.671404847818777,3.357105843626457,0.2491598506875133
UGC01281,70.39064709938876,2.7644933086108674,2.589543680686171,0.19018594192478758
UGC04325,93.99677115558387,1.3353414724665935,1.076788405675707,0.06174608755836031
NGC4013,180.6649260914912,inf,0.17195543077720427,inf
UGC06399,92.18424833827527,1.20515350890152,2.462022356760371,0.09387878532028586
NGC6195,244.9185012152721,1.615444375294868,0.7552568539440321,0.08940929059444343
NGC4051,159.83389668835713,6.401460683788784,2.1993436203233583,0.4722700445849677
PGC51017,19.000878633584506,inf,0.0010626711502565445,inf
F563-V2,122.6253969376181,3.902434763873781,2.17424720011615,0.18592611889019636
NGC0801,221.57582746789103,3.6180016775508186,1.123866865225189,0.1447832558415565
UGC02259,85.9290969116388,0.9225607199666459,1.085794941922556,0.08671390207915475
NGC3769,121.18728270338494,1.4469193221438539,1.4665232547690354,0.17697879181802392
NGC6674,244.76434267889468,inf,0.09687048379610042,inf
NGC1090,164.79484527358716,0.9210606868776997,2.3522266667201466,0.14442552222436839
