Name,vrot_s[km/s],vrot_s_err[km/s],Rv_s[kpc],Rv_s_err[kpc]
NGC3521,213.10090380222246,0.913565541596399,0.5150380984774496,0.017525624986397526
NGC3877,174.74924480817373,2.4352401497284726,2.3129757190521016,0.15252653122821128
NGC6946,172.96647201348648,1.5140431359151527,1.0930790574570477,0.10500548320151744
NGC0247,92.30880723778375,2.383169589674268,2.4871065308118983,0.1502206028740504
UGC07399,98.79685523386526,1.4157670789877532,0.9905714482850188,0.05600857306034208
NGC7331,240.03137607161756,1.0996723533276627,0.45531379804472144,3.1393482944410653
UGC08699,186.74529811782998,1.4167800830316417,0.1428904813037333,0.16418331242456843
NGC2976,165.04583889064284,16.2056051441951,2.6180766962450033,0.3310222124798191
NGC4157,188.7503127401768,2.334754464729253,1.7810354403612276,0.25408473590583697
NGC3726,161.17487931161637,3.704708238160145,3.0122563783344605,0.412552100248764
NGC1003,105.68951438583241,1.348408535634863,3.1554487665293114,0.3126210820415834
UGC05414,69.37928701820145,1.2872388053785713,1.9526549942670306,0.07861810694089776
NGC7814,218.7888453733749,1.6545181764357266,0.021582135461453926,405880.8345426109
NGC3198,151.745869661653,0.694395842314079,2.4608914573135503,0.07096086026750821
UGC06923,86.03066043914907,3.607063489969967,1.649871736268575,0.22713582494915316
UGC05829,76.96995411143455,4.442842070036499,3.5468670155742927,0.4137782910932531
UGC12632,73.0743739233506,0.5293289068289854,2.2563983595289927,0.06692407231214191
NGC3893,187.05863354469736,2.401647147465637,1.164876457643043,0.11371099314486509
UGC06930,107.79054579163683,0.9126236413339026,2.4641409744979783,0.1159657808003107
UGC12732,89.68636201276652,2.2194224093241885,2.9454369850649655,0.31774141488082813
UGC05986,120.40565442969381,2.1075106364845397,2.0561928275349066,0.11984318905851776
UGC07151,73.95188310853618,1.4869042921701237,1.0999913003596122,0.0786941564115784
NGC4010,133.82478019531052,4.474168732290449,3.3028559723184614,0.339994796042088
NGC4085,146.5685681054627,5.968198473428728,2.050660063135687,0.24329207966612068
UGC08490,78.80884473292868,0.33211404099291714,0.6365689465662475,0.02064902474150744
UGC05918,44.4357335225648,0.592101530923525,1.2016267406285157,0.050858891602716304
UGC02916,212.56194796754622,0.617074382968896,0.2041120566186205,0.21339478240579984
UGC03580,115.16072763613896,1.3627198365564201,1.6880019879771166,0.09956974898690228
UGC06917,108.15984831438507,1.1578649467821776,2.299715055660799,0.08994108517040654
NGC0300,95.58039175836736,0.8830642523167973,2.2925539611471333,0.07538363495208936
UGC05253,244.0428963791405,0.7456906919356387,0.052456095357921874,0.07084175742173691
NGC4217,187.70659080329693,2.25359688170991,1.925438189888955,0.13336940536312433
UGC06787,240.72978938488106,1.4453288948164602,0.09016871213263597,0.17468472548397765
NGC3741,49.531792575563095,1.8854317626532808,1.6809289565026433,0.1756927470953226
UGC06446,81.42997219985449,1.2130195977588871,1.4041474543679717,0.10074570795384276
UGC06628,42.42014820222999,0.24955421746273046,1.056844468292001,0.03212201526857271
UGC10310,74.44825905517799,0.9655607484158975,1.7109195125024759,0.08188316008268583
UGC03546,201.22364870947663,0.6295156099122399,0.02102121558620418,2299059.6199433124
NGC4389,154.04556555594127,11.656709112059492,4.457129212526926,0.5316061501230722
UGC07690,58.5536460711296,1.1353270617717797,0.3635934783407866,0.052067953690920515
NGC3972,136.9740054293706,2.2745612296492963,2.5370191324730857,0.13279882257004985
NGC3917,143.41588943522973,2.3478533038332334,3.3045443028922117,0.18916930406037005
UGC08286,83.1114599850384,0.6273261870687896,1.204580193812985,0.049629893768327764
UGC02953,293.0053451179097,1.5528373199970855,0.42461950064186427,0.0714694574658692
UGC00731,72.83048952231988,1.3927320710422941,2.0995112055252356,0.15331764652839944
DDO064,64.86809311165905,8.143591464566558,1.7170096728083564,0.3665350887834398
UGC07125,65.26866652712575,0.8807424034311879,3.2661834312696123,0.1900278489723608
UGC11914,288.13955379527556,0.6111681477338468,0.38292026940332263,0.010694288230950231
NGC0055,92.4826736602113,1.2148692394403486,3.692980933159226,0.11413556469401279
UGC07232,71.20747823689248,11.1928271986012,0.8743335511404956,0.20159448418798417
UGC06786,223.6521276585919,0.9819916351475843,1.0314558333992194,0.09469875792459582
UGC07577,35.271615942596306,7.281443992256644,2.5127806664786165,0.6744983015471648
IC2574,80.63592797492167,4.000674979855265,6.609943266050083,0.5162479600312698
NGC0891,221.42294770900753,inf,0.003148907411096004,inf
NGC4088,174.28213082842265,2.6796133604823575,2.0886914911214323,0.271346154371529
NGC3949,163.1851474325958,1.399526185778977,1.2346361996197783,0.0418933976796774
UGC02487,344.46975127985326,inf,0.2518882307612609,inf
NGC2403,127.09089134210171,0.5832492964411501,1.2814350935000218,0.04679441731371298
NGC5055,197.10591719484796,2.1679777020255053,0.8146095965006971,0.545167259940777
NGC4100,184.17468193682024,2.8131853276016963,1.7018129041832317,0.334912353889829
NGC4183,110.52179123901244,0.7287989532296182,2.096644399565605,0.08537395705786337
UGC07524,82.61111700022677,0.922845173673872,2.8740601140161863,0.09768260086038351
UGC04278,113.9496808752335,10.750222592925708,4.479739601579888,0.7002062766641686
UGC03205,217.47699324301922,1.0604432772743742,0.8338391000812804,0.12178302958277984
NGC3992,256.2294769713061,5.238118407931284,2.344348000747965,2.0286561038856066
NGC2998,212.08880937490653,1.2266234793776907,1.2536723917568284,0.1947294343157917
UGC07603,64.45612469357226,0.8401647906155805,0.9096077722140116,0.042665974052667144
UGC08550,55.6547157911917,0.906830394942522,0.8050847744047307,0.06584054348290648
NGC3109,81.36345716708203,1.3128679874081184,3.513610242892548,0.09941842074968724
UGC07261,73.72261528029955,1.1542075147310424,0.9957513133831357,0.07580844061885617
UGC06973,172.91741995552724,1.2214728262960073,0.41863834599282435,0.12317845907516187
UGC09133,243.45893524827886,inf,0.0094786302225221,inf
UGC06983,108.75718001152958,1.3288336216001486,2.003977859123087,0.13599719384094006
UGC05721,79.94641790486983,0.9861548681545516,0.5293316451822099,0.03436576603018359
UGC07608,79.82071260404516,3.421710395434362,2.3938089748054354,0.2125164831381554
UGC08837,127.59113474052046,32.59553349018709,8.364078753969858,2.5557881673598715
UGC06667,91.15679966048717,1.1548606026029284,2.4989887624940956,0.0893085256095469
UGC04499,75.60885467329057,0.5002518409632429,2.03539326082282,0.04883948913596595
UGC02023,135.78159572051987,26.31719840594418,6.79207750580039,1.6498833687111272
UGC07323,100.24811739549581,5.809762884335722,3.0522010973359697,0.35362309816691023
UGC09992,33.38671723344616,0.48656285163057156,0.4404222662337853,0.04310520264683928
NGC3953,224.0618805849392,1.4003910119727019,2.130891980345538,0.09600273286282608
NGC2915,83.24800298314297,0.8684668315717659,1.199055590838046,0.0948883073704271
UGC07559,38.00570218457896,1.2115694936215486,1.2763504297499886,0.08430280792491611
NGC2903,199.29213182925943,1.5400495785411674,0.8003545013942822,0.1594921101050569
UGC04305,34.640692461359414,0.9481103324404091,0.8431452366404042,0.12543894379614273
UGC07089,81.48199362700385,2.00730675060404,3.286018172050373,0.19052312843953328
NGC4138,175.22916056638508,inf,0.011171409287082268,inf
UGC11557,91.46855285026173,4.145668332787211,3.4635789325192374,0.40227988219457317
NGC2841,290.49068491081863,inf,0.11785315770607055,inf
UGC06818,105.44780375234197,20.890229844013486,5.381277075095431,1.6864722920159352
UGC01281,70.39064709938876,2.7644933086108674,2.589543680686171,0.19018594192478758
UGC04325,93.99677115558387,1.3353414724665935,1.076788405675707,0.06174608755836031
UGC07866,33.41581992705161,1.2136265560292185,0.7954789268792503,0.07795354484595807
NGC4013,180.6649260914912,inf,0.17195543077720427,inf
UGC06399,92.18424833827527,1.20515350890152,2.462022356760371,0.09387878532028586
NGC7793,100.31537638369055,2.2825510656468526,0.8629987968790912,0.06219280859271823
NGC4051,159.83389668835713,6.401460683788784,2.1993436203233583,0.4722700445849677
UGC02455,91.19964403467229,26.938664044341344,4.086220268011155,1.7683731965046328
NGC3769,121.18728270338494,1.4469193221438539,1.4665232547690354,0.17697879181802392
