nan
9.756937227016284631e-01
9.573320220164073246e-01
9.374899698458675212e-01
9.168952834944745778e-01
8.960139691102526616e-01
8.751610777106472172e-01
8.545542612766522383e-01
8.343443167987181219e-01
8.146344410910881795e-01
7.954932221426307404e-01
7.769637477137608661e-01
7.590702225654405444e-01
7.418228502016720460e-01
7.252214955372450200e-01
7.092584432953946694e-01
6.939205072316084744e-01
6.791906298620559168e-01
6.650491105605063069e-01
6.514745392619198938e-01
6.384445043378028650e-01
6.259361365667476251e-01
6.139265073858983790e-01
6.023929332860682440e-01
5.913131931621878890e-01
5.806656865591591776e-01
5.704295421000521449e-01
5.605846889969502422e-01
5.511118992080776824e-01
5.419928088470026273e-01
5.332099226158170113e-01
5.247466066133131823e-01
5.165870693901438715e-01
5.087163393524595234e-01
5.011202367973667249e-01
4.937853427421009522e-01
4.866989650647587373e-01
4.798491047237994356e-01
4.732244218655732859e-01
4.668142015123639132e-01
4.606083198263103418e-01
4.545972124687046034e-01
4.487718421614890763e-01
4.431236694770107620e-01
4.376446244077217829e-01
4.323270778768222855e-01
4.271638173271324890e-01
4.221480207382793393e-01
4.172732344458826570e-01
4.125333503501085741e-01
4.079225864044058181e-01
4.034354666620381114e-01
3.990668033437843598e-01
3.948116792881689596e-01
3.906654319620224136e-01
3.866236384724839326e-01
3.826821028092056154e-01
3.788368403781612326e-01
3.750840669358871393e-01
3.714201867884242003e-01
3.678417819246431186e-01
3.643456021699313374e-01
3.609285547527150695e-01
3.575876958663274929e-01
3.543202225788281701e-01
3.511234641455780459e-01
3.479948757036055440e-01
3.449320306303436667e-01
3.419326139617652194e-01
3.389944165800168885e-01
3.361153296059924966e-01
3.332933384568247948e-01
3.305265186923277976e-01
3.278130308215508881e-01
3.251511153367470097e-01
3.225390890025733870e-01
3.199753412025966859e-01
3.174583297453449915e-01
3.149865777039609904e-01
3.125586697284467030e-01
3.101732492362192506e-01
3.078290154175948312e-01
3.055247203813191703e-01
3.032591665713633144e-01
3.010312047184013906e-01
2.988397309431101156e-01
2.966836850059456632e-01
2.945620478770794026e-01
2.924738402725128306e-01
2.904181200257513473e-01
2.883939813003312258e-01
2.864005521755949024e-01
2.844369934027562996e-01
2.825024969159490307e-01
2.805962841967760135e-01
2.787176051768893159e-01
2.768657371363524855e-01
2.750399829802365748e-01
2.732396707181909412e-01
2.714641520023073351e-01
2.697128012753762794e-01
2.679850144558634795e-01
2.662802084562457816e-01
2.645978201194048030e-01
2.629373055732893150e-01
2.612981388465250299e-01
2.596798117816801477e-01
2.580818329646129006e-01
2.565037271271304875e-01
2.549450345003084206e-01
2.534053101797574259e-01
2.518841236049060295e-01
2.503810579725040397e-01
2.488957096405818303e-01
2.474276876293065863e-01
2.459766132356204504e-01
2.445421193118319236e-01
2.431238500927091761e-01
2.417214605909816794e-01
2.403346163466074936e-01
2.389629927944496302e-01
2.376062748137534042e-01
