nan
9.784277989661527286e-01
9.620390918692667270e-01
9.442492135892598393e-01
9.256985930091944370e-01
9.068014868784480820e-01
8.878421119668657990e-01
8.690206851148871703e-01
8.504794647388735918e-01
8.323190986999611241e-01
8.146096091010555096e-01
7.973981505189592367e-01
7.807146346081843546e-01
7.645759360230790502e-01
7.489890573955810815e-01
7.339535633106806234e-01
7.194634510431892060e-01
7.055085998783211521e-01
6.920758977444658733e-01
6.791501214288070409e-01
6.667146146494956627e-01
6.547518208364563330e-01
6.432436916508423863e-01
6.321720036929715514e-01
6.215185943741815544e-01
6.112655487657581155e-01
6.013953316242315328e-01
5.918908864485583621e-01
5.827357039480756118e-01
5.739138685103168935e-01
5.654100864733808685e-01
5.572097017731897362e-01
5.492986987583138303e-01
5.416636990605004920e-01
5.342919508733114942e-01
5.271713137724424181e-01
5.202902408032790138e-01
5.136377581470435993e-01
5.072034425012844627e-01
5.009773986354472131e-01
4.949502352760976609e-01
4.891130425705081386e-01
4.834573676331386793e-01
4.779751921337920262e-01
4.726589115337720970e-01
4.675013117572732746e-01
4.624955485744859929e-01
4.576351296662096724e-01
4.529138936337658849e-01
4.483259927146065471e-01
4.438658754117373872e-01
4.395282708003604433e-01
4.353081718992755644e-01
4.312008216569096497e-01
4.272016992742505570e-01
4.233065070126948437e-01
4.195111575935729364e-01
4.158117623533318929e-01
4.122046213150385996e-01
4.086862119605076948e-01
4.052531799706373117e-01
4.019023296527118316e-01
3.986306146484423496e-01
3.954351320419724480e-01
3.923131120645051428e-01
3.892619127231816134e-01
3.862790126454775930e-01
3.833620037721623408e-01
3.805085863254987211e-01
3.777165627444508123e-01
3.749838326598564642e-01
3.723083873412826872e-01
3.696883052398764469e-01
3.671217478615549368e-01
3.646069548124017401e-01
3.621422407221780992e-01
3.597259907927828348e-01
3.573566573978965155e-01
3.550327570208975381e-01
3.527528668896334207e-01
3.505156219189686229e-01
3.483197124526867250e-01
3.461638806188281903e-01
3.440469187325340128e-01
3.419676668500732930e-01
3.399250100704631072e-01
3.379178768204628147e-01
3.359452362724035246e-01
3.340060971710496207e-01
3.320995055228813664e-01
3.302245433093985438e-01
3.283803262506447829e-01
3.265660024076376677e-01
3.247807516147117601e-01
3.230237833414298931e-01
3.212943351463182773e-01
3.195916722241423646e-01
3.179150854987502495e-01
3.162638908950237138e-01
3.146374283288883578e-01
3.130350602332885313e-01
3.114561711761324458e-01
3.099001663076096924e-01
3.083664712718939271e-01
3.068545306926341865e-01
3.053638077857742106e-01
3.038937835724125347e-01
3.024439560322231269e-01
3.010138392642388028e-01
2.996029633884717547e-01
2.982108733855856619e-01
2.968371289511017586e-01
2.954813031922791655e-01
2.941429829599194745e-01
2.928217676537251402e-01
2.915172692930366183e-01
2.902291116507513813e-01
2.889569299718545703e-01
2.877003704357409819e-01
2.864590899475559227e-01
2.852327555979173312e-01
2.840210438355048606e-01
