nan
9.662422782922087672e-01
9.412288851738092044e-01
9.145999523964921663e-01
8.873766250788074350e-01
8.601858794057781754e-01
8.334272752390674555e-01
8.073558605099725449e-01
7.821302359271292692e-01
7.578429895377535308e-01
7.345410168890131875e-01
7.122395179199016990e-01
6.909318667644075429e-01
6.705966321034481092e-01
6.512026019002002952e-01
6.327124101024368397e-01
6.150851187743215931e-01
5.982780750451930363e-01
5.822482184640982439e-01
5.669529917412680087e-01
5.523509637293551044e-01
5.384022399950949556e-01
5.250687154900075537e-01
5.123142181860061983e-01
5.001045729841488985e-01
4.884076060455786461e-01
4.771931101949566378e-01
4.664327829391282654e-01
4.561001493302639931e-01
4.461704709475682873e-01
4.366206510054732592e-01
4.274291371450397725e-01
4.185758243891604113e-01
4.100419597641420388e-01
4.018100519151556749e-01
3.938637833368416885e-01
3.861879280205935960e-01
3.787682735675869661e-01
3.715915484232143462e-01
3.646453538912822756e-01
3.579181010055536571e-01
3.513989509767846409e-01
3.450777617132727015e-01
3.389450363221570561e-01
3.329918765486373222e-01
3.272099401281618469e-01
3.215914000647813742e-01
3.161289084389923287e-01
3.108155620094231741e-01
3.056448709768497252e-01
3.006107298235760616e-01
2.957073903310165064e-01
2.909294375038973257e-01
2.862717660463325320e-01
2.817295593976307799e-01
2.772982703522037795e-01
2.729736028283297200e-01
2.687514952618968445e-01
2.646281050705012738e-01
2.605997945158425311e-01
2.566631172097107449e-01
2.528148055771892722e-01
2.490517599634828050e-01
2.453710378019166305e-01
2.417698438444966236e-01
2.382455209921779116e-01
2.347955415044887806e-01
2.314174999880089512e-01
2.281091048318620029e-01
2.248681723005625799e-01
2.216926196643778380e-01
2.185804594492920805e-01
2.155297938700282134e-01
2.125388094685140838e-01
2.096057725795100191e-01
2.067290247201329922e-01
2.039069783742712416e-01
2.011381129694771175e-01
1.984209710484926004e-01
1.957541551622046239e-01
1.931363244872590923e-01
1.905661916097076136e-01
1.880425200222298199e-01
1.855641211755324760e-01
1.831298520885478731e-01
1.807386130272540803e-01
1.783893452077592867e-01
1.760810288657725098e-01
1.738126811181414377e-01
1.715833541795819817e-01
1.693921336922711296e-01
1.672381371671300687e-01
1.651205123317082968e-01
1.630384357538433582e-01
1.609911113975569519e-01
1.589777694420658194e-01
1.569976649429708770e-01
1.550500768390832840e-01
1.531343068411437358e-01
1.512496783757254770e-01
1.493955356842531501e-01
1.475712426818211465e-01
1.457761823709514126e-01
1.440097559659442861e-01
1.422713820180897815e-01
1.405604957319009085e-01
1.388765483563367820e-01
1.372190065055407804e-01
1.355873513889807314e-01
1.339810784272440214e-01
1.323996966177928003e-01
1.308427278575886310e-01
1.293097066458817612e-01
1.278001795351146053e-01
1.263137046920063677e-01
1.248498514436344742e-01
1.234081998320381290e-01
1.219883402921323468e-01
1.205898731827597103e-01
1.192124084971202258e-01
1.178555655652373940e-01
1.165189726247537055e-01
