nan nan nan 3.509732419662628944e-01 4.011154614805489405e-01 4.727557236740697610e-01 5.265892737499516807e-01 6.962631314658276338e-01 7.689814286278281452e-01 8.655477429607846274e-01
nan nan nan 3.450017896609091084e-01 3.950455052620217566e-01 4.666524698032453733e-01 5.205477660361852443e-01 6.910190126964023127e-01 7.644621368256148131e-01 8.624958870002125133e-01
nan nan nan 3.391493787061770626e-01 3.890837973476287126e-01 4.606400293731935935e-01 5.145826671516673390e-01 6.858011278679254641e-01 7.599485917017031467e-01 8.594320923117024780e-01
nan nan 1.975346869129624705e-01 3.334187422822993407e-01 3.832339161981330178e-01 4.547231075273498457e-01 5.086993457436020938e-01 6.806159619132061689e-01 7.554469502787197754e-01 8.563608378067792959e-01
nan nan 1.926187023564521483e-01 3.278126280702753914e-01 3.774995064937902156e-01 4.489064669969431431e-01 5.029033090754324586e-01 6.754703205799872379e-01 7.509637000260024342e-01 8.532869528447147855e-01
nan nan 1.878434993975199863e-01 3.223337873062612768e-01 3.718842008814593481e-01 4.431949213981760671e-01 4.972001770724959746e-01 6.703712614849480778e-01 7.465056952599796736e-01 8.502156354858151355e-01
nan nan 1.832090327811890518e-01 3.169849488638942225e-01 3.663916722848781227e-01 4.375933897312281884e-01 4.915956954870281392e-01 6.653261615954366714e-01 7.420801443452095247e-01 8.471524562774030986e-01
nan nan 1.787151893936448077e-01 3.117688708509224194e-01 3.610256397658204719e-01 4.321068582376207945e-01 4.860957190051571897e-01 6.603426569848206418e-01 7.376946071477655797e-01 8.441033564674399470e-01
nan nan 1.743618635225904212e-01 3.066883121698895098e-01 3.557898614852003649e-01 4.267404302975438823e-01 4.807062371533555312e-01 6.554286848581081237e-01 7.333569927929673993e-01 8.410746614213542305e-01
nan nan 1.701488906770826925e-01 3.017460743038665738e-01 3.506881118349521875e-01 4.214992489911491003e-01 4.754333888702256816e-01 6.505924452923690371e-01 7.290755586825128365e-01 8.380730616784505260e-01
nan nan 1.660761158908914681e-01 2.969449487710623670e-01 3.457242524156276531e-01 4.163885773624798059e-01 4.702833630429760770e-01 6.458423939708414219e-01 7.248588845429423388e-01 8.351055997305453227e-01
nan nan 1.621433629258156872e-01 2.922877838968824804e-01 3.409021689796773447e-01 4.114137310515495471e-01 4.652625200481897982e-01 6.411872253899441043e-01 7.207158431621722983e-01 8.321796503887871621e-01
nan nan 1.583504631950216068e-01 2.877774325001808409e-01 3.362257663815448883e-01 4.065800945500421815e-01 4.603772784432820786e-01 6.366358348012488566e-01 7.166555695415874894e-01 8.293028809873177476e-01
nan nan 1.546972575866413790e-01 2.834167621114856983e-01 3.316990104020405838e-01 4.018931024485101200e-01 4.556341155881681870e-01 6.321972643537560055e-01 7.126874048029955278e-01 8.264832031677795676e-01
nan nan 1.511836006422978551e-01 2.792086795129751775e-01 3.273258540099270864e-01 3.973581967728448405e-01 4.510395475434284540e-01 6.278806569679690197e-01 7.088208282189522036e-01 8.237287039402770850e-01
nan nan 1.478093493553454818e-01 2.751560363673145049e-01 3.231102392753187336e-01 3.929808176454173130e-01 4.466000669290027258e-01 6.236951694091791287e-01 7.050653705056955101e-01 8.210475603436293568e-01
nan nan 1.445743891278998550e-01 2.712616894449485505e-01 3.190560585266228877e-01 3.887663114056877922e-01 4.423220817339538757e-01 6.196498667945876671e-01 7.014304970142890561e-01 8.184479337088660378e-01
nan nan 1.414785988916599790e-01 2.675284029844502420e-01 3.151671186875855124e-01 3.847199027385544423e-01 4.382118342432438363e-01 6.157536248582566873e-01 6.979254882998305876e-01 8.159378373790662220e-01
nan nan 1.385218643412484685e-01 2.639588347903390475e-01 3.114470383876659643e-01 3.808465965558709976e-01 4.342753221534340624e-01 6.120149538755624841e-01 6.945592621381226905e-01 8.135249847492249664e-01
nan nan 1.357040588046397878e-01 2.605554460972155373e-01 3.078992220723345552e-01 3.771510647611762135e-01 4.305181410955293830e-01 6.084418524624483071e-01 6.913402010771804163e-01 8.112166115312017256e-01
nan nan 1.330249931520760265e-01 2.573204662686316424e-01 3.045267348900619342e-01 3.736375603550327607e-01 4.269453896394764247e-01 6.050415967433501185e-01 6.882759388364518838e-01 8.090192823136321820e-01
nan nan 1.304844206101260229e-01 2.542557873041359495e-01 3.013322073030094694e-01 3.703097464516909021e-01 4.235614781778564431e-01 6.018205327341363819e-01 6.853731288752763495e-01 8.069386814510620676e-01
nan nan 1.280819773916447857e-01 2.513628314140131104e-01 2.983177008361854732e-01 3.671705521432388486e-01 4.203699679466890160e-01 5.987838513775132210e-01 6.826372086623478941e-01 8.049794006394687118e-01
nan nan 1.258171333100822353e-01 2.486424932686076283e-01 2.954845848260781449e-01 3.642220249458959502e-01 4.173733897354753863e-01 5.959353423939266481e-01 6.800721606936618313e-01 8.031447338456562113e-01
nan nan 1.236891367942490189e-01 2.460949659080222673e-01 2.928333819198203347e-01 3.614651351338953322e-01 4.145730469518110750e-01 5.932771777416577796e-01 6.776802917503444990e-01 8.014364971888573441e-01
nan nan 1.216969516078980490e-01 2.437196437182695408e-01 2.903636406209396115e-01 3.588996353473573042e-01 4.119688471873724223e-01 5.908097211493572587e-01 6.754620384737284322e-01 7.998548861240952768e-01
nan nan 1.198391712652811247e-01 2.415149955868099718e-01 2.880737664991866454e-01 3.565238921312479659e-01 4.095591368064037119e-01 5.885313665404977579e-01 6.734158330062037789e-01 7.983983923720763265e-01
nan nan 1.181139629764631632e-01 2.394784394932554517e-01 2.859609462070955010e-01 3.543347823733140611e-01 4.073406004909793099e-01 5.864384462326832637e-01 6.715380396412722330e-01 7.970637875335470079e-01
4.023021627768066238e-02 nan 1.165189726247537055e-01 2.376062748137534042e-01 2.840210438355048606e-01 3.523276131081384266e-01 4.053081835646681341e-01 5.845252302010141010e-01 6.698229739118654047e-01 7.958461902807801858e-01
3.907720001727767872e-02 nan 1.150512675066374807e-01 2.358936161341441407e-01 2.822485611426476249e-01 3.504961043004261034e-01 4.034551000636415474e-01 5.827839859699334157e-01 6.682630129365962901e-01 7.947392108859444582e-01
3.800580426267931300e-02 7.475997462373336344e-02 1.137072616027133692e-01 2.343343779555486506e-01 2.806366426737253450e-01 3.488324313176235369e-01 4.017728997704695382e-01 5.812051588095208388e-01 6.668488018513610838e-01 7.937351721170728958e-01
3.701447901109917310e-02 7.362964492302097319e-02 1.124826910047864725e-01 2.329213047500546807e-01 2.791771407721060361e-01 3.473273229950243901e-01 4.002516111211165684e-01 5.797776111979477953e-01 6.655695260823457637e-01 7.928253770096670427e-01
3.610156776706667514e-02 7.260042771927167904e-02 1.113725727916132641e-01 2.316460439574391794e-01 2.778607107692113720e-01 3.459702238375924610e-01 3.988799236252609792e-01 5.784889064208175169e-01 6.644132268096597516e-01 7.920003926448635490e-01
3.526525519947172616e-02 7.166833139247540119e-02 1.103712087333591357e-01 2.304992359546316205e-01 2.766769513823942872e-01 3.447494649640812092e-01 3.976454043805735528e-01 5.773255886987835872e-01 6.633670862126597179e-01 7.912502880907666958e-01
3.450351056077877177e-02 7.082881711668492786e-02 1.094722069824540928e-01 2.294706210225632703e-01 2.756145149426096341e-01 3.436523988131486296e-01 3.965346341133351160e-01 5.762733616648844093e-01 6.624175920963558672e-01 7.905647477592069317e-01
3.381402953343875389e-02 7.007679007911866986e-02 1.086685074675542567e-01 2.285490725092317321e-01 2.746611404651155830e-01 3.426654131430885153e-01 3.955332033806894798e-01 5.753170114814654124e-01 6.615504536389478218e-01 7.899329487534528793e-01
3.319417807821242739e-02 6.940660130212385204e-02 1.079523988743967405e-01 2.277225281073168295e-01 2.738035109192164529e-01 3.417736868197784328e-01 3.946254118183633586e-01 5.744399462608037465e-01 6.607500972269719774e-01 7.893430830812770971e-01
3.264094260561389849e-02 6.881206498859987475e-02 1.073155123931875399e-01 2.269776679885881776e-01 2.730268136514542587e-01 3.409605695950321813e-01 3.937934949140601271e-01 5.736231370812177044e-01 6.599985911383068338e-01 7.887814214785927591e-01
3.215089116844309369e-02 6.828646368354082674e-02 1.067487359238245559e-01 2.262992950905354794e-01 2.723138755084401064e-01 3.402063988299969810e-01 3.930162563178500879e-01 5.728433587268392246e-01 6.592738983473644954e-01 7.882308886010490623e-01
3.172015018272258263e-02 6.782253889168220196e-02 1.062420241530244169e-01 2.256692984831671633e-01 2.716438158652825230e-01 3.394867429361559386e-01 3.922670255339205103e-01 5.720707249480623258e-01 6.585475165304952583e-01 7.876692582899945672e-01
3.134440020321863779e-02 6.741243832172559569e-02 1.057840628005858458e-01 2.250652010945108084e-01 2.709902043619358825e-01 3.387700550103611152e-01 3.915110331265106436e-01 5.712657447812468092e-01 6.577817726634290763e-01 7.870672584998662513e-01
3.101889237588863549e-02 6.704760228730777261e-02 1.053617694197912652e-01 2.244583770127853983e-01 2.703188575254995563e-01 3.380150252505392250e-01 3.907025092231674046e-01 5.703763880064592895e-01 6.569272946447607398e-01 7.863870503894820896e-01
3.073848430490506989e-02 6.671856935016538814e-02 1.049596452317070050e-01 2.238121360265215021e-01 2.695856125465102560e-01 3.371680157557839785e-01 3.897820182451525728e-01 5.693358684360466659e-01 6.559213709067391873e-01 7.855816284577481490e-01
3.049769031094395899e-02 6.641469499570393231e-02 1.045590070329508459e-01 2.230800256408734528e-01 2.687344785264691449e-01 3.361612147668665007e-01 3.886747259781737074e-01 5.680619362346168710e-01 6.546879236608886821e-01 7.845956188597760228e-01
3.029073667925386362e-02 6.612377566722596467e-02 1.041372067839954202e-01 2.222047716253556793e-01 2.676967446901676873e-01 3.349121360165447925e-01 3.872903046468716415e-01 5.664583708515331661e-01 6.531396407290298578e-01 7.833677074438849530e-01
3.011160796718711022e-02 6.583161216995241094e-02 1.036669594858482812e-01 2.211183033650465368e-01 2.663915362414885912e-01 3.333250429482743638e-01 3.855250425069433051e-01 5.644189894956992415e-01 6.511823970739329948e-01 7.818345658245163809e-01
2.995406641529795716e-02 6.552155150162057573e-02 1.031159512049069499e-01 2.197432280779082481e-01 2.647281904737786018e-01 3.312946046711818249e-01 3.832663798299056901e-01 5.618339976625420507e-01 6.487216011816657746e-01 7.799357730629992158e-01
2.981162392682330103e-02 6.517408577022598681e-02 1.024469069319332432e-01 2.179959510727254857e-01 2.626105605493411210e-01 3.287117117949163170e-01 3.803996540958241024e-01 5.585979752583569713e-01 6.456696320797947752e-01 7.776189776182965696e-01
2.967744627876591282e-02 6.476660630876161784e-02 1.016182892949418909e-01 2.157913735408690803e-01 2.599430196803533821e-01 3.254709688115765553e-01 3.768163717291395098e-01 5.546184048523921106e-01 6.419532677411673438e-01 7.748444861925121163e-01
2.954417416544390801e-02 6.427343987910641432e-02 1.005857505470044572e-01 2.130488215923803941e-01 2.566375957817275677e-01 3.214790137995151564e-01 3.724229875717179339e-01 5.498235062667850004e-01 6.375199951141357069e-01 7.715886090217978222e-01
