nan nan nan 1.807262877024340852e+01 2.012658674572693229e+01 2.295562866077516873e+01 2.500506263421158692e+01 3.102658330347588134e+01 3.336854673051947628e+01 3.616618236852252721e+01
nan nan nan 2.037843798725994304e+01 2.269455761750149136e+01 2.588463828202402794e+01 2.819556155300156775e+01 3.498487726847711343e+01 3.762511321221595750e+01 4.077853429430997068e+01
nan nan nan 2.297850195900832304e+01 2.559023977758844026e+01 2.918743733179194422e+01 3.179321964359115071e+01 3.944825628437752840e+01 4.242476025469695600e+01 4.597922854056358233e+01
nan nan 1.722493046430500385e+01 2.591036551020727785e+01 2.885545514201020012e+01 3.291173156140019529e+01 3.585000010795398850e+01 4.448117428068169943e+01 4.783679624988192813e+01 5.184333534583433334e+01
nan nan 1.942231172938452133e+01 2.921636464692259594e+01 3.253736035524340053e+01 3.711131167688652255e+01 4.042449350296837451e+01 5.015632329471956297e+01 5.393937155551239471e+01 5.845550622726203471e+01
nan nan 2.190006359097596089e+01 3.294424306615624687e+01 3.668912544250120078e+01 4.184682384936920840e+01 4.558277468278982525e+01 5.655566237531580498e+01 6.082061223433315433e+01 6.591120087727094301e+01
nan nan 2.469395592771525827e+01 3.714782944344069193e+01 4.137070835645652522e+01 4.718666858328836611e+01 5.139934196528916743e+01 6.377162002493800941e+01 6.857989852276095633e+01 7.431806441930687868e+01
nan nan 2.784431677775340930e+01 4.188782489684427901e+01 4.664971604341963740e+01 5.320795884326638259e+01 5.795820363100897055e+01 7.190841689474336818e+01 7.732928963077318940e+01 8.379747950677547408e+01
nan nan 3.139662520780449029e+01 4.723266865695202199e+01 5.260238191010230935e+01 5.999766064357133644e+01 6.535408799556381609e+01 8.108358048453204958e+01 8.719514855861721969e+01 9.448633340563698368e+01
nan nan 3.540215723935170189e+01 5.325953858473296521e+01 5.931465984856166074e+01 6.765382542215013473e+01 7.369381859157543602e+01 9.142963377439649264e+01 9.831997309881452907e+01 1.065389818599846166e+02
nan nan 3.991873403757576710e+01 6.005545462466781714e+01 6.688347982801960256e+01 7.628702349415164008e+01 8.309783326609972676e+01 1.030960086318075923e+02 1.108644420001007234e+02 1.201294851912512627e+02
nan nan 4.501154283186047422e+01 6.771854115408005725e+01 7.541813569805654538e+01 8.602192945024589221e+01 9.370195067691085455e+01 1.162512177451795736e+02 1.250097471536111584e+02 1.354541248240145705e+02
nan nan 5.075409634875963860e+01 7.635943471722092113e+01 8.504185663037378617e+01 9.699911918842980185e+01 1.056593150641001841e+02 1.310852690791401756e+02 1.409602011505069470e+02 1.527342389499938520e+02
nan nan 5.722928680110171484e+01 8.610288932304602838e+01 9.589359963610253601e+01 1.093771122573375436e+02 1.191426010800242068e+02 1.478124184629989770e+02 1.589461876409416163e+02 1.722194163633486141e+02
nan nan 6.453056551983678446e+01 9.708957648060514600e+01 1.081300453390025638e+02 1.233346388622592542e+02 1.343465249197417677e+02 1.666742607658829343e+02 1.792274963882183840e+02 1.941911004779996119e+02
nan nan 7.276331617933266216e+01 1.094781009777512395e+02 1.219278615806179005e+02 1.390732418377914996e+02 1.514906287441217216e+02 1.879432100354510737e+02 2.020970575802735141e+02 2.189666528235333089e+02
nan nan 8.204636409735053348e+01 1.234473084271706966e+02 1.374862445106634539e+02 1.568201558569161023e+02 1.708224715191894916e+02 2.119264368136110193e+02 2.278851739069110351e+02 2.469039329314168754e+02
nan nan 9.251368745563360108e+01 1.391988503054250543e+02 1.550298122584600264e+02 1.768316152359510340e+02 1.926211766950669357e+02 2.389702907257121183e+02 2.569642904545065107e+02 2.784064574341815046e+02
nan nan 1.043163479501973967e+02 1.569601036258682996e+02 1.748118148111596781e+02 1.993965272313268713e+02 2.172014784949081445e+02 2.694652995580700576e+02 2.897543519355903641e+02 3.139292216591449005e+02
nan nan 1.176246999048467359e+02 1.769874317456048516e+02 1.971178128303311041e+02 2.248406411445621416e+02 2.449182418564935233e+02 3.038517994638252731e+02 3.267288689954215783e+02 3.539852544256216902e+02
nan nan 1.326307953244652538e+02 1.995699135905778121e+02 2.222697834804755530e+02 2.535312655781471847e+02 2.761715984870741636e+02 3.426262778060723804e+02 3.684217344172918729e+02 3.991530160764415314e+02
nan nan 1.495511984925624915e+02 2.250334973781457109e+02 2.506307703255799879e+02 2.858825399562189773e+02 3.114127011198265222e+02 3.863485352055265025e+02 4.154349251154235958e+02 4.500847286193287573e+02
nan nan 1.686301124129256550e+02 2.537456765806396390e+02 2.826101103988136742e+02 3.223614171000293709e+02 3.511502325670056166e+02 4.356497589372175412e+02 4.684471719277661350e+02 5.075157759765398851e+02
nan nan 1.901428610450969927e+02 2.861208481599720130e+02 3.186693560404641516e+02 3.634944116806533430e+02 3.959577553684648592e+02 4.912416123663854819e+02 5.282237449975268646e+02 5.722752896924251900e+02
nan nan 2.143999079807788348e+02 3.226262423694312815e+02 3.593289187117948131e+02 4.098751742896718611e+02 4.464819730883104967e+02 5.539265006283272896e+02 5.956274905846555612e+02 6.452981088727145789e+02
nan nan 2.417513097108331692e+02 3.637886953992197050e+02 4.051755961082578210e+02 4.621730818336677089e+02 5.034520625972839412e+02 6.246091510557770334e+02 6.716312657303795959e+02 7.276382454612049742e+02
nan nan 2.725917901760624886e+02 4.102022400384278171e+02 4.568710180366284135e+02 5.211428669771712521e+02 5.676901922182994440e+02 7.043096560784450730e+02 7.573319675271004598e+02 8.204840779375227839e+02
nan nan 3.073664241139923661e+02 4.625366772658550190e+02 5.151612130937688789e+02 5.876355399610872610e+02 6.401234031226564412e+02 7.941781914715181756e+02 8.539663689876742865e+02 9.251754855853239405e+02
1.964383478364073028e+02 nan 3.465770571550685872e+02 5.215472569128045279e+02 5.808873701603429254e+02 6.626106493538534323e+02 7.217969645525480473e+02 8.955116110626710224e+02 9.629289352864793727e+02 1.043223158401962792e+03
2.214972511081067523e+02 nan 3.907895740774062574e+02 5.880855669921264735e+02 6.549979787021868560e+02 7.471501398880684519e+02 8.138894593654625851e+02 1.009772117338193425e+03 1.085791897753182411e+03 1.176330289413274159e+03
2.497528788276614193e+02 3.538067355330363171e+02 4.406420245978823118e+02 6.631117943313590786e+02 7.385624689268522616e+02 8.424738843560716077e+02 9.177297100620628498e+02 1.138608194077932694e+03 1.224327733098702538e+03 1.326416830914925413e+03
2.816130439258405431e+02 3.989404166000383611e+02 4.968538576857482667e+02 7.477084961117873263e+02 8.327865277155984813e+02 9.499570978840819180e+02 1.034815702877347803e+03 1.283877910751308264e+03 1.380534045767726639e+03 1.495646153174716346e+03
3.175375854129482605e+02 4.498315980316842797e+02 5.602362266975751481e+02 8.430959450890046583e+02 9.390290877532020204e+02 1.071149603171392300e+03 1.166835403298068059e+03 1.447674182066237336e+03 1.556660434235585853e+03 1.686453314137093912e+03
3.580450039577293637e+02 5.072146863592574846e+02 6.317035636400736394e+02 9.506489798209361197e+02 1.058820870787113108e+03 1.207796587071696649e+03 1.315689137731722667e+03 1.632351097773515903e+03 1.755235878183549858e+03 1.901572795071841711e+03
4.037199424516686577e+02 5.719176598259330149e+02 7.122864326723010890e+02 1.071915012517194100e+03 1.193883910273054653e+03 1.361859971048396119e+03 1.483512087438134813e+03 1.840548739510339828e+03 1.979093492111921705e+03 2.144061187540634819e+03
4.552216180582789207e+02 6.448737921940510205e+02 8.031455729709757634e+02 1.208632246030999340e+03 1.346150696559359403e+03 1.535538450719321872e+03 1.672694612204714304e+03 2.075211934659851067e+03 2.231386919284671421e+03 2.417306991188062057e+03
5.132933245607237041e+02 7.271346586324032160e+02 9.055869377086921759e+02 1.362746571846151028e+03 1.517780679750534318e+03 1.731282732554740051e+03 1.885896068397109730e+03 2.339595583207664276e+03 2.515589242329366243e+03 2.725015876862920777e+03
5.787731365609457725e+02 8.198843973969167109e+02 1.021077234170847760e+03 1.536424240496048014e+03 1.711170472572249309e+03 1.951801043649208623e+03 2.126045826125425265e+03 2.637246427909444719e+03 2.835462661020473661e+03 3.071157295697509198e+03
6.526059591559792352e+02 9.244550488816973939e+02 1.151259095142298747e+03 1.732056918762131545e+03 1.928952945873576709e+03 2.200048234213769774e+03 2.396323980232234135e+03 2.971950035989714706e+03 3.194986279448062305e+03 3.459858926078517470e+03
7.358570766017704727e+02 1.042342731788583478e+03 1.297964772305479300e+03 1.952254639393122716e+03 2.173979802368504352e+03 2.479191901554501783e+03 2.700113757400568375e+03 3.347633273720595298e+03 3.598232498598274105e+03 3.895241552850296102e+03
8.297273581365583368e+02 1.175224172315293799e+03 1.463226832079030828e+03 2.199822512445202392e+03 2.449282812410976021e+03 2.792549709140220784e+03 3.040920066586016219e+03 3.768218459115587393e+03 4.049190491416647546e+03 4.381199032506640833e+03
9.355702742991402374e+02 1.324972932795610404e+03 1.649284227225728273e+03 2.477718232253695078e+03 2.758010673472958842e+03 3.143496149488029005e+03 3.422253229608043512e+03 4.237434992310072630e+03 4.551547550711736221e+03 4.921143786145501508e+03
1.054910856074473713e+03 1.493674507364129568e+03 1.858582249130716036e+03 2.788989689594751326e+03 3.103342472209365496e+03 3.535341898668554222e+03 3.847483926531798716e+03 4.758606118148439236e+03 5.108452708154522043e+03 5.517753221675359782e+03
1.189466683123660459e+03 1.683639406851024660e+03 2.093765037213385767e+03 3.136695342829498713e+03 3.488382653082329853e+03 3.971195685392277028e+03 4.319682851196685988e+03 5.334438569932388418e+03 5.722297377569680975e+03 6.172760587655029667e+03
1.341170904727333436e+03 1.897413012868337319e+03 2.357660121444073866e+03 3.523813502021031127e+03 3.916047412471290500e+03 4.453823642238082357e+03 4.841464604045876513e+03 5.966848078364614594e+03 6.394550691196901425e+03 6.886830737623967252e+03
1.512197165395213005e+03 2.137781270348149519e+03 2.653255079237046175e+03 3.953149538316333292e+03 4.388955277934120204e+03 4.985524466206162288e+03 5.414857754115855641e+03 6.656850700144530492e+03 7.125680197478437549e+03 7.659546646313243400e+03
1.704986115476676559e+03 2.407771199597073974e+03 2.983667292570942664e+03 4.427251515645974905e+03 4.909335629207912461e+03 5.568037955633628371e+03 6.041220550398236810e+03 7.404539498810751866e+03 7.915173360234592110e+03 8.489510471034282091e+03
1.922272931795386057e+03 2.710645332181610229e+03 3.352108565855327925e+03 4.948344497945460716e+03 5.478967307123702085e+03 6.202500089980152552e+03 6.721215191017345205e+03 8.209150538567395415e+03 8.761656046018029883e+03 9.374540488568809451e+03
2.167114961409087755e+03 3.049889482297006452e+03 3.761846893898993585e+03 5.518291442138277489e+03 6.099155248169914557e+03 6.889450771140555844e+03 7.454843864055399536e+03 9.069206313673797922e+03 9.663086875147962928e+03 1.031192911378255303e+04
2.442918250828425244e+03 3.429193737543242605e+03 4.216168113410542901e+03 6.138585080758195545e+03 6.770747644447414132e+03 7.628892284728406594e+03 8.241540326731274035e+03 9.982712738597412681e+03 1.061699546201947305e+04 1.129872117343964419e+04
