nan nan nan 5.356138522214849429e-01 5.830992061789793679e-01 6.470929993625603727e-01 6.923770063255605400e-01 8.186399844684761895e-01 8.635684594665655744e-01 9.118595350197412630e-01
nan nan nan 5.212265972704920314e-01 5.685539985026903942e-01 6.324879683555673093e-01 6.778661380728636665e-01 8.054561412743745930e-01 8.516041802565372798e-01 9.021572414549535734e-01
nan nan nan 5.071548445503262226e-01 5.542758719208473739e-01 6.180715144117705506e-01 6.634770046023723555e-01 7.921332940246101906e-01 8.393706247274336230e-01 8.920355463006134356e-01
nan nan 3.512332012945290072e-01 4.934136042140073175e-01 5.402850049757915718e-01 6.038714375776623733e-01 6.492433997780787669e-01 7.787235755492388778e-01 8.269247638641775699e-01 8.815475826800063253e-01
nan nan 3.391095103420949664e-01 4.800162865241980326e-01 5.265998926745691922e-01 5.899138449317534727e-01 6.351973406409218148e-01 7.652780876134798183e-01 8.143236644552190873e-01 8.707496977663535809e-01
nan nan 3.274074208135194786e-01 4.669749355822615522e-01 5.132375409324326787e-01 5.762232296994942438e-01 6.213692331189224483e-01 7.518465732699306514e-01 8.016239492105196041e-01 8.597004578947127218e-01
nan nan 3.161255172588079976e-01 4.543002806969126950e-01 5.002135264526323954e-01 5.628224487419339894e-01 6.077877477925971439e-01 7.384772655274933761e-01 7.888813869935850098e-01 8.484597380768936770e-01
nan nan 3.052615073346219843e-01 4.420018101143741718e-01 4.875420649671376450e-01 5.497328673838093316e-01 5.944799354289237447e-01 7.252167246690889302e-01 7.761504677637370841e-01 8.370879409019603701e-01
nan nan 2.948122887955417215e-01 4.300879447737088190e-01 4.752361317331369461e-01 5.369743786365156479e-01 5.814712308749416803e-01 7.121096243897075961e-01 7.634841278645936313e-01 8.256452987928925014e-01
nan nan 2.847738329275027458e-01 4.185661078245508926e-01 4.633075414458938668e-01 5.245654921372416846e-01 5.687855148720236675e-01 6.991987084583903833e-01 7.509335116493824902e-01 8.141912815875809173e-01
nan nan 2.751413637242836607e-01 4.074427597660051914e-01 4.517670172412043827e-01 5.125233781123772481e-01 5.564451386602665695e-01 6.865247118591869535e-01 7.385477259105840409e-01 8.027840868587854395e-01
nan nan 2.659095821758125089e-01 3.967235439672266439e-01 4.406242585985874483e-01 5.008639222809602165e-01 5.444709616525873486e-01 6.741262227791697814e-01 7.263736790163682899e-01 7.914801857419777598e-01
nan nan 2.570731519299166434e-01 3.864133094753687270e-01 4.298879992288153762e-01 4.896017739329865948e-01 5.328823735566130537e-01 6.620396747900798573e-01 7.144559150055983521e-01 7.803339271868590110e-01
nan nan 2.486268883201235014e-01 3.765161826882110208e-01 4.195660683028402116e-01 4.787503656696292520e-01 5.216973131859631296e-01 6.502992214418000794e-01 7.028364360975285496e-01 7.693971738243122749e-01
nan nan 2.405656878165665091e-01 3.670356712406752653e-01 4.096654275681927970e-01 4.683219234714286472e-01 5.109322654817399778e-01 6.389366625747732176e-01 6.915545582925076706e-01 7.587189551806083898e-01
nan nan 2.328842524841947814e-01 3.579746383790807229e-01 4.001921112972522399e-01 4.583274825535805230e-01 5.006022183462557340e-01 6.279813260992551660e-01 6.806467214961779977e-01 7.483451257051447758e-01
nan nan 2.255770955120151577e-01 3.493352827398806815e-01 3.911513230871068170e-01 4.487768031401244140e-01 4.907206069459043030e-01 6.174599337409075739e-01 6.701462748519709800e-01 7.383180036919497757e-01
nan nan 2.186388218580954390e-01 3.411190849183136642e-01 3.825473309430565960e-01 4.396783307875047897e-01 4.812992249706374848e-01 6.073964041763831867e-01 6.600832513320877837e-01 7.286760099958502490e-01
nan nan 2.120642379065816874e-01 3.333267691318124726e-01 3.743834377265802260e-01 4.310390903288320308e-01 4.723480964379111469e-01 5.978116345228235984e-01 6.504840805064125986e-01 7.194532627640375377e-01
nan nan 2.058481928048515319e-01 3.259582045920697002e-01 3.666618449864496032e-01 4.228645561069810377e-01 4.638753060843427423e-01 5.887232520262545288e-01 6.413712784411045309e-01 7.106791577251505565e-01
nan nan 1.999854841885739254e-01 3.190123801657249181e-01 3.593835256637066822e-01 4.151584506703648869e-01 4.558868037561653042e-01 5.801453010851748138e-01 6.327631014159270650e-01 7.023779375326665297e-01
nan nan 1.944708149799270758e-01 3.124872371930586534e-01 3.525480411572113337e-01 4.079225796975501361e-01 4.483861661507576590e-01 5.720879348065898151e-01 6.246731791810474776e-01 6.945682532815270482e-01
nan nan 1.892987071583717429e-01 3.063794979148223852e-01 3.461533694261353378e-01 4.011565812942477494e-01 4.413743431544541740e-01 5.645570743247061429e-01 6.171101612215286192e-01 6.872627609853435571e-01
nan nan 1.844633016738889408e-01 3.006845488511337150e-01 3.401956705003996717e-01 3.948576965530267713e-01 4.348493873310133595e-01 5.575540954430665552e-01 6.100773774480258149e-01 6.804677826704281784e-01
nan nan 1.799582942355479331e-01 2.953962432391645798e-01 3.346690999407043732e-01 3.890205210921108270e-01 4.288062019278149894e-01 5.510755583448087025e-01 6.035725820688236931e-01 6.741830732316161923e-01
nan nan 1.757768072265696313e-01 2.905067682311981425e-01 3.295655788767382077e-01 3.836367900800374819e-01 4.232363260272240524e-01 5.451130215140256308e-01 5.975878027369292411e-01 6.684017445605369145e-01
nan nan 1.719112522851847236e-01 2.860064641908306449e-01 3.248746302660872054e-01 3.786952002244998727e-01 4.181277751543877041e-01 5.396529758904539120e-01 5.921093340318270837e-01 6.631103830964166779e-01
nan nan 1.683532118619070483e-01 2.818837011844886886e-01 3.205832790741187655e-01 3.741813146968960835e-01 4.134649819376401414e-01 5.346769400981403741e-01 5.871179308651082174e-01 6.582893992339332589e-01
7.394455145919384687e-02 nan 1.650933080140283282e-01 2.781247734566172358e-01 3.166759969256391360e-01 3.700775520208015035e-01 4.092288582672159447e-01 5.301617335995353342e-01 5.825892037143680646e-01 6.539136171703658906e-01
7.149654008920280912e-02 nan 1.621210960817149882e-01 2.747138623742768626e-01 3.131347580687686705e-01 3.663633070529656033e-01 4.053969762182824121e-01 5.260799469053702992e-01 5.784942261613513770e-01 6.499530987939591276e-01
6.924081351733284151e-02 1.167659949461050395e-01 1.594249568719109666e-01 2.716330697177253284e-01 3.099391814270176515e-01 3.630151938406619982e-01 4.019439167094212007e-01 5.224005956686649244e-01 5.748003380425060760e-01 6.463741566038770925e-01
6.717134042792710646e-02 1.144807895327238784e-01 1.569920455573284856e-01 2.688625295155253059e-01 3.070667645455257833e-01 3.600074079818222916e-01 3.988417237288661710e-01 5.190899141206444245e-01 5.714720976684772857e-01 6.431404879194194679e-01
6.528205633038834665e-02 1.124207011677785112e-01 1.548082557499309286e-01 2.663806274995810242e-01 3.044932218736121632e-01 3.573122120057630191e-01 3.960604900199209966e-01 5.161122444469026238e-01 5.684722875333062531e-01 6.402143247820265559e-01
6.356672449774014577e-02 1.105741929446724114e-01 1.528582476013527758e-01 2.641642737166502997e-01 3.021928639164525032e-01 3.549004678641406452e-01 3.935689447560323240e-01 5.134308966170688660e-01 5.657628688141663753e-01 6.375574563685973972e-01
6.201878554049617548e-02 1.089287676987088505e-01 1.511255237627116277e-01 2.621892245618888118e-01 3.001389980006176628e-01 3.527421450825573013e-01 3.913350303280175302e-01 5.110088531656680200e-01 5.633057193819773767e-01 6.351319478049763934e-01
6.063120298854069584e-02 1.074709635696405041e-01 1.495925458505480699e-01 2.604303774051796028e-01 2.983042399113899901e-01 3.508067029099097844e-01 3.893262734116786916e-01 5.088091284449826057e-01 5.610629482533909806e-01 6.329003355715229207e-01
5.939631539898553025e-02 1.061863861864141001e-01 1.482408811009359728e-01 2.588619497482489984e-01 2.966606658855978629e-01 3.490631823752483598e-01 3.875098115160772183e-01 5.067945450562700849e-01 5.589965457728452991e-01 6.308250488958746516e-01
5.830570841683216377e-02 1.050597881353481922e-01 1.470513508115543488e-01 2.574574364191057341e-01 2.951796162630415110e-01 3.474798518110691070e-01 3.858518789960671547e-01 5.049267031460321631e-01 5.570671232043787890e-01 6.288668359285646270e-01
5.735012222812068544e-02 1.040751910489671334e-01 1.460041271575244215e-01 2.561892179434477890e-01 2.938310659865424612e-01 3.460232154844146146e-01 3.843165694463160920e-01 5.031639411203341350e-01 5.552315618349222826e-01 6.269820604051189461e-01
5.651941015282008901e-02 1.032160098448125507e-01 1.450787421461412485e-01 2.550277230836757170e-01 2.925824078449441590e-01 3.446563009100868102e-01 3.828637467694308016e-01 5.014582076040906555e-01 5.534395380845641421e-01 6.251189267390275806e-01
5.580256195096381516e-02 1.024651742721734288e-01 1.442539419653446620e-01 2.539400873238789602e-01 2.913966398655551404e-01 3.433361890524108673e-01 3.814461496317319011e-01 4.997509943501051710e-01 5.516291247896537575e-01 6.232129427685789702e-01
5.518780024003661772e-02 1.018052009527697227e-01 1.435073647133897068e-01 2.528883329924649370e-01 2.902299989564727234e-01 3.420109369449769177e-01 3.800058504594109876e-01 4.979686930481826423e-01 5.497219300946348808e-01 6.211821911509858296e-01
5.466275019293496962e-02 1.012181817771346665e-01 1.428150040441810431e-01 2.518272018404202339e-01 2.890292602040720471e-01 3.406161974572397000e-01 3.784704540680395857e-01 4.960179764886675780e-01 5.476184417667618876e-01 6.189231369465252319e-01
5.421467191623793175e-02 1.006856565437601464e-01 1.421504708014071083e-01 2.507018534179466518e-01 2.877289912632971514e-01 3.390719515931914230e-01 3.767495565972903693e-01 4.937819028016247613e-01 5.451943097764259116e-01 6.163076728812536542e-01
5.383073256397931383e-02 1.001883428960140821e-01 1.414840859621618041e-01 2.494457238578560998e-01 2.862491394628641217e-01 3.372798404154856433e-01 3.747319823234706582e-01 4.911173601880762796e-01 5.422981649875477927e-01 6.131818684913740158e-01
5.349828253716900489e-02 9.970570197840053495e-02 1.407818596233753605e-01 2.479788245759717846e-01 2.844933101197109626e-01 3.351215126611813422e-01 3.722842601214949032e-01 4.878542360178319548e-01 5.387512519708225200e-01 6.093664991670123543e-01
5.320508840461309757e-02 9.921533595115372695e-02 1.400044332056499252e-01 2.462067374538595976e-01 2.823479939863440258e-01 3.324582467243827888e-01 3.692505547310558356e-01 4.837963154181991188e-01 5.343487521097309845e-01 6.046590232449523539e-01
5.293946623946809565e-02 9.869221170625772088e-02 1.391060514350953015e-01 2.440204291733639730e-01 2.796828530978356375e-01 3.291318762768855044e-01 3.654540208087008746e-01 4.787235794698987967e-01 5.288623338665489060e-01 5.988364121637584914e-01
5.269025559008464615e-02 9.810772619919533311e-02 1.380336336808065389e-01 2.412968946808370652e-01 2.763519975869301315e-01 3.249668361163660646e-01 3.606992895452746373e-01 4.723953720326851680e-01 5.220433609037025136e-01 5.916582958187857066e-01
5.244657942063601225e-02 9.742863615701848057e-02 1.367259882080654465e-01 2.379005008299848178e-01 2.721960363671564465e-01 3.197729973974731688e-01 3.547757057597080155e-01 4.645540958516631291e-01 5.136265568304959617e-01 5.828704560487965036e-01
