nan nan nan 5.929885032271572376e-01 6.428519091777816774e-01 7.094771796521159857e-01 7.560087408129981812e-01 8.798425022828089137e-01 9.194937141797554503e-01 9.575920951558706262e-01
nan nan nan 5.755252659127403358e-01 6.256687877768015715e-01 6.929723333637989313e-01 7.402437062605875528e-01 8.679679527300244724e-01 9.100622087384923065e-01 9.516748255136536772e-01
nan nan nan 5.583975143317951861e-01 6.087216723354661463e-01 6.765497891173993805e-01 7.244370840482878826e-01 8.556487710381138756e-01 9.000677676388160187e-01 9.452076842696321979e-01
nan nan 3.885568079091870075e-01 5.416420611492743786e-01 5.920553150633923734e-01 6.602646504601107358e-01 7.086506502355985893e-01 8.429494203900125271e-01 8.895566973513397979e-01 9.381959977132136030e-01
nan nan 3.729863277954544309e-01 5.252917797020225654e-01 5.757106880389136760e-01 6.441688869612232082e-01 6.929437299655545335e-01 8.299382634937457759e-01 8.785837609505487977e-01 9.306555398458284944e-01
nan nan 3.580163262766837828e-01 5.093757883631861993e-01 5.597250903440577074e-01 6.283112120166428616e-01 6.773731443670724106e-01 8.166863827883423799e-01 8.672109303145952852e-01 9.226127287098540020e-01
nan nan 3.436495279296892802e-01 4.939196734655901255e-01 5.441324313562174719e-01 6.127371695099022020e-01 6.619929127428859639e-01 8.032664501321550299e-01 8.555060506218902239e-01 9.141043951781102628e-01
nan nan 3.298861320130376806e-01 4.789459273676479611e-01 5.289632954412072374e-01 5.974891819507951451e-01 6.468542611974269496e-01 7.897518254336175492e-01 8.435414221671623247e-01 9.051771826511111341e-01
nan nan 3.167240362861499237e-01 4.644739956918081392e-01 5.142452657486937806e-01 5.826066363697610662e-01 6.320055553691095174e-01 7.762156866159214408e-01 8.313925606551554326e-01 8.958866057794891979e-01
nan nan 3.041592774967483148e-01 4.505207356001069696e-01 5.000031078672304563e-01 5.681259810983017022e-01 6.174923302646545542e-01 7.627303219947423329e-01 8.191368863488830421e-01 8.862958881887219587e-01
nan nan 2.921861780007803389e-01 4.371005591251546640e-01 4.862589769659168004e-01 5.540809382970529606e-01 6.033572377938657416e-01 7.493665333266363859e-01 8.068526429173257242e-01 8.764745973388586853e-01
nan nan 2.807977696562126146e-01 4.242257259914164469e-01 4.730326256588022749e-01 5.405025211246156092e-01 5.896402386107173488e-01 7.361931052943627707e-01 7.946178724432645391e-01 8.664972008032096884e-01
nan nan 2.699859753458072609e-01 4.119065770657007741e-01 4.603416645679122565e-01 5.274192670293003093e-01 5.763785327214131504e-01 7.232763791520939733e-01 7.825095371053030213e-01 8.564416041104484512e-01
nan nan 2.597418320439877082e-01 4.001517143146195998e-01 4.482016603715649472e-01 5.148573250802673806e-01 5.636067234720598673e-01 7.106799099454078616e-01 7.706027420994362442e-01 8.463876982956045625e-01
nan nan 2.500557346911853052e-01 3.889682340660465809e-01 4.366263545816625458e-01 5.028405574407303069e-01 5.513567904582861168e-01 6.984641177260777489e-01 7.589700391851365024e-01 8.364159685403873556e-01
nan nan 2.409175626708099094e-01 3.783618518782288498e-01 4.256277860236621358e-01 4.913906438656754916e-01 5.396581587541890990e-01 6.866859898595918388e-01 7.476808100194369811e-01 8.266061729126691349e-01
nan nan 2.323168351175170787e-01 3.683370201012998724e-01 4.152163861851024818e-01 4.805271116601424475e-01 5.285377096894532389e-01 6.753988250235662960e-01 7.368006918476412981e-01 8.170361005602110316e-01
nan nan 2.242428957298623904e-01 3.588970304959027691e-01 4.054010105246889650e-01 4.702673447956089992e-01 5.180196998497688110e-01 6.646518716685740902e-01 7.263910292167727878e-01 8.077804029291134613e-01
nan nan 2.166849461129967402e-01 3.500440708846107030e-01 3.961890123848140211e-01 4.606265651702438624e-01 5.081257136926324858e-01 6.544900292893806037e-01 7.165083102896750988e-01 7.989094848984550357e-01
nan nan 2.096321855267253564e-01 3.417791860918678037e-01 3.875861468257635334e-01 4.516176918463378209e-01 4.988744725394695378e-01 6.449534723326738606e-01 7.072036110865814740e-01 7.904884458575897055e-01
nan nan 2.030738367523374222e-01 3.341022526178798469e-01 3.795964918313250447e-01 4.432512247194508315e-01 4.902816598599043507e-01 6.360771888807026375e-01 6.985219929872851230e-01 7.825760666227272733e-01
nan nan 1.969991603704941141e-01 3.270118567369849627e-01 3.722222958455219666e-01 4.355349745101423364e-01 4.823596091487827864e-01 6.278905226434350340e-01 6.905018919695676827e-01 7.752238388638601485e-01
nan nan 1.913975149924889707e-01 3.205051065999239279e-01 3.654637608156063311e-01 4.284738200359657911e-01 4.751169863808513694e-01 6.204166522149553442e-01 6.831744761793354659e-01 7.684750554008066281e-01
nan nan 1.862582436975834255e-01 3.145774455377454704e-01 3.593187506945449972e-01 4.220693337200462913e-01 4.685583914724537058e-01 6.136720357307999807e-01 6.765630216173302847e-01 7.623639832061587240e-01
nan nan 1.815706285510793883e-01 3.092223531302875639e-01 3.537825221079184401e-01 4.163194248584140000e-01 4.626839423394146222e-01 6.076658776083861957e-01 6.706823288117462756e-01 7.569151624942471734e-01
nan nan 1.773237123123440895e-01 3.044310716286646734e-01 3.488473440618500843e-01 4.112179535887891535e-01 4.574888633024213891e-01 6.023996720552630135e-01 6.655382432077744381e-01 7.521428876234970140e-01
nan nan 1.735061398150923029e-01 3.001922782223493402e-01 3.445021765189769103e-01 4.067543593592618523e-01 4.529631000122606999e-01 5.978668402389256675e-01 6.611273317252653881e-01 7.480509200416927129e-01
nan nan 1.701058989260238186e-01 2.964918102972271541e-01 3.407323564015771744e-01 4.029133670655863919e-01 4.490910587968964252e-01 5.940525636791659236e-01 6.574367879863466380e-01 7.446324984498440269e-01
6.910845153598312030e-02 nan 1.671100674574887979e-01 2.933124261829861412e-01 3.375193768847155051e-01 3.996748039818639464e-01 4.458514470976675526e-01 5.909338489678068740e-01 6.544446268417031254e-01 7.418706851969346650e-01
6.680127389169415730e-02 nan 1.645045510440804881e-01 2.906336555817370382e-01 3.348407657635525392e-01 3.970135739497797078e-01 4.432173377103215683e-01 5.884799052243228079e-01 6.521201974904232701e-01 7.397390815887069371e-01
6.473935180412779267e-02 1.156671781507198349e-01 1.622738461227893614e-01 2.884317971707990869e-01 3.326701397639157398e-01 3.948998290751540852e-01 4.411564682158075623e-01 5.866528242083977052e-01 6.504250602652508206e-01 7.382028922083853084e-01
6.291230434227457202e-02 1.137820124420980961e-01 1.604008556248500694e-01 2.866800113460784005e-01 3.309774410016148583e-01 3.932993752183782665e-01 4.396317665344768866e-01 5.854085916467144379e-01 6.493141878508316145e-01 7.372203049862803281e-01
6.130996588124097701e-02 1.121935657468063202e-01 1.588667883985185048e-01 2.853486567789018102e-01 3.297293770237511579e-01 3.921742954225721500e-01 4.386021482600153676e-01 5.846983591446062167e-01 6.487374244049940453e-01 7.367440874998537614e-01
5.992222846881026938e-02 1.108858908401581522e-01 1.576511629233892375e-01 2.844056957396195462e-01 3.288900306622015712e-01 3.914837600954776398e-01 4.380234758736654133e-01 5.844698825893964722e-01 6.486410872437423647e-01 7.367232676353792087e-01
5.873887915854653780e-02 1.098419240062909197e-01 1.567319288590846016e-01 2.838172813903104275e-01 3.284215903787309765e-01 3.911849440834939684e-01 4.378496058756377596e-01 5.846689608356561152e-01 6.489695292954494876e-01 7.371047172554610061e-01
5.774944660871306895e-02 1.090435188417921974e-01 1.560856864288536205e-01 2.835483220117291370e-01 3.282850709846966142e-01 3.912338789304552478e-01 4.380333338690792222e-01 5.852406393271738505e-01 6.496664213831238044e-01 7.378344136818499877e-01
5.694307184404687888e-02 1.084715780619595754e-01 1.556879789856027707e-01 2.835629935452864125e-01 3.284408856600599669e-01 3.915860861605392484e-01 4.385270350416410889e-01 5.861299359550534716e-01 6.506755014286526029e-01 7.388581491046332106e-01
5.630841558556147486e-02 1.081062465183145471e-01 1.555136090300295315e-01 2.838249898608813382e-01 3.288490776169325502e-01 3.921967585451399119e-01 4.392827733450374583e-01 5.872818096946895716e-01 6.519405265707923780e-01 7.401214810188362359e-01
5.583360871173727313e-02 1.079271220444262824e-01 1.555368823573555770e-01 2.842974125653656703e-01 3.294690521592249510e-01 3.930202857690393015e-01 4.402516714982865897e-01 5.886401951640073404e-01 6.534042757187272787e-01 7.415688176990217206e-01
5.550624463709141754e-02 1.079134531526051988e-01 1.557317258919964642e-01 2.849421481074155826e-01 3.302586731661639186e-01 3.940090210601674969e-01 4.413824258309291260e-01 5.901460407365440863e-01 6.550065684576027447e-01 7.431416908844326041e-01
5.531340602298035619e-02 1.080442735129763798e-01 1.560715980674861891e-01 2.857187016365342336e-01 3.311727189013941586e-01 3.951112716121392143e-01 4.426190135010456550e-01 5.917345012687270644e-01 6.566815209301927192e-01 7.447764703262860220e-01
5.524171717856911357e-02 1.082984354030514518e-01 1.565291681507395838e-01 2.865825448085396188e-01 3.321607688363978905e-01 3.962686925650294456e-01 4.438977944687496069e-01 5.933316572627709284e-01 6.583544443198392493e-01 7.464019539101007794e-01
5.527741944875346619e-02 1.086545301829097004e-01 1.570757635014829734e-01 2.874831140480016423e-01 3.331647793901260091e-01 3.974133924998616840e-01 4.451443978799689560e-01 5.948513040920726525e-01 6.599389495717559173e-01 7.479373545748215779e-01
5.540647634128009064e-02 1.090906858799975537e-01 1.576806137217506842e-01 2.883617153211263662e-01 3.341166402747325348e-01 3.984651802052604497e-01 4.462708770800006275e-01 5.961923940593680804e-01 6.613348408233937770e-01 7.492911517708120694e-01
5.561472004570226085e-02 1.095842527401228450e-01 1.583099632522817490e-01 2.891496148051864168e-01 3.349360976959152580e-01 3.993294105269980521e-01 4.471736230936232404e-01 5.972376383948299061e-01 6.624272255586176605e-01 7.503610756465209919e-01
5.588804322462614937e-02 1.101113827328146083e-01 1.589261160287645247e-01 2.897665946021744654e-01 3.355293648096064896e-01 3.998957918682157775e-01 4.477324195399789986e-01 5.978535163753077031e-01 6.630869967994044156e-01 7.510352102900893501e-01
5.621261636997814531e-02 1.106465176816135570e-01 1.594865063614303025e-01 2.901201876526166012e-01 3.357886419463498862e-01 4.000383740059365589e-01 4.478107952164053773e-01 5.978916498253189493e-01 6.631725275084312532e-01 7.511939312749303932e-01
5.657507404826690733e-02 1.111617848605121889e-01 1.599428743814731713e-01 2.901057092872927901e-01 3.355926217206500195e-01 3.996167015795836219e-01 4.472576119671911044e-01 5.971912126480996008e-01 6.625321707781696157e-01 7.507122296665531547e-01
5.696257311139305002e-02 1.116262985915878331e-01 1.602406173915870702e-01 2.896070859812935328e-01 3.348078932121567597e-01 3.984779253037930014e-01 4.459095874652280744e-01 5.955818933113610214e-01 6.610070568225919763e-01 7.494619737534123916e-01
5.736261441531586430e-02 1.120053038719555361e-01 1.603183310006042195e-01 2.884984185810766655e-01 3.332910687001950367e-01 3.964595294112360224e-01 4.435943405389818350e-01 5.928869499874819260e-01 6.584337713301503525e-01 7.473138167901649531e-01
