nan nan nan 1.805720050470471350e+01 2.010782699003190288e+01 2.293096423367128267e+01 2.497455562300313758e+01 3.096177084632968857e+01 3.327375496619248452e+01 3.598209484229690247e+01
nan nan nan 2.036079361870333315e+01 2.267300002371393219e+01 2.585607150561216727e+01 2.815998702114535490e+01 3.490720424246730147e+01 3.750974845082706111e+01 4.054933117588969083e+01
nan nan nan 2.295836919517991959e+01 2.556554350972687928e+01 2.915448759489226660e+01 3.175194007654852868e+01 3.935595024493563443e+01 4.228579583020089672e+01 4.569736042205096993e+01
nan nan 1.721377907794281015e+01 2.588744273906009141e+01 2.882724275981703599e+01 3.287387103352216400e+01 3.580232172067260876e+01 4.437230497037321442e+01 4.767092000068962676e+01 5.150044523502092630e+01
nan nan 1.940973022417285065e+01 2.919032273948910117e+01 3.250521631539734102e+01 3.706796204035475029e+01 4.036966790013546813e+01 5.002879694490503226e+01 5.374297359960920062e+01 5.804239159958604688e+01
nan nan 2.188588189816796614e+01 3.291471493081304089e+01 3.665259597002270198e+01 4.179736522716434877e+01 4.551998294157479563e+01 5.640722243319982709e+01 6.058978136261207226e+01 6.541778188056643728e+01
nan nan 2.467799991182756614e+01 3.711441417636257256e+01 4.132929953747044038e+01 4.713042043289220828e+01 5.132770957093055131e+01 6.359983411076218118e+01 6.831041145686175753e+01 7.373334130392592556e+01
nan nan 2.782642270360035752e+01 4.185007896332922428e+01 4.660288578567507756e+01 5.314419521209286756e+01 5.787679010657065959e+01 7.171069339782157215e+01 7.701660673315041095e+01 8.310950694523505433e+01
nan nan 3.137662448585243524e+01 4.719010717545025102e+01 5.254953758813107356e+01 5.992559329356547693e+01 6.526188932409283439e+01 8.085715124592231007e+01 8.683441473086887186e+01 9.368218129728856525e+01
nan nan 3.537984287677556949e+01 5.321162700043627325e+01 5.925516310402334597e+01 6.757261025268793730e+01 7.358976031773715931e+01 9.117156268474415981e+01 9.790600681622990464e+01 1.056047092814929584e+02
nan nan 3.989379648255670219e+01 6.000160779923374577e+01 6.681663412655314005e+01 7.619575839640684478e+01 8.298078343526971423e+01 1.028032074737015478e+02 1.103917471308342471e+02 1.190501137298679737e+02
nan nan 4.498349811869368153e+01 6.765811653835062600e+01 7.534318539039372808e+01 8.591964679063316623e+01 9.357070631672378624e+01 1.159204240495505047e+02 1.244724963622293501e+02 1.342135968155160128e+02
nan nan 5.072223306709567225e+01 7.629172860700606407e+01 8.495798301801745822e+01 9.688479087253448085e+01 1.055125997660656765e+02 1.307130681955410125e+02 1.403522492244702278e+02 1.513153849785014984e+02
nan nan 5.719265580439464713e+01 8.602712226282162078e+01 9.579991369458016948e+01 1.092496345447907800e+02 1.189790801663172601e+02 1.473952316196764798e+02 1.582610488736438015e+02 1.706038989727837816e+02
nan nan 6.448799419262424237e+01 9.700490410292648846e+01 1.080255820950412158e+02 1.231928421222489618e+02 1.341647767671316842e+02 1.662083453396068080e+02 1.784583349300248187e+02 1.923593447223705937e+02
nan nan 7.271335011511231983e+01 1.093836172926444732e+02 1.218115625535892121e+02 1.389158659445410535e+02 1.512891611503719105e+02 1.874246390094688479e+02 2.012366579022923077e+02 2.168977426949819289e+02
nan nan 8.198716958258177101e+01 1.233420313402812241e+02 1.373569649661002927e+02 1.566458601594001436e+02 1.705996970182571317e+02 2.113510859382539309e+02 2.269258956495650352e+02 2.445754687694746110e+02
nan nan 9.244303639690451746e+01 1.390817184360042802e+02 1.548862923995104097e+02 1.766389433182293374e+02 1.923754028033200996e+02 2.383337952565819364e+02 2.558979917802901127e+02 2.757943552676392187e+02
nan nan 1.042316865610338965e+02 1.568299326799946982e+02 1.746526840294220335e+02 1.991838988767547676e+02 2.169308789234321750e+02 2.687629946383834749e+02 2.885722937829168586e+02 3.110074317201696772e+02
nan nan 1.175232024789324043e+02 1.768428672659445908e+02 1.969415785909211536e+02 2.246063271731026134e+02 2.446208358993725085e+02 3.030786365067893371e+02 3.254215612519664091e+02 3.507253886270796670e+02
nan nan 1.325095002331472926e+02 1.994093662581483670e+02 2.220747929675807768e+02 2.532733373797530874e+02 2.758451926516768822e+02 3.417767126232298551e+02 3.669787462490733674e+02 3.955238549783904887e+02
nan nan 1.494071606159232886e+02 2.248550481800752721e+02 2.504151788161749153e+02 2.855988392874300530e+02 3.110548394963850569e+02 3.854163802574201441e+02 4.138446239881810129e+02 4.460515875035592330e+02
nan nan 1.684606128136737482e+02 2.535469670192392471e+02 2.823718297358643099e+02 3.220494986846104553e+02 3.507581293670120886e+02 4.346279860571575568e+02 4.666964123358216625e+02 5.030397110364934861e+02
nan nan 1.899456481393908405e+02 2.858989066814125408e+02 3.184059560047629134e+02 3.631514704646252198e+02 3.955281964605428016e+02 4.901221297775259131e+02 5.262974750612534081e+02 5.673121389167768029e+02
nan nan 2.141734343141087891e+02 3.223773362236151456e+02 3.590375259076172370e+02 4.094979846638366325e+02 4.460112123836400428e+02 5.526998792664967368e+02 5.935082863696724189e+02 6.397973462461267218e+02
nan nan 2.414950487767511333e+02 3.635081662751578051e+02 4.048527248728306631e+02 4.617578969189760869e+02 5.029357047626603503e+02 6.232643095107147246e+02 6.692988128442168545e+02 7.215416726277668431e+02
nan nan 2.723065198400548184e+02 4.098843681262855512e+02 4.565123902133902334e+02 5.206853380178232555e+02 5.671230650311150612e+02 7.028335287302112420e+02 7.547624909036653662e+02 8.137243616541201163e+02
nan nan 3.070545760538156514e+02 4.621746050564082680e+02 5.147615363885868192e+02 5.871305975711867404e+02 6.394994118241129399e+02 7.925553625176029300e+02 8.511320113837037979e+02 9.176745684444441622e+02
1.975967361224267620e+02 nan 3.462430796685852101e+02 5.211329432703815883e+02 5.804401294351141587e+02 6.620523747663451104e+02 7.211089740234947385e+02 8.937239568542336201e+02 9.597971421423656011e+02 1.034890574701269998e+03
2.229638758369519280e+02 nan 3.904402989219494771e+02 5.876098180898874261e+02 6.544952223880654856e+02 7.465316118134196586e+02 8.131291417167177542e+02 1.007798443868675122e+03 1.082324778488173479e+03 1.167061431029655068e+03
2.515851274190017648e+02 3.539139969098729352e+02 4.402870745573753766e+02 6.625643677031217749e+02 7.379946593975133737e+02 8.417870063685181776e+02 9.168874365881646327e+02 1.136423914405879941e+03 1.220481426206747983e+03 1.316091166538557673e+03
2.838757385724657638e+02 3.991733729432046403e+02 4.965060481626626938e+02 7.470782495205136229e+02 8.321424229822653160e+02 9.491923999823983422e+02 1.033880402140207025e+03 1.281454682151346560e+03 1.376258126180685622e+03 1.484125423782126063e+03
3.203034956389337253e+02 4.502261797145398532e+02 5.599119594814885659e+02 8.423710387058229117e+02 9.382957111623870787e+02 1.070295995668138858e+03 1.165794491539804767e+03 1.444979606531625905e+03 1.551897282464595719e+03 1.673579710402408864e+03
3.613953145975432903e+02 5.078126762922874491e+02 6.314232250321163065e+02 9.498170845908525735e+02 1.057983538632216550e+03 1.206841131556670007e+03 1.314528313877528035e+03 1.629348368521196790e+03 1.749920051261899971e+03 1.887167102758978444e+03
4.077446590038665022e+02 5.727670703862462460e+02 7.120747227736893592e+02 1.070963530700106958e+03 1.192926290845586664e+03 1.360787635938250787e+03 1.482215208730228824e+03 1.837196303283222278e+03 1.973151102493211965e+03 2.127920968314335823e+03
4.600198941270860473e+02 6.460291875622559701e+02 8.030317749588976994e+02 1.207548529812647303e+03 1.345054914024872232e+03 1.534331850752086893e+03 1.671243472150591060e+03 2.071463128900490119e+03 2.224734993337489414e+03 2.399204945284970563e+03
5.189737047231587894e+02 7.286573360305736742e+02 9.056050697919815775e+02 1.361518014877592805e+03 1.516527426807154370e+03 1.729921913996270860e+03 1.884270097184118413e+03 2.335398255674687334e+03 2.508135175377758515e+03 2.704698732638784350e+03
5.854537264432725578e+02 8.218423941234319727e+02 1.021266028115368840e+03 1.535038359448584742e+03 1.709739060468051775e+03 1.950263247703962179e+03 2.124221793785032787e+03 2.632542637534600999e+03 2.827103900492621506e+03 3.048345755482584082e+03
6.604145684697950855e+02 9.269229474074501240e+02 1.151661746876017105e+03 1.730501242170470277e+03 1.927321299415666999e+03 2.198307755320622164e+03 2.394275652668843122e+03 2.966675953932157427e+03 3.185610530296592970e+03 3.434249452091415606e+03
7.449314372318191317e+02 1.045401200271496464e+03 1.298628418149673280e+03 1.950516454812762277e+03 2.172124379498492999e+03 2.477219927434972305e+03 2.697811586203386469e+03 3.341719484449965876e+03 3.587718825939442468e+03 3.866511027277412268e+03
8.402156043901511566e+02 1.178959267848673790e+03 1.464201638102281777e+03 2.197888449111331738e+03 2.447178413097744851e+03 2.790314336063248902e+03 3.038331077671486582e+03 3.761591013454056338e+03 4.037411870936979085e+03 4.349013368098342653e+03
9.476319861424833562e+02 1.329475220535368180e+03 1.650622169807914361e+03 2.475573626077268273e+03 2.755630257008966510e+03 3.140962567483930343e+03 3.419341290490711799e+03 4.230017730136878527e+03 4.538375583537035709e+03 4.885171590011221269e+03
1.068719090782874673e+03 1.499038181846752650e+03 1.860335582543672672e+03 2.786617868621560774e+03 3.100657009764540817e+03 3.532473092655013261e+03 3.844210701304221857e+03 4.750324859521058897e+03 5.093765296661958018e+03 5.477685434294204242e+03
1.205211501304443800e+03 1.689961695472105703e+03 2.095984691997863592e+03 3.134076979022410796e+03 3.485361337595058558e+03 3.967953818147429956e+03 4.316009935770154698e+03 5.325228067067179836e+03 5.705990312071713561e+03 6.128336868685309128e+03
1.359064822782585679e+03 1.904794441072127711e+03 2.360394463206268028e+03 3.520926338926002245e+03 3.912658499463475437e+03 4.450172673472527094e+03 4.837357356301951768e+03 5.956662533706201430e+03 6.376554062564747255e+03 6.837873239603127331e+03
1.532482590172451182e+03 2.146327386052471411e+03 2.656549643607705093e+03 3.949968911411508088e+03 4.385167973998874004e+03 4.981434432321855638e+03 5.410291405258066334e+03 6.645678788857051586e+03 7.105980577378261842e+03 7.606001946319413946e+03
1.727944077189467862e+03 2.417596138586844972e+03 2.987566329458307337e+03 4.423752332109858799e+03 4.905123607764613553e+03 5.563491413536036816e+03 6.036189162815147029e+03 7.392424604599202212e+03 7.893842565882931012e+03 8.431500808717564723e+03
1.948231615204843365e+03 2.721877098533708704e+03 3.356658879064864777e+03 4.944505272370063722e+03 5.474314257705100317e+03 6.197501058029195519e+03 6.715743771789790117e+03 8.196216802179344086e+03 8.738887257200058230e+03 9.312425981280992346e+03
2.196456385427033183e+03 3.062675890453293960e+03 3.767103766505749263e+03 5.514100999733157551e+03 6.094062858074637916e+03 6.884036331729330414e+03 7.449003809598571934e+03 9.055690658740055369e+03 9.639238551993073997e+03 1.024638272024186517e+04
2.476082439086444538e+03 3.443707559512982698e+03 4.222202027460465615e+03 6.134052073469918469e+03 6.765246172708983977e+03 7.623146667365273061e+03 8.235467835189951074e+03 9.969002278771302372e+03 1.059264240079348565e+04 1.123081650900113345e+04
