nan nan nan 1.805573377094451359e+01 2.010728813475402887e+01 2.293343091647709286e+01 2.498113608998476565e+01 3.100089968588119049e+01 3.334499434563497289e+01 3.614509664514405785e+01
nan nan nan 2.035910935976159664e+01 2.267223873708790194e+01 2.585846072047934996e+01 2.816678723607120816e+01 3.495005989326795515e+01 3.758942135461465028e+01 4.073871626457123796e+01
nan nan nan 2.295645618870079829e+01 2.556453778131638543e+01 2.915676195304961027e+01 3.175891733546331608e+01 3.940260196550730853e+01 4.237423621886541270e+01 4.591530031997073280e+01
nan nan 1.721245585554291324e+01 2.588528866170259946e+01 2.882596927248587448e+01 3.287598599821165379e+01 3.580942582143059383e+01 4.442278882077319224e+01 4.776840653407523263e+01 5.174897252507670942e+01
nan nan 1.940841962135992915e+01 2.918792310929326561e+01 3.250365161070632070e+01 3.706987395380505745e+01 4.037683493709197080e+01 5.008311205313199821e+01 5.384971939601297208e+01 5.832337098301388068e+01
nan nan 2.188460357165840264e+01 3.291206221988804970e+01 3.665071210668700274e+01 4.179901674162099567e+01 4.552714279963525001e+01 5.646533226792337956e+01 6.070593148015717588e+01 6.573288330281548042e+01
nan nan 2.467675688792523658e+01 3.711149761783629941e+01 4.132706966595378617e+01 4.713174950730445545e+01 5.133477215720577647e+01 6.366165344823942007e+01 6.843603528731851782e+01 7.408402400993938386e+01
nan nan 2.782519267611027303e+01 4.184689350926370111e+01 4.660027585831145558e+01 5.314512725620182465e+01 5.788365198827483482e+01 7.177608769190219107e+01 7.715169116863661714e+01 8.349700616518687468e+01
nan nan 3.137536051220647337e+01 4.718664482133446825e+01 5.254651303580810406e+01 5.992604490147697760e+01 6.526842554217225256e+01 8.092592869999724314e+01 8.697886331149685191e+01 9.410750098840281908e+01
nan nan 3.537851638119875020e+01 5.320787842689327363e+01 5.925168061561839039e+01 6.757247795994794615e+01 7.359582405820684414e+01 9.124346676996412953e+01 9.805962587892929605e+01 1.060686217816942047e+02
nan nan 3.989244203929307986e+01 5.999756149190814369e+01 6.681264423731593638e+01 7.619492407078281815e+01 8.298618997900554461e+01 1.028779024846575965e+02 1.105542393611242176e+02 1.195531612476029864e+02
nan nan 4.498229637764939781e+01 6.765375423900090368e+01 7.533862170699569560e+01 8.591796629430621124e+01 9.357524275411680037e+01 1.159974974463793131e+02 1.246434502904017592e+02 1.347560937033256039e+02
nan nan 5.072154921178977816e+01 7.628703087827017271e+01 8.495277240178513978e+01 9.688208479415384033e+01 1.055160058976819641e+02 1.307920025003887474e+02 1.405311240659392240e+02 1.518974296167111220e+02
nan nan 5.719303266563305499e+01 8.602206007487426120e+01 9.579396101640939776e+01 1.092456983750452935e+02 1.189810462110414164e+02 1.474754035426401515e+02 1.584471738360655593e+02 1.712253873584412531e+02
nan nan 6.449014714076157873e+01 9.699942451808290400e+01 1.080187641774380580e+02 1.231874186276101142e+02 1.341649314275125278e+02 1.662890078033562702e+02 1.786508888056875151e+02 1.930199929959005374e+02
nan nan 7.271819645354601391e+01 1.093776345795434821e+02 1.218037385592672308e+02 1.389086515128366273e+02 1.512870592111946451e+02 1.875049065001547888e+02 2.014346640138552971e+02 2.175971196980916034e+02
nan nan 8.199588652799597810e+01 1.233354106823683338e+02 1.373479508780615390e+02 1.566364833095481117e+02 1.705948083476885984e+02 2.114299221164617961e+02 2.271282179823962792e+02 2.453130454816514714e+02
nan nan 9.245705965447605479e+01 1.390742666244560439e+02 1.548758524942954296e+02 1.766269587640909720e+02 1.923670956991189200e+02 2.384099984439417028e+02 2.561033343055870546e+02 2.765695750104636659e+02
nan nan 1.042525781041953792e+02 1.568214172779361490e+02 1.746405234430103803e+02 1.991687744624623519e+02 2.169184109499954047e+02 2.688351885374926269e+02 2.887792072587560597e+02 3.118198086408792165e+02
nan nan 1.175525135266691450e+02 1.768330423675186012e+02 1.969273025398911159e+02 2.245874275709523431e+02 2.446033301303554310e+02 3.031452683753728365e+02 3.256284612277569295e+02 3.515746441140802858e+02
nan nan 1.325485937317566538e+02 1.993979864735828187e+02 2.220579136387309518e+02 2.532499173528640881e+02 2.758216277514092667e+02 3.418360461195059088e+02 3.671839433937477111e+02 3.964100957384064827e+02
nan nan 1.494569497671157876e+02 2.248419236939785435e+02 2.503950935697514240e+02 2.855700139807685787e+02 3.110240296550003904e+02 3.854665015122185423e+02 4.140463721346864645e+02 4.469755364928151380e+02
nan nan 1.685213036307823984e+02 2.535320337032111411e+02 2.823478254177390454e+02 3.220142356597229423e+02 3.507187069063988929e+02 4.346668169771395469e+02 4.668929648894904858e+02 5.040029938916090941e+02
nan nan 1.900165064157174015e+02 2.858823029908019180e+02 3.183772139849647260e+02 3.631085611144402492e+02 3.954785901636943777e+02 4.901474439104678709e+02 5.264871636885785620e+02 5.683176279623781966e+02
nan nan 2.142526011680241140e+02 3.223594739975230254e+02 3.590031659150367318e+02 4.094460105913457824e+02 4.459496342099866411e+02 5.527093155827112696e+02 5.936896066005317607e+02 6.408495564225604539e+02
nan nan 2.415794040013313122e+02 3.634897634564334794e+02 4.048118474535415885e+02 4.616952044968777500e+02 5.028601198643516454e+02 6.232553917446617788e+02 6.694705124569061354e+02 7.226472010572414320e+02
nan nan 2.723916953182614975e+02 4.098664340404308177e+02 4.564641547259840877e+02 5.206099953538389400e+02 5.670311568434275387e+02 7.028036741815499227e+02 7.549236611403681536e+02 8.148923543428850280e+02
nan nan 3.071350596410244975e+02 4.621583475848721037e+02 5.147052171387310864e+02 5.870403511870111970e+02 6.393885466035419540e+02 7.925018766754492390e+02 8.512821541170518458e+02 9.189171871089281467e+02
1.967848619415722453e+02 nan 3.463124384473833288e+02 5.211196103069980836e+02 5.803751446082576422e+02 6.619446209789168734e+02 7.209761318703967845e+02 8.936439937730187921e+02 9.599362162178179005e+02 1.036223446160487129e+03
2.220276318524078079e+02 nan 3.904915184990674106e+02 5.876004798584672244e+02 6.544211292950092229e+02 7.464033558031928806e+02 8.129708405560974143e+02 1.007688949301805565e+03 1.082453199427028949e+03 1.168504057202928607e+03
2.505196390385589780e+02 3.536687086950932439e+02 4.403129806538316302e+02 6.625597007862793362e+02 7.379110652238440480e+02 8.416348299169823122e+02 9.166996327664301134e+02 1.136281530351837546e+03 1.220600046983938682e+03 1.317667282767837605e+03
2.826774609207558342e+02 3.988532299603191404e+02 4.964997772958946598e+02 7.470783091106869733e+02 8.320488471313356058e+02 9.490124352921577611e+02 1.033658377108270315e+03 1.281275626393169205e+03 1.376368150478228245e+03 1.485863308756466040e+03
3.189702370931125870e+02 4.498256507991029594e+02 5.598674692524328975e+02 8.423751602782737109e+02 9.381913948681105921e+02 1.070083880801516671e+03 1.165532689027748347e+03 1.444759502203848115e+03 1.552000171414859778e+03 1.675512454186605055e+03
3.599262018507226344e+02 5.073278868098121848e+02 6.313357740110495797e+02 9.498238843200686006e+02 1.057867255870451572e+03 1.206591922029414491e+03 1.314220205171031466e+03 1.629082075129809255e+03 1.750017390269081716e+03 1.889332840574959391e+03
4.061400278638460577e+02 5.721960133529565837e+02 7.119413506152029640e+02 1.070971089452600154e+03 1.192796197929096707e+03 1.360495721436222766e+03 1.481853119807446319e+03 1.836877700193090959e+03 1.973244436052314541e+03 2.130363051620559872e+03
4.582810830878051434e+02 6.453718278796034156e+02 8.028517024614973252e+02 1.207554723424432268e+03 1.344908517301372967e+03 1.533990792257078056e+03 1.670818406950795406e+03 2.071084866383581357e+03 2.224825601033918247e+03 2.401971935087985457e+03
5.171027179820990796e+02 7.279156285867936731e+02 9.053800172652677247e+02 1.361521032350331780e+03 1.516361659846363864e+03 1.729524275261154344e+03 1.883771521603251358e+03 2.334951417014825893e+03 2.508223689048542838e+03 2.707843986104155647e+03
5.834527180752781987e+02 8.210202017259706508e+02 1.021000445562457458e+03 1.535037288599870635e+03 1.709550533352494540e+03 1.949800414302833587e+03 2.123637382570215777e+03 2.632016238455744769e+03 2.827189623332867995e+03 3.051926190002193835e+03
6.582850783131946173e+02 9.260257657124435582e+02 1.151362898315598386e+03 1.730496742539299703e+03 1.927106689198934873e+03 2.197769751077950787e+03 2.393590941906518765e+03 2.966056130418845896e+03 3.185690236064644068e+03 3.438322892365657481e+03
7.426732806317507993e+02 1.044435709216784971e+03 1.298306290574399327e+03 1.950511394686039012e+03 2.171880882858909445e+03 2.476595260780977242e+03 2.697009541876836920e+03 3.340988244353835853e+03 3.587784707666867689e+03 3.871131374577670158e+03
8.378252840129445076e+02 1.177932547161660295e+03 1.463868621431951397e+03 2.197888394458194853e+03 2.446904213457341029e+03 2.789589844529620677e+03 3.037391512808003426e+03 3.760724308982239563e+03 4.037448309509344199e+03 4.354222783525679915e+03
9.451004634091615344e+02 1.328393542993469055e+03 1.650292379561086818e+03 2.475587157576121172e+03 2.755324873681927784e+03 3.140123236091676972e+03 3.418240096050993088e+03 4.228982623077040444e+03 4.538354356197766720e+03 4.890988939733369989e+03
1.066028751601862723e+03 1.497905206727656378e+03 1.860023716532225762e+03 2.786656529406863228e+03 3.100321406956680676e+03 3.531501741844985190e+03 3.842918873715689188e+03 4.749075589224343275e+03 5.093638876969800549e+03 5.484090424970616368e+03
1.202332226229586468e+03 1.688775844784199307e+03 2.095704184751620232e+03 3.134154744826065780e+03 3.484997639347280256e+03 3.966830584650649598e+03 4.314492283052878520e+03 5.323700749774725409e+03 5.705682981205716715e+03 6.135249515439049901e+03
1.355949304146494342e+03 1.903545241144912325e+03 2.360154669757956071e+03 3.521058414211056970e+03 3.912269135908699809e+03 4.448874110148172804e+03 4.835570853585625628e+03 5.954768370436831901e+03 6.375950595455118673e+03 6.845128407157269976e+03
1.529061492058738850e+03 2.144990752802554198e+03 2.656351830646955932e+03 3.950169621320724218e+03 4.384754090690658813e+03 4.979932094572316601e+03 5.408183084092610443e+03 6.643295518609314058e+03 7.104912227171394989e+03 7.613318584366616960e+03
1.724122210665427474e+03 2.416129124956095893e+03 2.987398433774103523e+03 4.424031738123579089e+03 4.904682416082053351e+03 5.561749741085562164e+03 6.033693396898973333e+03 7.389386014619002708e+03 7.892069978363229893e+03 8.438445086608839119e+03
1.943886512246841903e+03 2.720213498461107974e+03 3.356489817677464544e+03 4.944864133571179082e+03 5.473834948395826359e+03 6.195474240074377121e+03 6.712778794445682252e+03 8.192299895912072316e+03 8.736079736485628018e+03 9.318366962352522023e+03
2.191439720388525984e+03 3.060724986288952550e+03 3.766879469753805552e+03 5.514523872977459177e+03 6.093520426827911251e+03 6.881663525145810127e+03 7.445467060133611085e+03 9.050600147868863132e+03 9.634949079568845264e+03 1.025043904148713955e+04
2.470222794629729378e+03 3.441357389250507822e+03 4.221846415642222382e+03 6.134499843724601305e+03 6.764592953405935077e+03 7.620344332166845561e+03 8.231229229827113159e+03 9.962352421795789269e+03 1.058627857087284247e+04 1.123179407241425361e+04
