nan
1.157453286259245651e+05
1.198071965257071133e+05
1.239026715720126231e+05
1.280132234170219890e+05
1.321300427155883226e+05
1.362478304536304204e+05
1.403629741459645447e+05
1.444728485355143785e+05
1.485754597434500174e+05
1.526692694675932580e+05
1.567530563585657219e+05
1.608258478179285012e+05
1.648868672920753597e+05
1.689354937093077751e+05
1.729712222655181831e+05
1.769936526125503879e+05
1.810024636033253046e+05
1.849973977504323411e+05
1.889782514199585712e+05
1.929448642459335970e+05
1.968971115422409202e+05
2.008348968803721364e+05
2.047581491969157069e+05
2.086668160064549011e+05
2.125608596588427608e+05
2.164402572710822569e+05
2.203049972965972847e+05
2.241550766060662572e+05
2.279904983010828728e+05
2.318112724194274633e+05
2.356174134246719768e+05
2.394089367387049424e+05
2.431858619075849128e+05
2.469482118690132920e+05
2.506960119457517285e+05
2.544292878957327339e+05
2.581480669211408531e+05
2.618523772796621197e+05
2.655422478675473249e+05
2.692177075476975879e+05
2.728787853729071212e+05
2.765255098806329770e+05
2.801579099379404215e+05
2.837760146379597136e+05
2.873798532417074894e+05
2.909694544056510204e+05
2.945448462215047330e+05
2.981060572840608074e+05
3.016531159814369166e+05
3.051860503350067302e+05
3.087048884861175902e+05
3.122096583199497545e+05
3.157003882908259984e+05
3.191771051201467635e+05
3.226398354004374123e+05
3.260886062738144537e+05
3.295234429272557609e+05
3.329443718095055083e+05
3.363514188363261055e+05
3.397446103930029203e+05
3.431239724224546808e+05
3.464895310645141872e+05
3.498413120025024400e+05
3.531793410046882927e+05
3.565036432197840186e+05
3.598142444562921301e+05
3.631111701664019492e+05
3.663944452788849012e+05
3.696640951056010672e+05
3.729201445115372189e+05
3.761626187226725742e+05
3.793915433510505245e+05
3.826069436911396333e+05
3.858088444799637073e+05
3.889972705111957039e+05
3.921722470506983809e+05
3.953337997109533753e+05
3.984819545396786416e+05
4.016167361412149621e+05
4.047381694499025471e+05
4.078462794465125189e+05
4.109410912149254582e+05
4.140226299265410053e+05
4.170909209786469000e+05
4.201459896903714398e+05
4.231878618756660144e+05
4.262165635382969631e+05
4.292321205539606162e+05
4.322345591714764596e+05
4.352239056528382353e+05
4.382001861979332170e+05
4.411634271600935608e+05
4.441136552583687590e+05
4.470508968157140771e+05
4.499751782150795334e+05
4.528865262542092241e+05
4.557849676034395816e+05
4.586705292126287823e+05
4.615432382925809943e+05
4.644031219546258217e+05
4.672502074837469263e+05
4.700845223914060043e+05
4.729060943301985390e+05
4.757149508367091184e+05
4.785111195377578260e+05
4.812946282563544228e+05
4.840655047474871972e+05
4.868237766799545498e+05
4.895694720462669502e+05
4.923026188328698045e+05
4.950232454267772846e+05
4.977313803216430824e+05
5.004270522860249621e+05
5.031102903812110890e+05
5.057811236368352547e+05
5.084395811051651835e+05
5.110856919500961667e+05
5.137194855990032083e+05
5.163409914999366738e+05
5.189502390432435204e+05
5.215472569128044997e+05
