nan
1.158207571148320276e+05
1.199045070028731134e+05
1.240235426819590211e+05
1.281619424739937240e+05
1.323122905465292279e+05
1.364701705694346165e+05
1.406326006381018669e+05
1.447974126472601783e+05
1.489629537914417451e+05
1.531279258276406035e+05
1.572913002740880183e+05
1.614522371955053241e+05
1.656100524298959936e+05
1.697641855511318718e+05
1.739141790655741061e+05
1.780596544439504214e+05
1.822002988374092674e+05
1.863358575897240953e+05
1.904661197441628319e+05
1.945909105491011869e+05
1.987100873892978125e+05
2.028235342928959581e+05
2.069311592340529023e+05
2.110328862927981827e+05
2.151286543426963035e+05
2.192184159636732657e+05
2.233021358614080818e+05
2.273797882856297365e+05
2.314513533658181550e+05
2.355168180698340584e+05
2.395761724176749995e+05
2.436294102599622856e+05
2.476765303625055240e+05
2.517175354757997848e+05
2.557524293691146304e+05
2.597812185386912024e+05
2.638039113281777245e+05
2.678205168701863731e+05
2.718310458439984941e+05
2.758355085564749897e+05
2.798339157319675433e+05
2.838262780746128410e+05
2.878126070087180706e+05
2.917929154811443295e+05
2.957672149654580280e+05
2.997355168558018631e+05
3.036978335096680094e+05
3.076541766615051311e+05
3.116045581412480096e+05
3.155489897638699040e+05
3.194874837357032811e+05
3.234200514974930556e+05
3.273467047364410828e+05
3.312674541214527562e+05
3.351823090037512593e+05
3.390912786536539788e+05
3.429943731312518939e+05
3.468916019848890719e+05
3.507829750660377904e+05
3.546685017385071260e+05
3.585481904910486774e+05
3.624220505990465754e+05
3.662900911670632777e+05
3.701523202469783719e+05
3.740087464567875722e+05
3.778593774469863856e+05
3.817042208920196863e+05
3.855432842870705645e+05
3.893765746821781504e+05
3.932040993436436984e+05
3.970258649417826673e+05
4.008418782111793989e+05
4.046521455011366052e+05
4.084566737550075050e+05
4.122554689100129181e+05
4.160485370193662238e+05
4.198358831347372034e+05
4.236175138188725687e+05
4.273934344679778442e+05
4.311636501741665415e+05
4.349281662430603756e+05
4.386869874780299142e+05
4.424401192580031930e+05
4.461875669593578205e+05
4.499293360126220505e+05
4.536654313344244147e+05
4.573958580804888625e+05
4.611206215493265190e+05
4.648397265675368835e+05
4.685531777576860040e+05
4.722609790645258618e+05
4.759631341440015240e+05
4.796596474615857005e+05
4.833505231921732193e+05
4.870357657997168717e+05
4.907153798540036660e+05
4.943893692665862618e+05
4.980577381235559587e+05
5.017204904240661417e+05
5.053776299125536461e+05
5.090291602626753156e+05
5.126750849823739845e+05
5.163154075408608769e+05
5.199501313360159402e+05
5.235792600521117565e+05
5.272027972692740150e+05
5.308207465648861835e+05
5.344331119566302514e+05
5.380398973924465245e+05
5.416411068281261250e+05
5.452367437747936929e+05
5.488268118387457216e+05
5.524113144574287580e+05
5.559902549512506230e+05
5.595636365845233668e+05
5.631314627227089368e+05
5.666937365149352700e+05
5.702504611431985395e+05
5.738016398408811074e+05
5.773472756244201446e+05
5.808873701603428926e+05
