nan
1.154864368330444413e+05
1.194767297427013254e+05
1.234927488415121043e+05
1.275055485675857199e+05
1.315006929910656763e+05
1.354693095278733817e+05
1.394053950245047163e+05
1.433046948280922952e+05
1.471641345408620255e+05
1.509814670006032393e+05
1.547550491333815444e+05
1.584836923464568681e+05
1.621665548861756106e+05
1.658030517295764294e+05
1.693928070736726222e+05
1.729355978157218487e+05
1.764313243989773036e+05
1.798799809852560866e+05
1.832816361983874813e+05
1.866364152364245965e+05
1.899444908890587394e+05
1.932060718028783158e+05
1.964213938476809417e+05
1.995907176544027752e+05
2.027143220382465515e+05
2.057925019192271866e+05
2.088255639982512221e+05
2.118138255388139514e+05
2.147576129030067241e+05
2.176572601145439839e+05
2.205131075586253719e+05
2.233255007613822236e+05
2.260947900940658001e+05
2.288213312473424594e+05
2.315054842257468263e+05
2.341476129386154353e+05
2.367480848695812747e+05
2.393072706861586485e+05
2.418255447051014635e+05
2.443032847337861604e+05
2.467408706746905518e+05
2.491386858616583049e+05
2.514971159838740714e+05
2.538165491801509052e+05
2.560973761267166410e+05
2.583399896101991471e+05
2.605447846026197658e+05
2.627121581035142299e+05
2.648425089576776372e+05
2.669362378164842958e+05
2.689937468241041643e+05
2.710154400070350384e+05
2.730017227320387610e+05
2.749530014901712420e+05
2.768696837573526427e+05
2.787521778916954063e+05
2.806008932369503891e+05
2.824162395872194902e+05
2.841986272784594330e+05
2.859484667569274316e+05
2.876661685997804161e+05
2.893521430707169930e+05
2.910068007846602122e+05
2.926305522099796799e+05
2.942238070606632391e+05
2.957869748472245410e+05
2.973204647060012212e+05
2.988246845171602326e+05
3.003000412959536188e+05
3.017469408319967915e+05
3.031657875910058501e+05
3.045569847958514583e+05
3.059209338228277047e+05
3.072580346429447527e+05
3.085686854641246027e+05
3.098532827098203707e+05
3.111122206378654810e+05
3.123458912544958876e+05
3.135546843586726463e+05
3.147389874444200541e+05
3.158991855795986485e+05
3.170356613489870215e+05
3.181487947534598643e+05
3.192389631272352417e+05
3.203065407800749526e+05
3.213518992733692867e+05
3.223754071668756660e+05
3.233774298471054062e+05
3.243583294771478977e+05
3.253184649632863584e+05
3.262581920980311697e+05
3.271778633428804460e+05
3.280778277148889028e+05
3.289584307747618295e+05
3.298200145260901190e+05
3.306629172647005180e+05
3.314874739219735493e+05
3.322940157171887695e+05
3.330828701543133939e+05
3.338543610113401082e+05
3.346088082082169130e+05
3.353465278457866516e+05
3.360678322791365790e+05
3.367730299693273264e+05
3.374624254504589480e+05
3.381363194452531752e+05
3.387950088231225382e+05
3.394387863816150930e+05
3.400679411839517998e+05
3.406827583380932920e+05
3.412835188593688654e+05
3.418704999541221769e+05
3.424439749357107794e+05
3.430042132118389709e+05
3.435514802626608871e+05
3.440860376063797157e+05
3.446081428965233499e+05
3.451180497223068960e+05
3.456160077908067033e+05
3.461022629833664396e+05
3.465770571550686145e+05
