0.000000000000000000e+00
1.149632580520706624e+07
3.949260988989025354e+07
8.480548263002957404e+07
1.468004923568100631e+08
2.241623628953358233e+08
3.152735565277112722e+08
4.184237645328372121e+08
5.319287778693357706e+08
6.541962609760537148e+08
7.837593061455961466e+08
9.192902623371572495e+08
1.059602667832492471e+09
1.203646217955222607e+09
1.350497908277465343e+09
1.499351340961374760e+09
1.649505420930119991e+09
1.800353193749168873e+09
1.951371249222504854e+09
2.102109914504908562e+09
2.252184337886145115e+09
2.401266478046934605e+09
2.549077968454031467e+09
2.695383803140590668e+09
2.839986774579973698e+09
2.982722590530608654e+09
3.123455596004487991e+09
3.262075032534091473e+09
3.398491772439334869e+09
3.532635467052242279e+09
3.664452059612243176e+09
3.793901615579257488e+09
3.920956430026397705e+09
4.045599376060896397e+09
4.167822463782587051e+09
4.287625582025288582e+09
4.405015399588582993e+09
4.520004405146097183e+09
4.632610068223875999e+09
4.742854105432973862e+09
4.850761838792300224e+09
4.956361634332365036e+09
5.059684410990731239e+09
5.160763210600551605e+09
5.259632821504755020e+09
5.356329449534469604e+09
5.450890429759451866e+09
5.543353974802947998e+09
5.633758954589365005e+09
5.722144704178806305e+09
5.808550855953186989e+09
5.893017193348205566e+09
5.975583523901863098e+09
6.056289568689497948e+09
6.135174866580118179e+09
6.212278691615604401e+09
6.287639981760819435e+09
6.361297277806378365e+09
6.433288671228855133e+09
6.503651760005127907e+09
6.572423611341183662e+09
6.639640730385349274e+09
6.705339034791431427e+09
6.769553833609598160e+09
6.832319810707338333e+09
6.893671011971272469e+09
6.953640835409387589e+09
7.012262024671933174e+09
7.069566664607886314e+09
7.125586179468922615e+09
7.180351332841709137e+09
7.233892229381572723e+09
7.286238317982568741e+09
7.337418396263374329e+09
7.387460616209782600e+09
7.436392490808761597e+09
7.484240901495096207e+09
7.531032106322250366e+09
7.576791748641697884e+09
7.621544866491390228e+09
7.665315902311744690e+09
7.708128712925511360e+09
7.750006579972746849e+09
7.790972220418224335e+09
7.831047797291203499e+09
7.870254930598952293e+09
7.908614708215476036e+09
7.946147696919916153e+09
7.982873953356892586e+09
8.018813035006201744e+09
8.053984011137961388e+09
8.088405473698538780e+09
8.122095548076445580e+09
8.155071903801971436e+09
8.187351765090292931e+09
8.218951921307997704e+09
8.249888737255621910e+09
8.280178163309414864e+09
8.309835745435011864e+09
8.338876635013019562e+09
8.367315598524548531e+09
8.395167026984618187e+09
8.422444945294046402e+09
8.449163021373691559e+09
8.475334575101302147e+09
8.500972587074785233e+09
8.526089707210605621e+09
8.550698263158563614e+09
8.574810268504825592e+09
8.598437430819948196e+09
8.621591159529346466e+09
8.644282573568372726e+09
8.666522508900304794e+09
8.688321525840883255e+09
8.709689916214849472e+09
8.730637710337856293e+09
8.751174683823087692e+09
8.771310364233343124e+09
8.791054037563320160e+09
8.810414754559116364e+09
8.829401336891361237e+09
8.848022383159196854e+09
