0.000000000000000000e+00
3.290576341071328521e+08
6.324805185199662447e+08
9.082324021233997345e+08
1.156663308648378372e+09
1.379126074228374243e+09
1.577434610311705589e+09
1.753579835683080435e+09
1.909570069540357113e+09
2.047341306436417341e+09
2.168709270960008621e+09
2.275346665193678379e+09
2.368776236002255917e+09
2.450372942933332920e+09
2.521371307590521336e+09
2.582875726333616257e+09
2.635871688101428986e+09
2.681237383991156578e+09
2.719754848787453175e+09
2.752120398636902332e+09
2.778954244805884361e+09
2.800809194983668327e+09
2.818178414927887440e+09
2.831502367530314922e+09
2.841174966653399944e+09
2.847548980700656891e+09
2.850940795690418720e+09
2.851634596222840786e+09
2.849886064499893665e+09
2.845925591431519508e+09
2.839961114481298923e+09
2.832180607085822582e+09
2.822754262613914490e+09
2.811836407750975132e+09
2.799567204208697319e+09
2.786074131265404701e+09
2.771473302211294174e+09
2.755870623168078423e+09
2.739362820746434212e+09
2.722038351844198227e+09
2.703978212888018131e+09
2.685256648272296906e+09
2.665941801102533340e+09
2.646096270323921680e+09
2.625777620409121037e+09
2.605038842016706467e+09
2.583928748947832108e+09
2.562492350927329063e+09
2.540771177018735886e+09
2.518803572863481998e+09
2.496624964785319805e+09
2.474268097516787052e+09
2.451763259281943321e+09
2.429138470412916660e+09
2.406419663517660141e+09
2.383630847224320889e+09
2.360794251468459606e+09
2.337930462952802181e+09
2.315058546807842731e+09
2.292196160738351822e+09
2.269359654773705006e+09
2.246564162250902176e+09
2.223823692143468380e+09
2.201151205183559895e+09
2.178558687385682106e+09
2.156057216670340538e+09
2.133657021010745525e+09
2.111367546080108404e+09
2.089197493463896751e+09
2.067154880612946033e+09
2.045247080146991730e+09
2.023480864057406664e+09
2.001862442309884787e+09
1.980397496747285128e+09
1.959091218207463503e+09
1.937948336655892611e+09
1.916973150364411831e+09
1.896169552172323465e+09
1.875541053218648911e+09
1.855090810785306692e+09
1.834821648731974840e+09
1.814736076049067497e+09
1.794836310303880453e+09
1.775124292499994993e+09
1.755601705464381218e+09
1.736269990196282625e+09
1.717130359824463367e+09
1.698183815414421797e+09
1.679431157015312672e+09
1.660872996730658054e+09
1.642509771108582258e+09
1.624341752961900711e+09
1.606369060343132734e+09
1.588591667113818169e+09
1.571009411187777758e+09
1.553622004419916153e+09
1.536429039310817719e+09
1.519429998478055000e+09
1.502624261580812454e+09
1.486011111780059338e+09
1.469589742967494965e+09
1.453359263231826782e+09
1.437318703852458477e+09
1.421467024075214386e+09
1.405803115095307112e+09
1.390325805491234303e+09
1.375033866809464216e+09
1.359926017664187670e+09
1.345000926163892269e+09
1.330257216179836035e+09
1.315693470177894115e+09
1.301308231028850317e+09
1.287100007683264494e+09
1.273067277484000683e+09
1.259208489298644781e+09
1.245522066061409950e+09
1.232006407017933130e+09
1.218659891004197359e+09
1.205480877698446035e+09
1.192467710583230495e+09
1.179618719499782562e+09
1.166932221407678843e+09
