0.000000000000000000e+00
1.060392830898021758e+08
2.121305396462696791e+08
3.179898856424263120e+08
4.234940001137877703e+08
5.285729471824277043e+08
6.331846430465294123e+08
7.373039336348410845e+08
8.409167029557170868e+08
9.440162821162198782e+08
1.046601032158571720e+09
1.148672805045640707e+09
1.250235736420277119e+09
1.351295505093923569e+09
1.451858695749450207e+09
1.551932426976530075e+09
1.651524057135284901e+09
1.750640975185301304e+09
1.849290453881362200e+09
1.947479578289256096e+09
2.045215158583156109e+09
2.142503714429730415e+09
2.239351450312973976e+09
2.335764261148029327e+09
2.431747703871875286e+09
2.527307043485428333e+09
2.622447247347395897e+09
2.717173007563180447e+09
2.811488753107182503e+09
2.905398668039218903e+09
2.998906706164009094e+09
3.092016615034826279e+09
3.184731943205091953e+09
3.277056062775805473e+09
3.368992180735656261e+09
3.460543350636090279e+09
3.551712487086399078e+09
3.642502379198976994e+09
3.732915696985347748e+09
3.822955005145208836e+09
3.912622766770610809e+09
4.001921359039375305e+09
4.090853070886169434e+09
4.179420112261124611e+09
4.267624632534704208e+09
4.355468711501785278e+09
4.442954364051230431e+09
4.530083561517833710e+09
4.616858218992645264e+09
4.703280205743582726e+09
4.789351347167064667e+09
4.875073433785613060e+09
4.960448214138496399e+09
5.045477402385570526e+09
5.130162682559194565e+09
5.214505710103209496e+09
5.298508111455905914e+09
5.382171483268800735e+09
5.465497404380870819e+09
5.548487428914461136e+09
5.631143092414465904e+09
5.713465909466695786e+09
5.795457367548086166e+09
5.877118950666528702e+09
5.958452114331598282e+09
6.039458304299804688e+09
6.120138954413749695e+09
6.200495477610256195e+09
6.280529276574056625e+09
6.360241740415004730e+09
6.439634248499860764e+09
6.518708165522233009e+09
6.597464844652873993e+09
6.675905631954925537e+09
6.754031858499869347e+09
6.831844850719182968e+09
6.909345922931550026e+09
6.986536379159269333e+09
7.063417516226110458e+09
7.139990621777999878e+09
7.216256973466053009e+09
7.292217845506484985e+09
7.367874497541055679e+09
7.443228185077389717e+09
7.518280159127656937e+09
7.593031661011182785e+09
7.667483927427762032e+09
7.741638183588119507e+09
7.815495651920707703e+09
7.889057546292140007e+09
7.962325077243759155e+09
8.035299444574766159e+09
8.107981838766889572e+09
8.180373452026929855e+09
8.252475469381408691e+09
8.324289065464451790e+09
8.395815414530242920e+09
8.467055681527713776e+09
8.538011026925981522e+09
8.608682607636983871e+09
8.679071571098859787e+09
8.749179062798339844e+09
8.819006217996191025e+09
8.888554172027259827e+09
8.957824051424940109e+09
9.026816979126632690e+09
9.095534074203155518e+09
9.163976450199651718e+09
9.232145212835866928e+09
9.300041467595703125e+09
9.367666312506511688e+09
9.435020844365259171e+09
9.502106148484949112e+09
9.568923310688621521e+09
9.635473407975708008e+09
9.701757516341981888e+09
9.767776705319208145e+09
9.833532040331211090e+09
9.899024581136074066e+09
9.964255384704917908e+09
1.002922550320906448e+10
1.009393597757122803e+10
