0.000000000000000000e+00
2.287500732298258692e+06
8.052667927234915085e+06
1.772818619522661343e+07
3.146620006061884388e+07
4.926221275367885828e+07
7.101665229911270738e+07
9.657156408959023654e+07
1.257343155359604359e+08
1.582935010271595418e+08
1.940297744671163261e+08
2.327232347508217394e+08
2.741584002868260741e+08
3.181274794429575205e+08
3.644324197484918833e+08
4.128860921797131896e+08
4.633128595078836679e+08
5.155487118927006125e+08
5.694411028211476803e+08
6.248485862139859200e+08
6.816403222530801296e+08
7.396955062579933405e+08
7.989027565099887848e+08
8.591594880236465931e+08
9.203712890887840986e+08
9.824513166497423649e+08
1.045319715361855507e+09
1.108903067482514143e+09
1.173133875423170805e+09
1.237950078900108814e+09
1.303294606106214523e+09
1.369114959093523026e+09
1.435362830908498764e+09
1.501993753784023285e+09
1.568966776013470411e+09
1.636244166114772797e+09
1.703791141916203499e+09
1.771575623101941824e+09
1.839568004907298088e+09
1.907740951567199469e+09
1.976069207810880661e+09
2.044529426991723776e+09
2.113100013861600637e+09
2.181760981095279217e+09
2.250493818886137009e+09
2.319281375556939602e+09
2.388107748157950401e+09
2.456958183443854809e+09
2.525818986673633099e+09
2.594677438488632202e+09
2.663521718802371502e+09
2.732340837409047127e+09
2.801124570240840912e+09
2.869863400825542450e+09
2.938548467016559601e+09
3.007171512161667824e+09
3.075724840100102901e+09
3.144201273522954941e+09
3.212594116509727001e+09
3.280897119480913162e+09
3.349104447343815327e+09
3.417210650060681343e+09
3.485210634953549385e+09
3.553099642383330822e+09
3.620873222270838261e+09
3.688527212956160069e+09
3.756057721849681377e+09
3.823461106933358192e+09
3.890733960168955326e+09
3.957873092001665592e+09
4.024875517069708347e+09
4.091738440868199348e+09
4.158459247353488445e+09
4.225035487792835236e+09
4.291464869866285801e+09
4.357745248213463783e+09
4.423874615074923515e+09
4.489851091914109230e+09
4.555672921450654030e+09
4.621338460380713463e+09
4.686846172484504700e+09
4.752194622417315483e+09
4.817382469559744835e+09
4.882408462578362465e+09
4.947271434385574341e+09
5.011970297176610947e+09
5.076504038116349220e+09
5.140871714867147446e+09
5.205072451765363693e+09
5.269105436126964569e+09
5.332969914929966927e+09
5.396665191443679810e+09
5.460190622087059021e+09
5.523545613788589478e+09
5.586729621329483032e+09
5.649742144610283852e+09
5.712582726515291214e+09
5.775250950612151146e+09
5.837746439045753479e+09
5.900068850670454025e+09
5.962217879070905685e+09
6.024193250964786530e+09
6.085994724371327400e+09
6.147622087290143967e+09
6.209075156097749710e+09
6.270353774195244789e+09
6.331457810781757355e+09
6.392387159615139961e+09
6.453141737675179482e+09
6.513721484268358231e+09
6.574126359869215012e+09
6.634356345330076218e+09
6.694411440659248352e+09
6.754291664367961884e+09
6.813997052471797943e+09
6.873527657834774017e+09
6.932883549331511497e+09
6.992064811177237511e+09
7.051071542190719604e+09
7.109903855197313309e+09
7.168561876415834427e+09
7.227045744812689781e+09
