0.000000000000000000e+00
3.405539599123399258e+08
6.719731284098565578e+08
9.930378847534292936e+08
1.303463801005188465e+09
1.603288437123710155e+09
1.892708166839416981e+09
2.172003600215917587e+09
2.441498847409692764e+09
2.701537567412470818e+09
2.952468577105604649e+09
3.194636927530835629e+09
3.428378903834748268e+09
3.654019160888555527e+09
3.871869215867986679e+09
4.082227067294991016e+09
4.285377109031548977e+09
4.481590577740325928e+09
4.671126098009958267e+09
4.854230313141811371e+09
5.031138582692029953e+09
5.202075673030603409e+09
5.367256383381918907e+09
5.526886170670906067e+09
5.681161741233373642e+09
5.830271571231266022e+09
5.974396391694906235e+09
6.113709628756932259e+09
6.248377836939228058e+09
6.378561058483761787e+09
6.504413174093542099e+09
6.626082222665080070e+09
6.743710692640312195e+09
6.857435783811871529e+09
6.967389667991284370e+09
7.073699713290693283e+09
7.176488701799877167e+09
7.275875028314175606e+09
7.371972888970310211e+09
7.464892457277172089e+09
7.554740051680318832e+09
7.641618282604661942e+09
7.725626212093264580e+09
7.806859480924472809e+09
7.885410441913875580e+09
7.961368291551176071e+09
8.034819178707283974e+09
8.105846325730277061e+09
8.174530131608100891e+09
8.240948277042287827e+09
8.305175820738506317e+09
8.367285290864992142e+09
8.427346783183806419e+09
8.485428039102415085e+09
8.541594530097778320e+09
8.595909538839925766e+09
8.648434233229278564e+09
8.699227740759180069e+09
8.748347218036697388e+09
8.795847920743480682e+09
8.841783266114889145e+09
8.886204892636251450e+09
8.929162726934900284e+09
8.970705038793157578e+09
9.010878498093021393e+09
9.049728228641613007e+09
9.087297856420133591e+09
9.123629570752040863e+09
9.158764158071783066e+09
9.192741060081869125e+09
9.225598412988700867e+09
9.257373093438980103e+09
9.288100760292453766e+09
9.317815893010660172e+09
9.346551834417245865e+09
9.374340827464654922e+09
9.401214051859508514e+09
9.427201658494573593e+09
9.452332801860347748e+09
9.476635677276697159e+09
9.500137551043720245e+09
9.522864788974578857e+09
9.544842890276626587e+09
9.566096512918218613e+09
9.586649502755584717e+09
9.606524920795234680e+09
9.625745068039939880e+09
9.644331512334337234e+09
9.662305110372205734e+09
9.679686031736860275e+09
9.696493782246543884e+09
9.712747226660438538e+09
9.728464608419578552e+09
9.743663570915790558e+09
9.758361176278070450e+09
9.772573925727912903e+09
9.786317776566440582e+09
9.799608161787469864e+09
9.812460007015823364e+09
9.824887746793079376e+09
9.836905341492042542e+09
9.848526290216445923e+09
9.859763649146505356e+09
9.870630045448905945e+09
9.881137690196609497e+09
9.891298392566019058e+09
9.901123574020069122e+09
9.910624280822751999e+09
9.919811194668718338e+09
9.928694646999784470e+09
9.937284629707241058e+09
9.945590804597223282e+09
9.953622516583568573e+09
9.961388803324884415e+09
9.968898405513494492e+09
9.976159776399265289e+09
9.983181090841020584e+09
9.989970255237541199e+09
9.996534915261766434e+09
1.000288246514234734e+10
1.000902005639114380e+10
1.001495460456687546e+10
