0.000000000000000000e+00
1.037517823575039208e+08
2.040778717190347612e+08
3.002616994471997023e+08
3.920278000531689525e+08
4.793107344287488461e+08
5.621679907474167347e+08
6.407323695452508926e+08
7.151823874197566509e+08
7.857227810890603065e+08
8.525712576914553642e+08
9.159495702948188782e+08
9.760773361334509850e+08
1.033168025650965929e+09
1.087426276000958443e+09
1.139046334796816826e+09
1.188211197627401352e+09
1.235092263292600632e+09
1.279849351060214520e+09
1.322630992075270176e+09
1.363574836330075979e+09
1.402808208171736956e+09
1.440448693802985430e+09
1.476604773124382973e+09
1.511376414783091307e+09
1.544855726835685968e+09
1.577127531985540152e+09
1.608269940080666304e+09
1.638354877684011459e+09
1.667448589139110088e+09
1.695612100057794333e+09
1.722901655941303015e+09
1.749369112296593189e+09
1.775062308991782427e+09
1.800025404722185850e+09
1.824299184521317720e+09
1.847921345170195580e+09
1.870926756097035170e+09
1.893347692078049898e+09
1.915214053578009367e+09
1.936553558959729910e+09
1.957391932047651768e+09
1.977753057024569035e+09
1.997659131165845633e+09
2.017130813648567438e+09
2.036187335944845438e+09
2.054846615893280268e+09
2.073125378073978662e+09
2.091039232319012642e+09
2.108602767254950762e+09
2.125829628364692926e+09
2.142732596376565933e+09
2.159323643897655010e+09
2.175614001560028076e+09
2.191614215542635441e+09
2.207334197941541672e+09
2.222783271355803013e+09
2.237970209745846272e+09
2.252903287871143341e+09
2.267590309433547974e+09
2.282038645070650578e+09
2.296255259406014919e+09
2.310246732594537258e+09
2.324019308283197403e+09
2.337578892060760021e+09
2.350931091343645096e+09
2.364081232564068794e+09
2.377034370676898479e+09
2.389795316405101299e+09
2.402368648413339138e+09
2.414758731430152416e+09
2.426969724654033661e+09
2.439005597299385548e+09
2.450870144162090778e+09
2.462566988633583546e+09
2.474099602505719185e+09
2.485471307856626511e+09
2.496685287245159626e+09
2.507744594775456429e+09
2.518652161397285938e+09
2.529410800981547832e+09
2.540023223089169502e+09
2.550492027981310844e+09
2.560819722499027252e+09
2.571008724742082596e+09
2.581061363834571362e+09
2.590979889311412811e+09
2.600766468720971584e+09
2.610423200155343533e+09
2.619952110165175438e+09
2.629355162313791752e+09
2.638634253131086349e+09
2.647791216679830551e+09
2.656827838238340378e+09
2.665745848051925182e+09
2.674546920854167938e+09
2.683232688014951229e+09
2.691804730915562153e+09
2.700264587880228043e+09
2.708613756966529369e+09
2.716853692027953625e+09
2.724985811833553791e+09
2.733011493624863625e+09
2.740932084737116814e+09
2.748748895327190876e+09
2.756463204931387901e+09
2.764076263421397209e+09
2.771589290584511757e+09
2.779003475160687447e+09
2.786319983327344418e+09
2.793539952637295723e+09
2.800664499035183430e+09
2.807694707825701237e+09
2.814631646320659637e+09
2.821476355503910065e+09
2.828229858507207870e+09
2.834893155987697124e+09
2.841467229153974056e+09
2.847953038945353985e+09
2.854351529507604599e+09
2.860663626793230534e+09
2.866890232758537292e+09
