0.000000000000000000e+00
3.510153251933591440e+06
1.229243183946797438e+07
2.691737922415367514e+07
4.751716707073910534e+07
7.398581748621064425e+07
1.060792425808648467e+08
1.434744093738991022e+08
1.858068625679771304e+08
2.326951910647194088e+08
2.837570668718048930e+08
3.386196193015758395e+08
3.969259406693334579e+08
4.583389236846475005e+08
5.225432625907827616e+08
5.892461978763674498e+08
6.581774160825395584e+08
7.290883947638859749e+08
8.017513999328815937e+08
8.759582791154179573e+08
9.515191502803461552e+08
1.028261060496234775e+09
1.106026655991721630e+09
1.184672897563321829e+09
1.264069839495850801e+09
1.344099483604647160e+09
1.424654712666970491e+09
1.505638305355502129e+09
1.586962030811822176e+09
1.668545820605911255e+09
1.750317013262380600e+09
1.832209667468884706e+09
1.914163938062261343e+09
1.996125510231218815e+09
2.078045087332765579e+09
2.159877927320394516e+09
2.241583423483754158e+09
2.323124725227536201e+09
2.404468395430081844e+09
2.485584100572868824e+09
2.566444330476887703e+09
2.647024145131801605e+09
2.727300945230132580e+09
2.807254264717281818e+09
2.886865583188699722e+09
2.966118155341950893e+09
3.044996857162826061e+09
3.123488045727409363e+09
3.201579432360608578e+09
3.279259967016736507e+09
3.356519733923492432e+09
3.433349856098954201e+09
3.509742408837833405e+09
3.585690340482921124e+09
3.661187400497664928e+09
3.736228073744580269e+09
3.810807521034704685e+09
3.884921524211164951e+09
3.958566435959309578e+09
4.031739134251886368e+09
4.104436980373878002e+09
4.176657780926067352e+09
4.248399752309609413e+09
4.319661488564087868e+09
4.390441931933403015e+09
4.460740345511695862e+09
4.530556288386464119e+09
4.599889592646989822e+09
4.668740342175700188e+09
4.737108853086615562e+09
4.804995656006803513e+09
4.872401479175284386e+09
4.939327233326390266e+09
5.005773997655565262e+09
5.071743006614178658e+09
5.137235637835229874e+09
5.202253401086191177e+09
5.266797927774071693e+09
5.330870961534937859e+09
5.394474349304988861e+09
5.457610033033592224e+09
5.520280042078979492e+09
5.582486486081592560e+09
5.644231548350659370e+09
5.705517479878356934e+09
5.766346593558555603e+09
5.826721258920859337e+09
5.886643897106657982e+09
5.946116976500186920e+09
6.005143008163686752e+09
6.063724542122914314e+09
6.121864163536706924e+09
6.179564489264064789e+09
6.236828164591856956e+09
6.293657860213981628e+09
6.350056269455852509e+09
6.406026105709259033e+09
6.461570099839914322e+09
6.516690998020900726e+09
6.571391559522116661e+09
6.625674554785717010e+09
6.679542763425238609e+09
6.732998972558284760e+09
6.786045975143702507e+09
6.838686568575636864e+09
6.890923553045440674e+09
6.942759730327406883e+09
6.994197902488037109e+09
7.045240870740335464e+09
7.095891434312875748e+09
7.146152389440544128e+09
7.196026528405635834e+09
7.245516638657094002e+09
7.294625501948953629e+09
7.343355893524039268e+09
7.391710581451985359e+09
7.439692325878265381e+09
7.487303878440925598e+09
7.534547981619229317e+09
7.581427368232785225e+09
7.627944760861258507e+09
7.674102871366798401e+09
