0.000000000000000000e+00
1.409032922479570508e+08
2.758025850885635018e+08
4.036915831740868688e+08
5.242574453554987907e+08
6.375118409315358400e+08
7.436496771785793304e+08
8.429718807219675779e+08
9.358380999064477682e+08
1.022636125250979424e+09
1.103762064986542940e+09
1.179607197328215361e+09
1.250549705121877193e+09
1.316949571221558094e+09
1.379145749118687153e+09
1.437454782042523623e+09
1.492170554405565500e+09
1.543564659136587143e+09
1.591887265348859310e+09
1.637368228682265997e+09
1.680218333166329861e+09
1.720630669003097057e+09
1.758781928774926901e+09
1.794833747915049553e+09
1.828933943221065760e+09
1.861217707291706800e+09
1.891808713686221123e+09
1.920820144439053059e+09
1.948355630788307190e+09
1.974510124444814682e+09
1.999370690192837000e+09
2.023017234568444014e+09
2.045523146946866512e+09
2.066955903061071157e+09
2.087377606890074968e+09
2.106845480137186527e+09
2.125412298172164917e+09
2.143126792024885178e+09
2.160034013632797718e+09
2.176175660514441013e+09
2.191590368260894299e+09
2.206313985231008053e+09
2.220379804469756126e+09
2.233818790193949223e+09
2.246659779040165901e+09
2.258929649031465530e+09
2.270653496756504059e+09
2.281854771853767872e+09
2.292555420560061455e+09
2.302775998720306396e+09
2.312535793021657467e+09
2.321852916161587238e+09
2.330744401288753033e+09
2.339226280950521946e+09
2.347313663682032585e+09
2.355020803926707268e+09
2.362361179202895641e+09
2.369347525769659996e+09
2.375991904631412983e+09
2.382305748374386311e+09
2.388299905765290260e+09
2.393984686401949406e+09
2.399369888948131561e+09
2.404464840848894596e+09
2.409278433274120331e+09
2.413819141583828926e+09
2.418095063511381149e+09
2.422113936350566387e+09
2.425883158744065285e+09
2.429409814694136143e+09
2.432700694407639980e+09
2.435762305925508499e+09
2.438600901599101543e+09
2.441222488714368343e+09
2.443632838075790405e+09
2.445837502534848690e+09
2.447841832645730019e+09
2.449650982677123547e+09
2.451269925087164879e+09
2.452703455925403595e+09
2.453956207317177296e+09
2.455032655273437023e+09
2.455937126558439255e+09
2.456673806335670948e+09
2.457246749932122231e+09
2.457659882613716602e+09
2.457917010802937508e+09
2.458021823516389370e+09
2.457977903596416950e+09
2.457788723381682873e+09
2.457457660921508312e+09
2.456987995333109856e+09
2.456382914794857979e+09
2.455645520381017208e+09
2.454778826948563099e+09
2.453785769435389519e+09
2.452669208133398533e+09
2.451431925296270370e+09
2.450076635623538971e+09
2.448605984295286655e+09
2.447022551718162060e+09
2.445328851682561874e+09
2.443527339198937893e+09
2.441620410405399799e+09
2.439610407090436459e+09
2.437499611186659813e+09
2.435290255093215466e+09
2.432984519039640903e+09
2.430584533894883156e+09
2.428092382845931530e+09
2.425510102776111603e+09
2.422839686652844429e+09
2.420083084663836956e+09
2.417242204808961391e+09
2.414318914351344585e+09
2.411315042422700405e+09
2.408232377880517483e+09
2.405072673995083332e+09
2.401837647191328049e+09
2.398528980142715931e+09
2.395148319553171158e+09
2.391697276046635628e+09
