0.000000000000000000e+00
1.444134454998906553e+08
2.880950169280315042e+08
4.306089623982405663e+08
5.717746124262379408e+08
7.114976584177465439e+08
8.497289197594442368e+08
9.864462900958666801e+08
1.121644962474424839e+09
1.255331316315698862e+09
1.387519131858347893e+09
1.518226816629791260e+09
1.647475645791210651e+09
1.775288494906205654e+09
1.901689011709469795e+09
2.026700979918890953e+09
2.150347970488104820e+09
2.272653053900473118e+09
2.393638665281741142e+09
2.513326507797683716e+09
2.631737483446676254e+09
2.748891729499331951e+09
2.864808584766648293e+09
2.979506645478371620e+09
3.093003782716916561e+09
3.205317190896353722e+09
3.316463426353191376e+09
3.426458449794555187e+09
3.535317661600129128e+09
3.643055945050725937e+09
3.749687703455217361e+09
3.855226902037328720e+09
3.959687085009127617e+09
4.063081413292289734e+09
4.165422694222840309e+09
4.266723407457581043e+09
4.366995721655919075e+09
4.466251517252421379e+09
4.564502409062879562e+09
4.661759761087309837e+09
4.758034698737781525e+09
4.853338130362810135e+09
4.947680749699888229e+09
5.041073054911231041e+09
5.133525362228865623e+09
5.225047804373416901e+09
5.315650353919330597e+09
5.405342817581176758e+09
5.494134852920669556e+09
5.582035965737043381e+09
5.669055526945150375e+09
5.755202772260541916e+09
5.840486810126586914e+09
5.924916621433443069e+09
6.008501064179697037e+09
6.091248877671287537e+09
6.173168700237600327e+09
6.254269049980825424e+09
6.334558340590723038e+09
6.414044882626272202e+09
6.492736886139167786e+09
6.570642467328016281e+09
6.647769641257740974e+09
6.724126329412982941e+09
6.799720365207523346e+09
6.874559487095524788e+09
6.948651351897845268e+09
7.022003528997556686e+09
7.094623500919765472e+09
7.166518667780752182e+09
7.237696350414443970e+09
7.308163785100792885e+09
7.377928134925491333e+09
7.446996486369934082e+09
7.515375844689969063e+09
7.583073140370079041e+09
7.650095233731921196e+09
7.716448910451194763e+09
7.782140886622102737e+09
7.847177805230392456e+09
7.911566240350769043e+09
7.975312697352416992e+09
8.038423612640031815e+09
8.100905354686330795e+09
8.162764229810479164e+09
8.224006476172271729e+09
8.284638269723796844e+09
8.344665720623046875e+09
8.404094880096603394e+09
8.462931731545370102e+09
8.521182203044422150e+09
8.578852158869816780e+09
8.635947404058921814e+09
8.692473684972873688e+09
8.748436687162544250e+09
8.803842038891242981e+09
8.858695313842657089e+09
8.913002025136184692e+09
8.966767633644439697e+09
9.019997543817403793e+09
9.072697106503879547e+09
9.124871615107799530e+09
9.176526311757223129e+09
9.227666385549102783e+09
9.278296975666072845e+09
9.328423164232101440e+09
9.378049985420621872e+09
9.427182421527677536e+09
9.475825404635219574e+09
9.523983817158807755e+09
9.571662492216655731e+09
9.618866215058479309e+09
9.665599723320930481e+09
9.711867706757915497e+09
9.757674807875383377e+09
9.803025623874685287e+09
9.847924703758783340e+09
9.892376552436008453e+09
9.936385628810558319e+09
9.979956348375501633e+09
1.002309308041442871e+10
1.006580014741343307e+10
