nan
9.502978540040691868e-01
9.136271084422239452e-01
8.749526550484229004e-01
8.374270874894030880e-01
8.030576580989180480e-01
7.721553077479210714e-01
7.445109085580864372e-01
7.197700675518025060e-01
6.975616087755682759e-01
6.775425237099091946e-01
6.594113757237739515e-01
6.429093512868183646e-01
6.278166665428950299e-01
6.139475539591576769e-01
6.011451753524289510e-01
5.892769876944445873e-01
5.782307252879496096e-01
5.679110045051264377e-01
5.582364941148806325e-01
5.491375742818368488e-01
5.405544066249174939e-01
5.324353449070944322e-01
5.247356256425373955e-01
5.174162877243527747e-01
5.104432790847418522e-01
5.037867160689757373e-01
4.974202676177991167e-01
4.913206416247609676e-01
4.854671551250008266e-01
4.798413734423762067e-01
4.744268062203835234e-01
4.692086505161030541e-01
4.641735729514401276e-01
4.593095243788727355e-01
4.546055816998186838e-01
4.500518124288880872e-01
4.456391583715469396e-01
4.413593354119974554e-01
4.372047469208379944e-01
4.331684087110992398e-01
4.292438838146244717e-01
4.254252256330108839e-01
4.217069282499305016e-01
4.180838828839864019e-01
4.145513396206866319e-01
4.111048736946790738e-01
4.077403557039249171e-01
4.044539252298901544e-01
4.012419674153124838e-01
3.981010921162067007e-01
3.950281152996714118e-01
3.920200424054011146e-01
3.890740534281014185e-01
3.861874895113226458e-01
3.833578408716215580e-01
3.805827358961370033e-01
3.778599312773695540e-01
3.751873030666648678e-01
3.725628385431093981e-01
3.699846288076474865e-01
3.674508620234819833e-01
3.649598172335897783e-01
3.625098586945852408e-01
3.600994306734746075e-01
3.577270526602049916e-01
3.553913149543968530e-01
3.530908745894876799e-01
3.508244515616859571e-01
3.485908253348231067e-01
3.463888315953857489e-01
3.442173592348435895e-01
3.420753475388473297e-01
3.399617835650672326e-01
3.378756996933424683e-01
3.358161713335173770e-01
3.337823147778314903e-01
3.317732851860533683e-01
3.297882746927241482e-01
3.278265106269176998e-01
3.258872538358491555e-01
3.239697971044838143e-01
3.220734636640428250e-01
3.201976057829444833e-01
3.183416034343136691e-01
3.165048630347185310e-01
3.146868162492496568e-01
3.128869188585020056e-01
3.111046496833650421e-01
3.093395095639117076e-01
3.075910203889309913e-01
3.058587241729845974e-01
3.041421821780603274e-01
3.024409740771689670e-01
3.007546971574122097e-01
2.990829655602333381e-01
2.974254095567502865e-01
2.957816748562053233e-01
2.941514219457136425e-01
2.925343254596308729e-01
2.909300735769471680e-01
2.893383674452672527e-01
2.877589206299800417e-01
2.861914585873659989e-01
2.846357181604247111e-01
2.830914470963154517e-01
2.815584035843521349e-01
2.800363558135693931e-01
2.785250815489336840e-01
2.770243677253223513e-01
2.755340100584542373e-01
2.740538126719907486e-01
2.725835877400828999e-01
2.711231551446659505e-01
2.696723421468561477e-01
2.682309830718240806e-01
2.667989190065622740e-01
2.653759975099954094e-01
2.639620723348971576e-01
2.625570031611219046e-01
2.611606553396714214e-01
2.597728996471474483e-01
