nan
1.000000000000000000e+00
9.905110222560215005e-01
9.775778813283052537e-01
9.633406425865006506e-01
9.486961336754430318e-01
9.340518875434151713e-01
9.196127490356116319e-01
9.054867724195706513e-01
8.917308874957962095e-01
8.783730850796246381e-01
8.654242005198845566e-01
8.528846077766876199e-01
8.407482214622645778e-01
8.290049838247441905e-01
8.176424554665095989e-01
8.066468540270189669e-01
7.960037415526688420e-01
7.856984823147958874e-01
7.757165474411267247e-01
7.660437156226799216e-01
7.566662024385686358e-01
7.475707402302874671e-01
7.387446235548625895e-01
7.301757306591164509e-01
7.218525283114880509e-01
7.137640651908336853e-01
7.058999575406641469e-01
6.982503697446579283e-01
6.908059917286222262e-01
6.835580145543161956e-01
6.764981051797697154e-01
6.696183810763846056e-01
6.629113851854178119e-01
6.563700615444414410e-01
6.499877318030846673e-01
6.437580727659852897e-01
6.376750950416070207e-01
6.317331228326708015e-01
6.259267748731914827e-01
6.202509464954056861e-01
6.147007927948612283e-01
6.092717128519383740e-01
6.039593349617257134e-01
5.987595028205809911e-01
5.936682626160491028e-01
5.886818509666333910e-01
5.837966836587136221e-01
5.790093451294429094e-01
5.743165786464462519e-01
5.697152771374470737e-01
5.652024746254201704e-01
5.607753382274183185e-01
5.564311606777824215e-01
5.521673533389546140e-01
5.479814396655747766e-01
5.438710490898690519e-01
5.398339112985910404e-01
5.358678508738803359e-01
5.319707822723972468e-01
5.281407051189629387e-01
5.243756997926649621e-01
5.206739232850323695e-01
5.170336053113707697e-01
5.134530446577684204e-01
5.099306057475749832e-01
5.064647154123531614e-01
5.030538598534238792e-01
4.996965817811418464e-01
4.963914777200005291e-01
4.931371954685239700e-01
4.899324317037292431e-01
4.867759297206771807e-01
4.836664772983174654e-01
4.806029046834810470e-01
4.775840826854422794e-01
4.746089208740259524e-01
4.716763658747288313e-01
4.687853997547903329e-01
4.659350384945639134e-01
4.631243305389443621e-01
4.603523554239657978e-01
4.576182224740135140e-01
4.549210695654211101e-01
4.522600619524921872e-01
4.496343911522624470e-01
4.470432738845692699e-01
4.444859510642110156e-01
4.419616868421957223e-01
4.394697676932838304e-01
4.370095015471963107e-01
4.345802169610366028e-01
4.321812623306339196e-01
4.298120051386564722e-01
4.274718312374777285e-01
4.251601441649103252e-01
4.228763644910368824e-01
4.206199291944690555e-01
4.183902910664821784e-01
4.161869181415548402e-01
4.140092931529363862e-01
4.118569130119447141e-01
4.097292883097825023e-01
4.076259428407142948e-01
4.055464131455355226e-01
4.034902480743065567e-01
4.014570083673990042e-01
3.994462662539497999e-01
3.974576050668638394e-01
3.954906188735703987e-01
3.935449121217632351e-01
3.916200992994167684e-01
3.897158046083870619e-01
3.878316616509721593e-01
3.859673131288105519e-01
3.841224105535549493e-01
3.822966139687703491e-01
3.804895916825484781e-01
3.787010200103453905e-01
3.769305830275871960e-01
3.751779723316000514e-01
3.734428868124505807e-01
