nan
9.645108442306975505e-01
9.469215800737240674e-01
9.301333001960194746e-01
9.140959612451831084e-01
8.987572686972018499e-01
8.840684203504617367e-01
8.699847627647768755e-01
8.564656312586075293e-01
8.434740127007245292e-01
8.309761834948083958e-01
8.189413667320446510e-01
8.073414210388947243e-01
7.961505630907356190e-01
7.853451220191213222e-01
7.749033227013845115e-01
7.648050946674038730e-01
7.550319034975252475e-01
7.455666018708843046e-01
7.363932977475931008e-01
7.274972374851689239e-01
7.188647019802503202e-01
7.104829141848695295e-01
7.023399565720331861e-01
6.944246973202703455e-01
6.867267241544360301e-01
6.792362849237375544e-01
6.719442341209937997e-01
6.648419846525095434e-01
6.579214642581698858e-01
6.511750760587804443e-01
6.445956627741481482e-01
6.381764742125846102e-01
6.319111376817986292e-01
6.257936310137094393e-01
6.198182579325258734e-01
6.139796255273708425e-01
6.082726236184572421e-01
6.026924058299687470e-01
5.972343722038602198e-01
5.918941532072042877e-01
5.866675950018261920e-01
5.815507458591219203e-01
5.765398436154044459e-01
5.716313040740521600e-01
5.668217102704459220e-01
5.621078025241904585e-01
5.574864692107257547e-01
5.529547381911201764e-01
5.485097688448352660e-01
5.441488446555581282e-01
5.398693663049336511e-01
5.356688452332653005e-01
5.315448976300539696e-01
5.274952388206075593e-01
5.235176780180256229e-01
5.196101134125852283e-01
5.157705275730016803e-01
5.119969831362894963e-01
5.082876187649028044e-01
5.046406453516730783e-01
5.010543424546842761e-01
4.975270549457015412e-01
4.940571898571127218e-01
4.906432134135548240e-01
4.872836482355268894e-01
4.839770707032410302e-01
4.807221084699551672e-01
4.775174381148001301e-01
4.743617829259142993e-01
4.712539108053822035e-01
4.681926322881105884e-01
4.651767986673661648e-01
4.622053002202224370e-01
4.592770645266637253e-01
4.563910548765334196e-01
4.535462687589414399e-01
4.507417364291100292e-01
4.479765195480014950e-01
4.452497098903816508e-01
4.425604281172780263e-01
4.399078226090662458e-01
4.372910683556606726e-01
4.347093659005403232e-01
4.321619403355277944e-01
4.296480403434779771e-01
4.271669372861707781e-01
4.247179243349275546e-01
4.223003156415819914e-01
4.199134455476215000e-01
4.175566678294224121e-01
4.152293549776606141e-01
4.129308975090678624e-01
4.106607033088418013e-01
4.084181970020949182e-01
4.062028193528495201e-01
4.040140266891571463e-01
4.018512903530064850e-01
3.997140961737721820e-01
3.976019439640183784e-01
3.955143470365464209e-01
3.934508317416315348e-01
3.914109370234659102e-01
3.893942139948670111e-01
3.874002255293691466e-01
3.854285458698722966e-01
3.834787602530445594e-01
3.815504645487561852e-01
3.796432649138173909e-01
3.777567774593683647e-01
3.758906279312869692e-01
3.740444514030155654e-01
3.722178919802400232e-01
3.704106025168877325e-01
3.686222443419321371e-01
3.668524869965265611e-01
3.651010079810039777e-01
3.633674925113120624e-01
3.616516332844671444e-01
3.599531302526445264e-01
3.582716904055164853e-01
3.566070275605046636e-01
