nan
9.748740727486728819e-01
9.577536370500283613e-01
9.411145807533424223e-01
9.250761236378024499e-01
9.096584886253960001e-01
8.948494911022822906e-01
8.806249357157093227e-01
8.669562615550472362e-01
8.538138222763779206e-01
8.411684032090166463e-01
8.289919391655816705e-01
8.172578396888608987e-01
8.059411110623849739e-01
7.950183700088039318e-01
7.844677994130053733e-01
7.742690738841020437e-01
7.644032709624012378e-01
7.548527770933814995e-01
7.456011936418522890e-01
7.366332459455978698e-01
7.279346970399921402e-01
7.194922668537330201e-01
7.112935571696586967e-01
7.033269823390290165e-01
6.955817055575266306e-01
6.880475804101400250e-01
6.807150973409409334e-01
6.735753346840412936e-01
6.666199138917817679e-01
6.598409586077955691e-01
6.532310572509588686e-01
6.467832287981944983e-01
6.404908914774881667e-01
6.343478341060593273e-01
6.283481898315030900e-01
6.224864120554708391e-01
6.167572523397868434e-01
6.111557401136974432e-01
6.056771640182020411e-01
6.003170547391513123e-01
5.950711691950907323e-01
5.899354759587668307e-01
5.849061418029020132e-01
5.799795192713864678e-01
5.751521351865260812e-01
5.704206800115316778e-01
5.657819979951203004e-01
5.612330780320128332e-01
5.567710451793258519e-01
5.523931527744578851e-01
5.480967751050900283e-01
5.438794005864583392e-01
5.397386254051389498e-01
5.356721475922502362e-01
5.316777614923083872e-01
5.277533525969484440e-01
5.238968927154384891e-01
5.201064354563380565e-01
5.163801119968843834e-01
5.127161271186637670e-01
5.091127554899468333e-01
5.055683381767120954e-01
5.020812793658685491e-01
4.986500432855262566e-01
4.952731513084201453e-01
4.919491792256906471e-01
4.886767546792480932e-01
4.854545547418795959e-01
4.822813036351049631e-01
4.791557705755490892e-01
4.760767677413217935e-01
4.730431483505310730e-01
4.700538048446444295e-01
4.671076671699688765e-01
4.642037011509969058e-01
4.613409069498345949e-01
4.585183176063460375e-01
4.557349976540253089e-01
4.529900418069621182e-01
4.502825737136012529e-01
4.476117447732819166e-01
4.449767330118334363e-01
4.423767420127439620e-01
4.398109999006674098e-01
4.372787583742406836e-01
4.347792917853939287e-01
4.323118962625104866e-01
4.298758888749750207e-01
4.274706068368098744e-01
4.250954067472305087e-01
4.227496638661065176e-01
4.204327714224423973e-01
4.181441399540828940e-01
4.158831966769999666e-01
4.136493848825842923e-01
4.114421633614785967e-01
4.092610058525727457e-01
4.071054005158671329e-01
4.049748494279752364e-01
4.028688680991309723e-01
4.007869850106114962e-01
3.987287411715554342e-01
3.966936896942241386e-01
3.946813953867946423e-01
3.926914343628352122e-01
3.907233936666533181e-01
3.887768709137591761e-01
3.868514739457193929e-01
3.849468204987331887e-01
3.830625378852695606e-01
3.811982626881795788e-01
3.793536404666916217e-01
3.775283254737488159e-01
3.757219803841806982e-01
3.739342760332100002e-01
3.721648911648349767e-01
3.704135121896456329e-01
3.686798329516663975e-01
3.669635545038134050e-01
3.652643848916022340e-01
3.635820389447480538e-01
