nan
9.607308922370418891e-01
9.313215166402650791e-01
9.018972072787233563e-01
8.737782000992444509e-01
8.472355174304939673e-01
8.222820730644683218e-01
7.988438347278197238e-01
7.768168841357154797e-01
7.560901425161270506e-01
7.365551161874223096e-01
7.181100463929801503e-01
7.006614566077739026e-01
6.841244456314650169e-01
6.684223782137087566e-01
6.534863026553729970e-01
6.392542657797358752e-01
6.256706134884697512e-01
6.126853213238898643e-01
6.002533757118441171e-01
5.883342136359753782e-01
5.768912215532923105e-01
5.658912907752616794e-01
5.553044248440888175e-01
5.451033937993969847e-01
5.352634301781615811e-01
5.257619618441887743e-01
5.165783771429186544e-01
5.076938183316874742e-01
4.990909996938828752e-01
4.907540471806892124e-01
4.826683568232442156e-01
4.748204695161269417e-01
4.671979600898086837e-01
4.597893388671088211e-01
4.525839641401311897e-01
4.455719642133283975e-01
4.387441678390827104e-01
4.320920420280383034e-01
4.256076363507413918e-01
4.192835329627906393e-01
4.131128016853651275e-01
4.070889595588551568e-01
4.012059343614037266e-01
3.954580316480920676e-01
3.898399049217922130e-01
3.843465285945122378e-01
3.789731734395303531e-01
3.737153842705626672e-01
3.685689596154866909e-01
3.635299331793442335e-01
3.585945569150766343e-01
3.537592855411569315e-01
3.490207623634096201e-01
3.443758062741668069e-01
3.398213998158557958e-01
3.353546782083255962e-01
3.309729192500167616e-01
3.266735340125622167e-01
3.224540582567836933e-01
3.183121445054899468e-01
3.142455547150169726e-01
3.102521534933013747e-01
3.063299018174402977e-01
3.024768512082943173e-01
2.986911383237969009e-01
2.949709799362849050e-01
2.913146682624411787e-01
2.877205666173587861e-01
2.841871053668565406e-01
2.807127781545311063e-01
2.772961383821359038e-01
2.739357959237740947e-01
2.706304140561092697e-01
2.673787065883377889e-01
2.641794351770457294e-01
2.610314068123528175e-01
2.579334714628624403e-01
2.548845198679830504e-01
2.518834814671105371e-01
2.489293224560189255e-01
2.460210439615733713e-01
2.431576803265821096e-01
2.403382974972439190e-01
2.375619915062362475e-01
2.348278870450107858e-01
2.321351361193622898e-01
2.294829167827706073e-01
2.268704319424345861e-01
2.242969082332765540e-01
2.217615949555522548e-01
2.192637630720088160e-01
2.168027042608187127e-01
2.143777300207944658e-01
2.119881708256229624e-01
2.096333753240908759e-01
2.073127095834783329e-01
2.050255563734864617e-01
2.027713144882517526e-01
2.005493981041520379e-01
1.983592361712722685e-01
1.962002718365247755e-01
1.940719618965681958e-01
1.919737762787707691e-01
1.899051975485867017e-01
1.878657204418195115e-01
1.858548514203303970e-01
1.838721082498610826e-01
1.819170195987013239e-01
1.799891246560254288e-01
1.780879727687864067e-01
1.762131230961304362e-01
1.743641442803509634e-01
1.725406141334635268e-01
1.707421193385422753e-01
1.689682551649996367e-01
1.672186251970512461e-01
1.654928410746452083e-01
1.637905222461776000e-01
1.621112957323590786e-01
1.604547959006338564e-01
1.588206642495826049e-01
