nan
9.238141244825501808e-01
8.706162508037719183e-01
8.167641299665689969e-01
7.645337471410996733e-01
7.155868701206230531e-01
6.717074965600460246e-01
6.331599993479307686e-01
5.994946859966820973e-01
5.700681392612981790e-01
5.442375850307121787e-01
5.214286640937535466e-01
5.011521949009171140e-01
4.830009373713065601e-01
4.666394617861686633e-01
4.517926160100190214e-01
4.382347612191368480e-01
4.257804928812744527e-01
4.142769460244665192e-01
4.035975423501303450e-01
3.936369624614510787e-01
3.843071233402318154e-01
3.755339652450368493e-01
3.672548837518532228e-01
3.594166734033534816e-01
3.519738763085669686e-01
3.448874513241850792e-01
3.381236974137774021e-01
3.316533790275909555e-01
3.254510125396320452e-01
3.194942815314973372e-01
3.137635555417798150e-01
3.082414922270246826e-01
3.029127070395511989e-01
2.977634977809166528e-01
2.927816139409040730e-01
2.879560627378955351e-01
2.832769453588497854e-01
2.787353181494522381e-01
2.743230744995762138e-01
2.700328439619378296e-01
2.658579057759218323e-01
2.617921144776516607e-01
2.578298356876059239e-01
2.539658904988396082e-01
2.501955071581962731e-01
2.465142789522626332e-01
2.429181273892358217e-01
2.394032699150534238e-01
2.359661915233497442e-01
2.326036197189844112e-01
2.293125023779409299e-01
2.260899881155036539e-01
2.229334088323241259e-01
2.198402641562972881e-01
2.168082075387802454e-01
2.138350337978880966e-01
2.109186679305339041e-01
2.080571550393985059e-01
2.052486512418562059e-01
2.024914154456566862e-01
1.997838018913427327e-01
1.971242533744001213e-01
1.945112950712945821e-01
1.919435289031818093e-01
1.894196283793476709e-01
1.869383338696205266e-01
1.844984482611799204e-01
1.820988329605896794e-01
1.797384042065335308e-01
1.774161296628154194e-01
1.751310252647212129e-01
1.728821522949385292e-01
1.706686146679237959e-01
1.684895564039803062e-01
1.663441592763749144e-01
1.642316406166407228e-01
1.621512512648038695e-01
1.601022736526804546e-01
1.580840200096129966e-01
1.560958306811126572e-01
1.541370725518183826e-01
1.522071375650431435e-01
1.503054413319131200e-01
1.484314218237673955e-01
1.465845381420795845e-01
1.447642693606713271e-01
1.429701134354513514e-01
1.412015861773266712e-01
1.394582202842939156e-01
1.377395644290456689e-01
1.360451823987132158e-01
1.343746522836371249e-01
1.327275657122749530e-01
1.311035271295850901e-01
1.295021531163945694e-01
1.279230717474411083e-01
1.263659219859320226e-01
1.248303531126011279e-01
1.233160241873711566e-01
1.218226035418469022e-01
1.203497683009708830e-01
1.188972039322699625e-01
1.174646038212083798e-01
1.160516688712512484e-01
1.146581071273119617e-01
1.132836334213346008e-01
1.119279690388215176e-01
1.105908414051839789e-01
1.092719837908476127e-01
1.079711350340987058e-01
1.066880392807088296e-01
1.054224457394244696e-01
1.041741084524488714e-01
1.029427860800908867e-01
1.017282416987920768e-01
1.005302426117862385e-01
9.934856017167427444e-02
9.818296961424177738e-02
9.703324990287071072e-02
9.589918358293307576e-02
9.478055664558535098e-02
