nan
9.716668564694935784e-01
9.516485263946146134e-01
9.321386351411171667e-01
9.133912524939372668e-01
8.954538883276604855e-01
8.783145193661479055e-01
8.619397414129248425e-01
8.462884628592391989e-01
8.313176465467152498e-01
8.169849151912672580e-01
8.032497559346146732e-01
7.900740459387536330e-01
7.774222318468116955e-01
7.652613285724060299e-01
7.535608243187493782e-01
7.422925392483469276e-01
7.314304642950337776e-01
7.209505950463644952e-01
7.108307690330180062e-01
7.010505109212407104e-01
6.915908878370549129e-01
6.824343757075822525e-01
6.735647367151311737e-01
6.649669075065536283e-01
6.566268975535503039e-01
6.485316969394750997e-01
6.406691928053936946e-01
6.330280936917940249e-01
6.255978610429340225e-01
6.183686471860571077e-01
6.113312391498901821e-01
6.044770077411796283e-01
5.977978613515839701e-01
5.912862040183702872e-01
5.849348973100870763e-01
5.787372256523471981e-01
5.726868647488906339e-01
5.667778527893242435e-01
5.610045641675289740e-01
5.553616854639521483e-01
5.498441934711084667e-01
5.444473350649395860e-01
5.391666087454358713e-01
5.339977476884283369e-01
5.289367041669008618e-01
5.239796352148397007e-01
5.191228894196457944e-01
5.143629947407587499e-01
5.096966472624511191e-01
5.051207007979821029e-01
5.006321572704872658e-01
4.962281578033216900e-01
4.919059744591078864e-01
4.876630025725857687e-01
4.834967536276006950e-01
4.794048486332467829e-01
4.753850119583744593e-01
4.714350655874535168e-01
4.675529237641544711e-01
4.637365879920514744e-01
4.599841423646104377e-01
4.562937491990555205e-01
4.526636449509687243e-01
4.490921363884586848e-01
4.455775970065663505e-01
4.421184636642049304e-01
4.387132334274267409e-01
4.353604606041497904e-01
4.320587539567077862e-01
4.288067740796890903e-01
4.256032309315397333e-01
4.224468815093370688e-01
4.193365276569555600e-01
4.162710139976306678e-01
4.132492259826047176e-01
4.102700880481894297e-01
4.073325618741479581e-01
4.044356447368395724e-01
4.015783679510579463e-01
3.987597953949284513e-01
3.959790221126571197e-01
3.932351729902850979e-01
3.905274014999545185e-01
3.878548885085142950e-01
3.852168411465711206e-01
3.826124917343805554e-01
3.800410967612029567e-01
3.775019359149998643e-01
3.749943111595254730e-01
3.725175458561024167e-01
3.700709839275205804e-01
3.676539890616826178e-01
3.652659439527612406e-01
3.629062495778017094e-01
3.605743245067908331e-01
3.582696042443995199e-01
3.559915406016570527e-01
3.537396010959700243e-01
3.515132683779699230e-01
3.493120396837814390e-01
3.471354263113731742e-01
3.449829531197587396e-01
3.428541580498498109e-01
3.407485916658866132e-01
3.386658167163766331e-01
3.366054077135773315e-01
3.345669505306097524e-01
3.325500420153030823e-01
3.305542896199828995e-01
3.285793110464108047e-01
3.266247339051383536e-01
3.246901953886112691e-01
3.227753419573404225e-01
3.208798290385426188e-01
3.190033207366677614e-01
3.171454895552451858e-01
3.153060161295500596e-01
3.134845889695704879e-01
3.116809042128290130e-01
3.098946653865987111e-01
3.081255831791016031e-01
