nan
9.340173547889397687e-01
9.019432708769216100e-01
8.723975396597075660e-01
8.450886289326277057e-01
8.197486066637899027e-01
7.961462968813279861e-01
7.740845533595247518e-01
7.533952977941972273e-01
7.339347460261241851e-01
7.155793111780190952e-01
6.982222126421323560e-01
6.817707040320953871e-01
6.661438139261954827e-01
6.512705021014272289e-01
6.370881496199214400e-01
6.235413166776531124e-01
6.105807155337912295e-01
5.981623567790317342e-01
5.862468359061263623e-01
5.747987339932740802e-01
5.637861116733118294e-01
5.531800797583582563e-01
5.429544331795315149e-01
5.330853374883129936e-01
5.235510592081574766e-01
5.143317329438871210e-01
5.054091594458219872e-01
4.967666298575167949e-01
4.883887722058028458e-01
4.802614168622997282e-01
4.723714782499429665e-01
4.647068505119958948e-01
4.572563152248294016e-01
4.500094595350608295e-01
4.429566033490625609e-01
4.360887344081683659e-01
4.293974502539811833e-01
4.228749062312593954e-01
4.165137687960313029e-01
4.103071734977734031e-01
4.042486870901055851e-01
3.983322732970605573e-01
3.925522618237718420e-01
3.869033202531987348e-01
3.813804285156874863e-01
3.759788556569473861e-01
3.706941386634678981e-01
3.655220631332296022e-01
3.604586456045488774e-01
3.555001173775925172e-01
3.506429096819482782e-01
3.458836400600903138e-01
3.412190998509645468e-01
3.366462426705131850e-01
3.321621737970128496e-01
3.277641403788306707e-01
3.234495223907783434e-01
3.192158242728060369e-01
3.150606671914912837e-01
3.109817818707040771e-01
3.069770019431043440e-01
3.030442577788181047e-01
2.991815707518211132e-01
2.953870479082772449e-01
2.916588770044131751e-01
2.879953218845037743e-01
2.843947181722025208e-01
2.808554692508581918e-01
2.773760425106158722e-01
2.739549658420430966e-01
2.705908243577778705e-01
2.672822573252612299e-01
2.640279552950642317e-01
2.608266574106006819e-01
2.576771488861903103e-01
2.545782586414995774e-01
2.515288570813558056e-01
2.485278540108000200e-01
2.455741966760462691e-01
2.426668679227564351e-01
2.398048844636632426e-01
2.369872952482363071e-01
2.342131799275893878e-01
2.314816474083629394e-01
2.287918344897767187e-01
2.261429045784507375e-01
2.235340464760250390e-01
2.209644732349188290e-01
2.184334210779436403e-01
2.159401483777495800e-01
2.134839346923969872e-01
2.110640798535769747e-01
2.086799031042575470e-01
2.063307422827464210e-01
2.040159530503617147e-01
2.017349081600917082e-01
1.994869967638011332e-01
1.972716237556951524e-01
1.950882091499048232e-01
1.929361874901986129e-01
1.908150072899494343e-01
1.887241305005999403e-01
1.866630320069950222e-01
1.846311991480365788e-01
1.826281312612217378e-01
1.806533392497101098e-01
1.787063451706533412e-01
1.767866818435908371e-01
1.748938924777946324e-01
1.730275303175104473e-01
1.711871583041048306e-01
1.693723487541885231e-01
1.675826830528427402e-01
1.658177513611194531e-01
1.640771523370458951e-01
1.623604928694016292e-01
1.606673878235765629e-01
1.589974597988681460e-01
1.573503388966019934e-01
1.557256624985008941e-01
1.541230750547626094e-01
