nan
1.000000000000000000e+00
9.892305055517499612e-01
9.744810955297155131e-01
9.580293561600791152e-01
9.410212388145525741e-01
9.239967977420942002e-01
9.072314938789435290e-01
8.908708776005154206e-01
8.749907938119934059e-01
8.596273309196738044e-01
8.447929915095195863e-01
8.304859808067500682e-01
8.166957954168780898e-01
8.034067034248231209e-01
7.905999652563323599e-01
7.782552739956456467e-01
7.663516973320968484e-01
7.548682938036784806e-01
7.437845123394933866e-01
7.330804457166699706e-01
7.227369846697989653e-01
7.127359041354824898e-01
7.030599031416245870e-01
6.936926132022827041e-01
6.846185855716016011e-01
6.758232646113263575e-01
6.672929523703107213e-01
6.590147679597063712e-01
6.509766042350341175e-01
6.431670835324286850e-01
6.355755136599366972e-01
6.281918449529969584e-01
6.210066289222181402e-01
6.140109788203483854e-01
6.071965323118498903e-01
6.005554163269409829e-01
5.940802141109255974e-01
5.877639344308086544e-01
5.815999828685262107e-01
5.755821351092003102e-01
5.697045121203631046e-01
5.639615571117089221e-01
5.583480141628800464e-01
5.528589084077102367e-01
5.474895276663666044e-01
5.422354054211636631e-01
5.370923050370252083e-01
5.320562051332293763e-01
5.271232860189342118e-01
5.222899171108797978e-01
5.175526452574202851e-01
5.129081838986121467e-01
5.083534029974036139e-01
5.038853196819763625e-01
4.995010895440062382e-01
4.951979985420054686e-01
4.909734554629847647e-01
4.868249848994602447e-01
4.827502207023190439e-01
4.787468998732715142e-01
4.748128568635760494e-01
4.709460182484404012e-01
4.671443977489928012e-01
4.634060915760013222e-01
4.597292740716130144e-01
4.561121936272988231e-01
4.525531688579456646e-01
4.490505850136379262e-01
4.456028906121503597e-01
4.422085942765057731e-01
4.388662617631873819e-01
4.355745131677307147e-01
4.323320202954363256e-01
4.291375041859009642e-01
4.259897327809328282e-01
4.228875187261989521e-01
4.198297172976956926e-01
4.168152244447919097e-01
4.138429749422115611e-01
4.109119406438869193e-01
4.080211288321300978e-01
4.051695806560483559e-01
4.023563696535634726e-01
3.995806003518049820e-01
3.968414069410127754e-01
3.941379520174287943e-01
3.914694253909746791e-01
3.888350429538024455e-01
3.862340456060735505e-01
3.836656982355697298e-01
3.811292887479709734e-01
3.786241271448473888e-01
3.761495446466051051e-01
3.737048928578108886e-01
3.712895429724921148e-01
3.689028850171574558e-01
3.665443271294326899e-01
3.642132948703435957e-01
3.619092305683933586e-01
3.596315926937124208e-01
3.573798552606493595e-01
3.551535072572848395e-01
3.529520521004415601e-01
3.507750071148438287e-01
3.486219030351683235e-01
3.464922835297998271e-01
3.443857047451786002e-01
3.423017348696864581e-01
3.402399537160882281e-01
3.381999523215951653e-01
3.361813325646730299e-01
3.341837067977706521e-01
3.322066974951880525e-01
3.302499369153453768e-01
3.283130667767640842e-01
3.263957379470959208e-01
3.244976101445886663e-01
3.226183516513937977e-01
3.207576390381688403e-01
3.189151568994439967e-01
3.170905975992602266e-01
