nan
9.925355643670253913e-01
9.890110187570808620e-01
9.855296124332536545e-01
9.820929793591908208e-01
9.787010252204472183e-01
9.753531756469496772e-01
9.720486650857589339e-01
9.687866396440732997e-01
9.655662020210775687e-01
9.623864337676046876e-01
9.592464073041595540e-01
9.561451928236244235e-01
9.530818624394011840e-01
9.500554927606987832e-01
9.470651665266998087e-01
9.441099736558735689e-01
9.411890119204560090e-01
9.383013873746313127e-01
9.354462146176283355e-01
9.326226169444696845e-01
9.298297264194465006e-01
9.270666838961235667e-01
9.243326390003213655e-01
9.216267500876133001e-01
9.189481841835348552e-01
9.162961169123943206e-01
9.136697324189474445e-01
9.110682232860458640e-01
9.084907904505363785e-01
9.059366431190768454e-01
9.034049986850944958e-01
9.008950826477724050e-01
8.984061285337119340e-01
8.959373778217296636e-01
8.934880798711011263e-01
8.910574918534734934e-01
8.886448786885687845e-01
8.862495129837617558e-01
8.838706749775501192e-01
8.815076524869166485e-01
8.791597408585459794e-01
8.768262429238510292e-01
8.745064689577418671e-01
8.721997366410665364e-01
8.699053710266422268e-01
8.676227045088040768e-01
8.653510767963705774e-01
8.630898348889648464e-01
8.608383330565880787e-01
8.585959328223776721e-01
8.563620029484629859e-01
8.541359194248465680e-01
8.519170654612346905e-01
8.497048314817465808e-01
8.474986151224331854e-01
8.452978212315432893e-01
8.431018618724679392e-01
8.409101563293097659e-01
8.387221311150129255e-01
8.365372199820029220e-01
8.343548639352781349e-01
8.321745112479036477e-01
8.299956174788538643e-01
8.278176454931528427e-01
8.256400654842707132e-01
8.234623549987130087e-01
8.212839989627711557e-01
8.191044897113693990e-01
8.169233270189745211e-01
8.147400181325040736e-01
8.125540778061941527e-01
8.103650283383700970e-01
8.081723996100684815e-01
8.059757291254564526e-01
8.037745620539900049e-01
8.015684512742612400e-01
7.993569574194618887e-01
7.971396489244159111e-01
7.949161020741027928e-01
7.926859010536135841e-01
7.904486379994669631e-01
7.882039130522119352e-01
7.859513344102404542e-01
7.836905183847364675e-01
7.814210894556716802e-01
7.791426803287704317e-01
7.768549319933503172e-01
7.745574937809489580e-01
7.722500234246406636e-01
7.699321871189485078e-01
7.676036595802447904e-01
7.652641241075346379e-01
7.629132726435228218e-01
7.605508058358404488e-01
7.581764330983229438e-01
7.557898726722233063e-01
7.533908516872316330e-01
7.509791062221814473e-01
7.485543813653171563e-01
7.461164312739859694e-01
7.436650192336297094e-01
7.411999177159279695e-01
7.387209084359726008e-01
7.362277824083156563e-01
7.337203400017572319e-01
7.311983909927300962e-01
7.286617546171266779e-01
7.261102596204298543e-01
7.235437443059921092e-01
7.209620565813142923e-01
7.183650540021747632e-01
7.157526038144564895e-01
7.131245829935131120e-01
7.104808782809372003e-01
7.078213862185606109e-01
7.051460131795482811e-01
7.024546753964279189e-01
6.997472989859095938e-01
6.970238199703435722e-01
6.942841842956739562e-01
6.915283478457334709e-01
