nan
9.831055943011325349e-01
9.713455927277616642e-01
9.604664397921738317e-01
9.504305569036159973e-01
9.411258617607740629e-01
9.324528118525052811e-01
9.243301765798618286e-01
9.166919387539318453e-01
9.094838317588705978e-01
9.026606164609624061e-01
8.961840643549727758e-01
8.900214710966698473e-01
8.841445498545431603e-01
8.785285959276063483e-01
8.731518471945923787e-01
8.679949879546354774e-01
8.630407592457683963e-01
8.582736492472754497e-01
8.536796446049614850e-01
8.492460285807650333e-01
8.449612155326835516e-01
8.408146138366787703e-01
8.367965112699597974e-01
8.328979782865311154e-01
8.291107856692890854e-01
8.254273338348969702e-01
8.218405916668213296e-01
8.183440432078391558e-01
8.149316408921223331e-01
8.115977642652462132e-01
8.083371833478817381e-01
8.051450259601423687e-01
8.020167484496067978e-01
7.989481093651435994e-01
7.959351456971166527e-01
7.929741513670250930e-01
7.900616576997382401e-01
7.871944156519692370e-01
7.843693796035707821e-01
7.815836925452327444e-01
7.788346725184722708e-01
7.761198001823730319e-01
7.734367073970942474e-01
7.707831667273163934e-01
7.681570817799814321e-01
7.655564783002509754e-01
7.629794959578678482e-01
7.604243807632472540e-01
7.578894780588693036e-01
7.553732260369931950e-01
7.528741497395317062e-01
7.503908555001599368e-01
7.479220257925078830e-01
7.454664144516339741e-01
7.430228422389825171e-01
7.405901927236882010e-01
7.381674084555259752e-01
7.357534874069417974e-01
7.333474796635736093e-01
7.309484843444195024e-01
7.285556467344083131e-01
7.261681556135796134e-01
7.237852407683734723e-01
7.214061706717319611e-01
7.190302503197937289e-01
7.166568192139378679e-01
7.142852494778358929e-01
7.119149440999926748e-01
7.095453352929820268e-01
7.071758829612839747e-01
7.048060732702453590e-01
7.024354173092355325e-01
7.000634498426253627e-01
6.976897281426516217e-01
6.953138308986944738e-01
6.929353571978837945e-01
6.905539255723112113e-01
6.881691731084739194e-01
6.857807546148684263e-01
6.833883418439521407e-01
6.809916227649372988e-01
6.785903008841317474e-01
6.761840946097543714e-01
6.737727366583590172e-01
6.713559735001947137e-01
6.689335648409838742e-01
6.665052831377853426e-01
6.640709131467356086e-01
6.616302515006090568e-01
6.591831063142578051e-01
6.567292968161160260e-01
6.542686530040562332e-01
6.518010153239823801e-01
6.493262343696546424e-01
6.468441706023005944e-01
6.443546940886821783e-01
6.418576842563262774e-01
6.393530296647313982e-01
6.368406277914065994e-01
6.343203848316711913e-01
6.317922155111935778e-01
6.292560429103125630e-01
6.267117982992277403e-01
6.241594209831905493e-01
6.215988581568907545e-01
6.190300647672477563e-01
6.164530033838859779e-01
6.138676440765915565e-01
6.112739642990920874e-01
6.086719487785373639e-01
6.060615894100881418e-01
6.034428851560548202e-01
6.008158419490521318e-01
5.981804725986790139e-01
5.955367967012371588e-01
5.928848405520567022e-01
5.902246370599970593e-01
5.875562256637300029e-01
5.848796522494396077e-01
5.821949690695754631e-01
5.795022346623470710e-01
