nan
1.000000000000000000e+00
9.846774340970338990e-01
9.635881757886025634e-01
9.395828623986576256e-01
9.144680835029178612e-01
8.892932091159034824e-01
8.646226167564081688e-01
8.407554590885628620e-01
8.178405936238554164e-01
7.959393244989910743e-01
7.750612902059449416e-01
7.551857696803621067e-01
7.362746724427013945e-01
7.182805927405283564e-01
7.011518414371860075e-01
6.848355837722601702e-01
6.692797700890209533e-01
6.544342890520665756e-01
6.402516174036136931e-01
6.266871438674391781e-01
6.136992836390547934e-01
6.012494603916819225e-01
5.893020068358822972e-01
5.778240177080901097e-01
5.667851775881080911e-01
5.561575782263257217e-01
5.459155348499623583e-01
5.360354073956662413e-01
5.264954302398682229e-01
5.172755524037568886e-01
5.083572891496944690e-01
4.997235851920094896e-01
4.913586893018452306e-01
4.832480398136279054e-01
4.753781603846735648e-01
4.677365652815035357e-01
4.603116734401711541e-01
4.530927305551292195e-01
4.460697384793420039e-01
4.392333912588603506e-01
4.325750171721161608e-01
4.260865261938561188e-01
4.197603623533532891e-01
4.135894605047059081e-01
4.075672070726659713e-01
4.016874043799907867e-01
3.959442382015507245e-01
3.903322482262990278e-01
3.848463011407926015e-01
3.794815660774200627e-01
3.742334921970233430e-01
3.690977881994357279e-01
3.640704035768265734e-01
3.591475114438602567e-01
3.543254927957718570e-01
3.496009220607303458e-01
3.449705538264994376e-01
3.404313106335735140e-01
3.359802717378381209e-01
3.316146627555030535e-01
3.273318461117284972e-01
3.231293122221033931e-01
3.190046713430607639e-01
3.149556460335099506e-01
3.109800641755002815e-01
3.070758525067114886e-01
3.032410306220000296e-01
2.994737054052392100e-01
2.957720658562681404e-01
2.921343782809886491e-01
2.885589818155532282e-01
2.850442842581906722e-01
2.815887581845700205e-01
2.781909373247299921e-01
2.748494131815059083e-01
2.715628318721263201e-01
2.683298911762145300e-01
2.651493377748426750e-01
2.620199646665780646e-01
2.589406087476203155e-01
2.559101485441900858e-01
2.529275020862883916e-01
2.499916249128220080e-01
2.471015081988847950e-01
2.442561769967134533e-01
2.414546885824943034e-01
2.386961309018032773e-01
2.359796211070155358e-01
2.333043041805236972e-01
2.306693516380653730e-01
2.280739603068856480e-01
2.255173511738504388e-01
2.229987682989768849e-01
2.205174777901828254e-01
2.180727668353471815e-01
2.156639427880650550e-01
2.132903323037199927e-01
2.109512805227415355e-01
2.086461502981314109e-01
2.063743214645371027e-01
2.041351901463399621e-01
2.019281681023978037e-01
1.997526821052311163e-01
1.976081733526010020e-01
1.954940969095504133e-01
1.934099211791126816e-01
1.913551274000063751e-01
1.893292091697429680e-01
1.873316719916737205e-01
1.853620328445985677e-01
1.834198197736406077e-01
1.815045715011789906e-01
1.796158370567005891e-01
1.777531754245043893e-01
1.759161552082584845e-01
1.741043543114690340e-01
1.723173596329787838e-01
1.705547667766654230e-01
1.688161797745560133e-01
1.671012108226315185e-01
1.654094800286209088e-01
