7.161569171992175242e+00 9.243914694332969972e+00 1.154921074925846547e+01 1.843439736066702750e+01 2.100445422866966183e+01 2.473804960781652795e+01 2.759730726707406134e+01 3.696342470007228798e+01 4.112606269128588110e+01 4.653459201083248331e+01
7.884946126023978152e+00 1.027136933269272490e+01 1.289544806696389578e+01 2.071173495544450560e+01 2.362554061002154526e+01 2.785524991404958328e+01 3.109168209144126038e+01 4.167511120982042883e+01 4.637126766433807745e+01 5.247014534086939364e+01
8.697866877018750387e+00 1.143049640320230331e+01 1.441587002211417534e+01 2.328304244755113572e+01 2.658414294574139092e+01 3.137268859150945488e+01 3.503372311867731526e+01 4.698828964982050849e+01 5.228579310335270947e+01 5.916302832501143172e+01
9.611015560399579272e+00 1.273778980465330868e+01 1.613226116610744754e+01 2.618549964247465311e+01 2.992308828138783383e+01 3.534106874449710745e+01 3.948040214549563132e+01 5.297963703701829985e+01 5.895499876184808841e+01 6.670982822258720546e+01
1.063637345338049300e+01 1.421155624369163384e+01 1.806943023270793347e+01 2.946137167043283611e+01 3.369086026484987428e+01 3.981785413597895484e+01 4.449591174688121242e+01 5.973561671159945519e+01 6.647513111994042845e+01 7.521945793401175706e+01
1.178677387710776259e+01 1.587239941122134290e+01 2.025435529936694579e+01 3.315727484745153930e+01 3.794132863504854214e+01 4.486742647889790447e+01 5.015253777870571383e+01 6.735372647179517003e+01 7.495472081623466920e+01 8.481472768143528640e+01
1.307620458907371841e+01 1.774279544655408003e+01 2.271757657483430748e+01 3.732671261619176306e+01 4.273607852707828414e+01 5.056268308648749610e+01 5.653203909657443660e+01 7.594393003136050879e+01 8.451614710922767415e+01 9.563411729393776284e+01
1.452257870518005767e+01 1.984767228247836357e+01 2.549497892783042374e+01 4.202897650591970802e+01 4.814366731178468939e+01 5.698610042333723413e+01 6.372651911858123697e+01 8.563018917475943681e+01 9.529740403908813562e+01 1.078337746732592279e+02
1.614205902117824465e+01 2.221811246170461018e+01 2.862457648136162902e+01 4.733284159904289368e+01 5.424237734870680328e+01 6.422976777566276496e+01 7.183949284978857008e+01 9.655228661171491922e+01 1.074540919734986488e+02 1.215897692802061698e+02
1.795522644860346162e+01 2.488401002028881237e+01 3.215059798235561317e+01 5.331340450354989713e+01 6.112009184921429750e+01 7.239815546203676888e+01 8.098796707701015407e+01 1.088678459718753260e+02 1.211616632784085681e+02 1.371006331625109169e+02
1.998477634665069402e+01 2.788293360919377051e+01 3.612142024572171550e+01 6.005655163884843972e+01 6.887497863763093164e+01 8.160910402765034632e+01 9.130406843421465624e+01 1.227546017224308201e+02 1.366179545230787369e+02 1.545902261950537309e+02
2.225641449437764408e+01 3.125415782106040652e+01 4.059537250872682534e+01 6.765904825083862306e+01 7.761923681261245633e+01 9.199496239699399780e+01 1.029362679276109560e+02 1.384129643691805995e+02 1.540460417648788791e+02 1.743109668828302290e+02
2.479720842211721177e+01 3.504748313290949113e+01 4.563310635829133588e+01 7.622919431650716149e+01 8.747793354772574048e+01 1.037056599615903707e+02 1.160522404852576557e+02 1.560689864796936490e+02 1.736974601226707478e+02 1.965474753533433727e+02
2.763814792107287843e+01 3.931054464170335905e+01 5.130587935781377951e+01 8.589273019019294964e+01 9.859282837557368850e+01 1.169106946799460758e+02 1.308417909775733392e+02 1.759775015864338457e+02 1.958558427583463697e+02 2.216206811143494519e+02
3.081688828685321013e+01 4.410362273404565059e+01 5.769216338232138241e+01 9.678576727303077121e+01 1.111257890242417545e+02 1.317993441825159948e+02 1.475179580979568925e+02 1.984257724616423957e+02 2.208409984397046060e+02 2.498924548606499343e+02
3.437168122972934015e+01 4.948958186788848224e+01 6.488402188656657188e+01 1.090649186008534031e+02 1.252549983032681808e+02 1.485860461480974379e+02 1.663208586607486552e+02 2.237377763529835590e+02 2.490135278669116019e+02 2.817708311758082118e+02
3.834653670337296916e+01 5.554928486491810702e+01 7.298263638340614534e+01 1.229070611395577117e+02 1.411838140923910316e+02 1.675136788840139275e+02 1.875215865706647946e+02 2.522788214503575261e+02 2.807800408879187444e+02 3.177158974948243326e+02
4.278976219282105831e+01 6.235815711632601221e+01 8.209948942067136102e+01 1.385094053811827450e+02 1.591424639922487358e+02 1.888540676572467873e+02 2.114265580094605923e+02 2.844608191890894204e+02 3.165990191491600285e+02 3.582464342728685551e+02
4.776089252156273091e+01 7.001406563596320609e+01 9.236479991906782061e+01 1.560986155372964106e+02 1.793878727043089327e+02 2.129146179349716874e+02 2.383799914545585921e+02 3.207482291541609243e+02 3.569874333029397917e+02 4.039474020024569541e+02
5.332130304281879063e+01 7.861723237514782170e+01 1.039194409751575705e+02 1.759272445541534751e+02 2.022114336412627722e+02 2.400432976610542823e+02 2.687704474360809286e+02 3.616648017653919851e+02 4.025282043870687971e+02 4.554783824516513846e+02
5.953883306517274576e+01 8.829487551494470665e+01 1.169367043732779337e+02 1.982775145832148382e+02 2.279458952304117361e+02 2.706318532301120854e+02 3.030361484771946152e+02 4.078011568890133844e+02 4.538786170661672372e+02 5.135830937937175804e+02
6.649228446577055252e+01 9.917550524984307003e+01 1.315914392615651707e+02 2.234723340990556153e+02 2.569575055027499957e+02 3.051195248275986955e+02 3.416731243429932192e+02 4.598230526010010522e+02 5.117798061622360706e+02 5.791001108678018454e+02
7.426918861086690526e+01 1.114077117852285426e+02 1.480919903619787590e+02 2.518730755369291217e+02 2.896635515714727376e+02 3.440032927935979501e+02 3.852378032039281948e+02 5.184812924476108265e+02 5.770674533915990878e+02 6.529749297707937785e+02
8.297798106459543988e+01 1.251622427749129685e+02 1.666723464871005262e+02 2.838859793657669570e+02 3.265371899405932368e+02 3.878449368400137587e+02 4.343578734587340477e+02 5.846224596883445201e+02 6.506838486809798496e+02 7.362735147613248046e+02
9.271527989930876856e+01 1.406225725592367723e+02 1.875899992247865669e+02 3.199753860210753942e+02 3.681077914916214127e+02 4.372761801238877410e+02 4.897417536181919786e+02 6.592011357065748598e+02 7.336914900434416040e+02 8.301974452687658186e+02
1.036159549069298436e+02 1.580263883969816447e+02 2.111579966499225520e+02 3.606617963490143097e+02 4.149726586768904895e+02 4.930086483298736653e+02 5.521886137611049890e+02 7.432936770083734928e+02 8.272884176527290947e+02 9.361007255373722273e+02
1.158069393210082154e+02 1.775931892642435628e+02 2.376970789544521381e+02 4.065245458061372119e+02 4.678078336954134784e+02 5.558456193375665180e+02 6.226005274705464672e+02 8.381137489495151840e+02 9.328254999135996286e+02 1.055508203612643229e+03
1.294621131041861872e+02 1.995993973172931817e+02 2.675805999155908239e+02 4.582231742864414628e+02 5.273814194305306273e+02 6.266959943466945333e+02 7.019916861587588528e+02 9.450298365949169010e+02 1.051826038003523990e+03 1.190135330566576613e+03
1.447523042408008678e+02 2.243523720955091392e+02 3.012418859460926797e+02 5.165067592929572129e+02 5.945436356959082786e+02 7.065828791499702675e+02 7.915071878053114460e+02 1.065585473080476959e+03 1.186007280272670187e+03 1.341908615659669522e+03
1.618623437907864400e+02 2.521856658970918090e+02 3.391457941546440225e+02 5.822070225318775556e+02 6.702612688631791116e+02 7.966544232341519773e+02 8.924381406675910284e+02 1.201520317821519711e+03 1.337305129464635002e+03 1.512985514262652941e+03
1.810278417590971287e+02 2.835211383534659717e+02 3.818378269384667760e+02 6.562679693954023605e+02 7.556266298995296893e+02 8.982090267221517479e+02 1.006241427640620145e+03 1.354795256070769028e+03 1.507900696581239117e+03 1.705771518367530689e+03
2.024756639970586320e+02 3.187724859270376214e+02 4.299445699116350283e+02 7.397650724905365678e+02 8.518723368073044639e+02 1.012710330443945963e+03 1.134562907027599977e+03 1.527619753226706052e+03 1.700248071720810913e+03 1.922930811151428088e+03
2.265164285744172332e+02 3.584211583713857294e+02 4.841220500374291191e+02 8.339007045680077681e+02 9.603786903427444486e+02 1.141812960323841935e+03 1.279246713303563411e+03 1.722479631527570291e+03 1.917100359621078724e+03 2.167384994067924254e+03
2.534574216620045206e+02 4.030478744992727229e+02 5.451431269035005016e+02 9.400170678280056791e+02 1.082705401741444803e+03 1.287370260759541907e+03 1.442373471581818194e+03 1.942163255949909853e+03 2.161528165670802991e+03 2.442292315873778989e+03
2.836204189248170451e+02 4.532469521133797912e+02 6.138894010643251704e+02 1.059635055742537361e+03 1.220609348138393216e+03 1.451468054999871129e+03 1.626278805682670736e+03 2.189780018680284684e+03 2.436920690721536175e+03 2.750998111416228312e+03
3.174348785191404545e+02 5.097237014918423483e+02 6.913152030747170329e+02 1.194473059206290145e+03 1.376078188936502102e+03 1.636441883012323160e+03 1.833572429045359968e+03 2.468761314152347495e+03 2.746955338297334492e+03 3.096946788750036831e+03
3.553074802391994353e+02 5.733380404035216316e+02 7.785137834944850965e+02 1.346439999735607444e+03 1.551290788020217633e+03 1.844889309373743117e+03 2.067150607980276618e+03 2.782830114284291994e+03 3.095519123425313865e+03 3.483547898986225846e+03
3.977362960201619444e+02 6.449085890439243940e+02 8.767926601732298195e+02 1.517654944979921765e+03 1.748680444042157887e+03 2.079686800890443010e+03 2.330179578253021191e+03 3.135922865814865872e+03 3.486566687456967884e+03 3.913994508770163065e+03
4.453771371911711299e+02 7.254283655029792044e+02 9.874608131622081828e+02 1.710458483896909684e+03 1.970911371687359633e+03 2.343923903842508025e+03 2.626057869172222127e+03 3.532049175408144492e+03 3.923907430924479740e+03 4.391041211573739929e+03
4.987544093679185835e+02 8.160738852773039298e+02 1.112048289038428038e+03 1.927417578333799156e+03 2.220863875482457843e+03 2.640886358445693986e+03 2.958343291639238487e+03 3.975083118765293875e+03 4.410928383826258141e+03 4.916760091977477714e+03
5.585772273429321331e+02 9.180402959949431079e+02 1.252280569067900615e+03 2.171269984829106306e+03 2.501565363304540369e+03 2.973962576618474031e+03 3.330627086077257900e+03 4.468488004918443949e+03 4.950277265709618405e+03 5.492302800186830609e+03
6.256910314665285568e+02 1.032716570461946503e+03 1.410020969265715621e+03 2.444836335856087771e+03 2.816108903686725625e+03 3.346513104510223002e+03 3.746364421915318871e+03 5.015008164486268470e+03 5.543546431173257588e+03 6.117702086912323466e+03
7.009082244855190993e+02 1.161773162189398136e+03 1.587273111428526818e+03 2.751013792671524698e+03 3.167562411035726655e+03 3.761711231037616017e+03 4.208672697572284051e+03 5.616357216007802890e+03 6.191006916753440237e+03 6.791744122709071235e+03
7.852323194500197587e+02 1.306870327269436302e+03 1.786216895739271877e+03 3.092654032651224497e+03 3.558828047437063105e+03 4.222361720225472709e+03 4.720114362329611140e+03 6.272954777369930525e+03 6.891438395689309800e+03 7.511933358873357975e+03
8.799951977653830681e+02 1.469838851631443731e+03 2.009322564618220440e+03 3.472487759531990832e+03 3.992526504440193094e+03 4.730677925894302462e+03 5.282436334280791016e+03 6.983754800420001629e+03 7.642085440957352148e+03 8.274556872523249694e+03
9.862367964913537435e+02 1.652751488788481765e+03 2.258924388614981126e+03 3.892920432101587267e+03 4.470809025397151345e+03 5.288144361464794201e+03 5.896438619808624935e+03 7.746195205536603680e+03 8.438747486146428855e+03 9.074839139293466360e+03
1.105343232571826093e+03 1.857909737267596483e+03 2.537516734992157581e+03 4.355984598806449867e+03 4.995196568333650248e+03 5.895371889003688921e+03 6.561840148459417833e+03 8.556276839912663490e+03 9.275986592979315901e+03 9.907165194310828156e+03
1.239027442121178638e+03 2.087604585047294222e+03 2.847654925962006018e+03 4.863241110308628777e+03 5.566561484460436077e+03 6.552021951024612463e+03 7.277238850494731196e+03 9.408757340022913922e+03 1.014741759443669980e+04 1.076534296672188430e+04
1.388923638861477230e+03 2.344364876172451659e+03 3.192017585678537671e+03 5.415702410924447577e+03 6.185041342300109136e+03 7.256796733615727135e+03 8.040153826160411882e+03 1.029742837082052210e+04 1.104604097655864462e+04 1.164287484950989528e+04
1.556926577203259285e+03 2.631037568155126792e+03 3.573035983690645935e+03 6.013900970258554480e+03 6.850031545260401799e+03 8.007553462293320990e+03 8.847141565999001614e+03 1.121543649047649524e+04 1.196457664355000816e+04 1.253321304736151615e+04
