3.172757459767593796e-02 6.951202697888567150e-02 1.116654673923887786e-01 2.429663110986204355e-01 2.936852542227833540e-01 3.688701156131008463e-01 4.276447326798117898e-01 6.273908070814400162e-01 7.191042859189969993e-01 8.398172081872874450e-01
3.102867481510169015e-02 6.870124057909722526e-02 1.107181531307361300e-01 2.419138100631532950e-01 2.926763125106697228e-01 3.679626912861093113e-01 4.268264027759585133e-01 6.268149349825207217e-01 7.186093543532215966e-01 8.394733694358108567e-01
3.040942412438156495e-02 6.800348062813500738e-02 1.099063589079453118e-01 2.409971576677412131e-01 2.917874108588833781e-01 3.671447133411843144e-01 4.260744264696026407e-01 6.262485637349278766e-01 7.181159239451153642e-01 8.391294332346783680e-01
2.985632480748483600e-02 6.739853875239433523e-02 1.092053357658699098e-01 2.401910035970198365e-01 2.909956271581048415e-01 3.664002362085008180e-01 4.253753596352677357e-01 6.256896539225200726e-01 7.176235005388292842e-01 8.387852753421000118e-01
2.935890415733057035e-02 6.686966972261626507e-02 1.085946523572694639e-01 2.394736817794889117e-01 2.902817951510001659e-01 3.657139388241979483e-01 4.247188591452701889e-01 6.251365706338429806e-01 7.171318289224710707e-01 8.384408043679885125e-01
2.890750572845507405e-02 6.640328222696090243e-02 1.080573499880483901e-01 2.388290748767458727e-01 2.896318808802318956e-01 3.650750250175601730e-01 4.240966040165485840e-01 6.245880108828953947e-01 7.166406325388622323e-01 8.380959531378204819e-01
2.849393602134440637e-02 6.598766853758118722e-02 1.075793322824158682e-01 2.382422433690800645e-01 2.890324102961598363e-01 3.644735227720474757e-01 4.235011419682809253e-01 6.240428915713490676e-01 7.161496985197716159e-01 8.377506723027364766e-01
2.811541317097363338e-02 6.561309260691186585e-02 1.071494814637676540e-01 2.377019001876841953e-01 2.884735952431183859e-01 3.639014793961733440e-01 4.229270389876810254e-01 6.235004784068328698e-01 7.156588634756110290e-01 8.374049256207363179e-01
2.776383012711807971e-02 6.527348290998366553e-02 1.067583238663174922e-01 2.371981225183442399e-01 2.879467152553980558e-01 3.633533443376134042e-01 4.223701243931393123e-01 6.229601355783731531e-01 7.151680023456521429e-01 8.370586864776655700e-01
2.743617051557888445e-02 6.496115463639737242e-02 1.063983992928061589e-01 2.367238148002128173e-01 2.874452732212930961e-01 3.628239345043474118e-01 4.218266562709226952e-01 6.224213512853322694e-01 7.146770196726625057e-01 8.367119353258437586e-01
2.712945592023002089e-02 6.467182830555241735e-02 1.060633551024637855e-01 2.362727890136180342e-01 2.869640975538966798e-01 3.623092550650786059e-01 4.212937012744899512e-01 6.218837273811791411e-01 7.141858427967675560e-01 8.363646578005544674e-01
2.684154628162925549e-02 6.440076072690315012e-02 1.057489951772939557e-01 2.358401952493059672e-01 2.864988327625378473e-01 3.618062232759240437e-01 4.207690815115021632e-01 6.213469552539871987e-01 7.136944165650663807e-01 8.360168433364179030e-01
2.656923150694712535e-02 6.414619609038599291e-02 1.054508982095573727e-01 2.354221357397123238e-01 2.860461577340272510e-01 3.613123092804261249e-01 4.202509754870833447e-01 6.208108094924573717e-01 7.132026992341690130e-01 8.356684841518670082e-01
2.631055492278019936e-02 6.390395612475645304e-02 1.051660763103689084e-01 2.350157534991055841e-01 2.856033859797145191e-01 3.608256274607082315e-01 4.197379900787213125e-01 6.202751234456350682e-01 7.127106638826677942e-01 8.353195745043492382e-01
2.606551570143764499e-02 6.367264499558100699e-02 1.048918456544409156e-01 2.346185385668408674e-01 2.851685652703380702e-01 3.603446664183866943e-01 4.192290873686853603e-01 6.197397419462885582e-01 7.122182873591711427e-01 8.349701101444354512e-01
2.583200643154972068e-02 6.344990581043971622e-02 1.046266178951845705e-01 2.342286122761400857e-01 2.847399818281295403e-01 3.598682022875703268e-01 4.187233931680295340e-01 6.192045500260243696e-01 7.117255481267875661e-01 8.346200879158784947e-01
2.560883395784472466e-02 6.323588433535788644e-02 1.043687880312171995e-01 2.338445562290816515e-01 2.843163511939165167e-01 3.593953632637830187e-01 4.182202296256674612e-01 6.186694602007501986e-01 7.112324323949160698e-01 8.342695054625213213e-01
2.539472002338767284e-02 6.302787782089584734e-02 1.041167734708188936e-01 2.334651119446563283e-01 2.838967517398138241e-01 3.589253754009623099e-01 4.177191292651161736e-01 6.181344060699794918e-01 7.107389299857922449e-01 8.339183610125419088e-01
2.519023159977108045e-02 6.282579075261682244e-02 1.038698260649896371e-01 2.330895504816674346e-01 2.834803190766810865e-01 3.584576692095797767e-01 4.172196604530447606e-01 6.175993373618124949e-01 7.102450334554203382e-01 8.335666532155344699e-01
2.499423301123318217e-02 6.262820994009857256e-02 1.036268115127124273e-01 2.327171570164905667e-01 2.830664637134478467e-01 3.579918801747773438e-01 4.167215050432859225e-01 6.170642230044974808e-01 7.097507374256805113e-01 8.332143810052059507e-01
2.480557173452308320e-02 6.243555915481246305e-02 1.033879188847024316e-01 2.323472415614449560e-01 2.826549254682395595e-01 3.575277066686577410e-01 4.162244248339355690e-01 6.165290483929914966e-01 7.092560380780574825e-01 8.328615434412296459e-01
2.462394021599653704e-02 6.224673128972060127e-02 1.031519238046154779e-01 2.319794755157560673e-01 2.822451321546349812e-01 3.570647978303955195e-01 4.157283356698648347e-01 6.159937718887739111e-01 7.087609327706240192e-01 8.325081394288360581e-01
2.444885285377017617e-02 6.206120040417257427e-02 1.029185501987792961e-01 2.316134968389588489e-01 2.818367993197473664e-01 3.566029504549946272e-01 4.152330398567140590e-01 6.154583768303937275e-01 7.082654197486951686e-01 8.321541670879223362e-01
2.428132119438401043e-02 6.187878801586163546e-02 1.026875277378532930e-01 2.312489838400662856e-01 2.814297964698399546e-01 3.561420594998208622e-01 4.147383933843112880e-01 6.149228508867004006e-01 7.077694979261504038e-01 8.317996222856610666e-01
2.411890827150587821e-02 6.169883247435285767e-02 1.024583816999388719e-01 2.308858638694139265e-01 2.810238976110979170e-01 3.556819883541194049e-01 4.142443118895990373e-01 6.143871850002957657e-01 7.072731667173713932e-01 8.314444953705922847e-01
2.396262621158562825e-02 6.152224889476610309e-02 1.022314958470845608e-01 2.305239960073800498e-01 2.806189419793790885e-01 3.552226128159443608e-01 4.137507435324545013e-01 6.138513725829435330e-01 7.067764258896386265e-01 8.310887643348946474e-01
2.381095001294556562e-02 6.134770830615000892e-02 1.020061978205619307e-01 2.301631117493026235e-01 2.802148617550646592e-01 3.547638619964232909e-01 4.132576742419271643e-01 6.133154088781859192e-01 7.062792753379764088e-01 8.307323813367181176e-01
2.366508669950325577e-02 6.117528273285756379e-02 1.017823037715723661e-01 2.298031305969025773e-01 2.798117003982316109e-01 3.543057434834160913e-01 4.127650178391617519e-01 6.127792903238683531e-01 7.057817323890733796e-01 8.303752475560037816e-01
2.352423735127093588e-02 6.100487442176071029e-02 1.015599313310908414e-01 2.294440742609533956e-01 2.794092346955929229e-01 3.538482254839900309e-01 4.122727447479280216e-01 6.122430441076365248e-01 7.052837757412496744e-01 8.300171685296521273e-01
2.338741371170244970e-02 6.083607997921663263e-02 1.013387110500284377e-01 2.290857679435989724e-01 2.790074153264707202e-01 3.533911964310910703e-01 4.117808307591930839e-01 6.117066485677973287e-01 7.047853886316881589e-01 8.296577782344715102e-01
2.325520203289588653e-02 6.066950883535661421e-02 1.011187018028040924e-01 2.287281627014669805e-01 2.786062280199765318e-01 3.529346247715003382e-01 4.112892697744332526e-01 6.111700630006953183e-01 7.042865157668142251e-01 8.292964152758849350e-01
2.312645840844121739e-02 6.050449286991724240e-02 1.009000546267492665e-01 2.283713098111462836e-01 2.782056592727369382e-01 3.524784699779002772e-01 4.107980806440935106e-01 6.106332119981585649e-01 7.037869888972053678e-01 8.289319292179987420e-01
2.300218582386724317e-02 6.034079914110787590e-02 1.006823351885748202e-01 2.280151348019409663e-01 2.778055822481603765e-01 3.520227022013195373e-01 4.103070841119841883e-01 6.100958705339386556e-01 7.032863514890921319e-01 8.285623912504599398e-01
2.288182697351722958e-02 6.017872751405137222e-02 1.004655362774588417e-01 2.276594342070481503e-01 2.774058551762074720e-01 3.515670750473200989e-01 4.098160260364883678e-01 6.095574335844958780e-01 7.027834882646414316e-01 8.281846848628250379e-01
2.276439575962785344e-02 6.001780535278391365e-02 1.002496959635241630e-01 2.273039630007888390e-01 2.770061580072005758e-01 3.511110894443466024e-01 4.093242682363157359e-01 6.090164318151759515e-01 7.022759298587870624e-01 8.277939646870435819e-01
2.265057319818823342e-02 5.985801813782426484e-02 1.000344936202234442e-01 2.269482216878656033e-01 2.766058081314706207e-01 3.506535994413061408e-01 4.088303281172845360e-01 6.084696248222445369e-01 7.017586947964621347e-01 8.273830009224931725e-01
2.253945563063557492e-02 5.969974773067981966e-02 9.981967062847646455e-02 2.265909873858575341e-01 2.762030217292059109e-01 3.501921397503103273e-01 4.083310584245364305e-01 6.079104895941026543e-01 7.012225879657238981e-01 8.269414745714799286e-01
2.243101434858344595e-02 5.954223334770870207e-02 9.960504857375412913e-02 2.262298204745113173e-01 2.757944497718836652e-01 3.497218812418913525e-01 4.078202076133887188e-01 6.073269866760344637e-01 7.006520252889446576e-01 8.264553479818604886e-01
2.232632225400488224e-02 5.938519116462860625e-02 9.938932756133511681e-02 2.258602031505644592e-01 2.753738491846933201e-01 3.492337246280181606e-01 4.072863727229908970e-01 6.066986679651807934e-01 7.000226910264131241e-01 8.259064873216518388e-01
2.222381361026913929e-02 5.922840974425041399e-02 9.917080608047247614e-02 2.254742638726765225e-01 2.749303986872834171e-01 3.487121655935002673e-01 4.067102699085157202e-01 6.059934919566363209e-01 6.992995924025600107e-01 8.252727321137792726e-01
2.212349581664207684e-02 5.907074878325088707e-02 9.894668647648931226e-02 2.250590081011613064e-01 2.744464537990811692e-01 3.481324139794065853e-01 4.060614731242828124e-01 6.051649696224502550e-01 6.984362405477073654e-01 8.245285684480947452e-01
2.202567962517581676e-02 5.891083137724259511e-02 9.871229654713183088e-02 2.245942914933748980e-01 2.738950864797539686e-01 3.474573424545165934e-01 4.052951458096937243e-01 6.041507224670999987e-01 6.973756366904708681e-01 8.236464609252607261e-01
2.192961771925614617e-02 5.874679199787830736e-02 9.846047306161759272e-02 2.240509186164883759e-01 2.732377113607370456e-01 3.466348119881795808e-01 4.043494818199633301e-01 6.028732309145171664e-01 6.960534227418975206e-01 8.225987541257165914e-01
2.183523492178333220e-02 5.857514410845621883e-02 9.818091577486047494e-02 2.233888042438687271e-01 2.724221927082449146e-01 3.455960677717680452e-01 4.031446994098449310e-01 6.012434471084877607e-01 6.944030282115932762e-01 8.213599103943532986e-01
2.174322676491024717e-02 5.839101266567317539e-02 9.785953449907043578e-02 2.225559673518400783e-01 2.713821425796543729e-01 3.442558881430536899e-01 4.015842726617457337e-01 5.991672186237517739e-01 6.923620839084391188e-01 8.199087555359302337e-01
2.165212523014470661e-02 5.818781267093327270e-02 9.747728672942558570e-02 2.214885289103057375e-01 2.700377959413770013e-01 3.425152372196758610e-01 3.995591971655771402e-01 5.965537447414580585e-01 6.898789865498894391e-01 8.182303900980372191e-01
2.156141998742434202e-02 5.795674953388676998e-02 9.701027602362279068e-02 2.201124707131581204e-01 2.682989593055022937e-01 3.402663903557432978e-01 3.969548342414459530e-01 5.933246963371698879e-01 6.869184355180684154e-01 8.163174936449499874e-01
2.147079304450357634e-02 5.768614956880292050e-02 9.642964276317798900e-02 2.183469824127643732e-01 2.660701170745880528e-01 3.374003580646699474e-01 3.936598852074293386e-01 5.894224051071655923e-01 6.834650012553584730e-01 8.141708761559387497e-01
2.137877556451179412e-02 5.736167449139093627e-02 9.570217054035513871e-02 2.161094234111047008e-01 2.632571449782966644e-01 3.338157827869623340e-01 3.895762691419020207e-01 5.848157387113840366e-01 6.795243171636443646e-01 8.117992728601702845e-01
2.128370686048033922e-02 5.696626327100145354e-02 9.479115703967645745e-02 2.133215574832748596e-01 2.597750865845658286e-01 3.294281794580679046e-01 3.846284573823293695e-01 5.795028295410497021e-01 6.751219448605537687e-01 8.092184979191308081e-01
