nan
9.931696484655376480e+03
2.319768203383230502e+04
4.034475497586123674e+04
6.062957897281901387e+04
8.361707230242654623e+04
1.090087370958034153e+05
1.306444966844182054e+05
1.432174476959748717e+05
1.552978835042684805e+05
1.669329566114027693e+05
1.781614135661606851e+05
1.890155587331138377e+05
1.995226946971594007e+05
2.097061834358854103e+05
2.195862374969943194e+05
2.291805183601448953e+05
2.385045956078332674e+05
2.475723042436261021e+05
2.563960264092984435e+05
2.649869161937274621e+05
2.733550810278269346e+05
2.815097295416711131e+05
2.894592932087286608e+05
2.972115272791367606e+05
3.047735951841631322e+05
3.121521396265214426e+05
3.193533428534583654e+05
3.263829780709728948e+05
3.332464535491640563e+05
3.399488506559446687e+05
3.464949568145056255e+05
3.528892941913576215e+05
3.591361447734347894e+05
3.652395723752006306e+05
3.712034420228731469e+05
3.770314370874278247e+05
3.827270744770318852e+05
3.882937181498722639e+05
3.937345911676710821e+05
3.990527864767002175e+05
4.042512765753975254e+05
4.093329222046580398e+05
4.143004801776122185e+05
4.191566104495693580e+05
4.239038825151660712e+05
4.285447812082851306e+05
4.330817119704710785e+05
4.375170056452887948e+05
4.418529228488910012e+05
4.460916579609694891e+05
4.502353427749500261e+05
4.542860498417865601e+05
4.582457955377183389e+05
4.621165428829443990e+05
4.659002041351723601e+05
4.695986431793954689e+05
4.732136777329426841e+05
4.767470813828815008e+05
4.802005854710146086e+05
4.835758808402323048e+05
4.868746194545371109e+05
4.900984159038685029e+05
4.932488488037594943e+05
4.963274620988958050e+05
4.993357662787782028e+05
5.022752395129260840e+05
5.051473287123742048e+05
5.079534505235855468e+05
5.106949922603576561e+05
5.133733127788108541e+05
5.159897433000646415e+05
5.185455881848419667e+05
5.210421256638538907e+05
5.234806085274803336e+05
5.258622647779787658e+05
5.281882982471687719e+05
5.304598891822906444e+05
5.326781948025231250e+05
5.348443498284298694e+05
5.369594669864036841e+05
5.390246374900508672e+05
5.410409315002452349e+05
5.430093985654789722e+05
5.449310680439863354e+05
5.468069495090144919e+05
5.486380331384798046e+05
5.504252900901694084e+05
5.521696728635437321e+05
5.538721156491201837e+05
5.555335346663193777e+05
5.571548284906110493e+05
5.587368783707104158e+05
5.602805485365146305e+05
5.617866864984282292e+05
5.632561233386549866e+05
5.646896739950062474e+05
5.660881375377021031e+05
5.674522974396421341e+05
5.687829218405382708e+05
5.700807638053147821e+05
5.713465615771024022e+05
5.725810388251604745e+05
5.737849048880187329e+05
5.749588550120986765e+05
5.761035705860641319e+05
5.772197193711239379e+05
5.783079557274897816e+05
5.793689208371693967e+05
5.804032429232725408e+05
5.814115374659701483e+05
5.823944074152626563e+05
5.833524434006653028e+05
5.842862239379335660e+05
5.851963156329364283e+05
5.860832733827610500e+05
5.869476405741341878e+05
5.877899492792461533e+05
5.886107204490295844e+05
5.894104641039691633e+05
5.901896795224864036e+05
