nan
1.127535234382063391e+04
2.909493149873215225e+04
5.216846717564254504e+04
7.949673765477353300e+04
1.041109506607975200e+05
1.189246182682155486e+05
1.331577537305223814e+05
1.469026814574037853e+05
1.602282415982351231e+05
1.731874158931274724e+05
1.858220634349477477e+05
1.981659841000938031e+05
2.102469742752408201e+05
2.220882512408778712e+05
2.337094678982546902e+05
2.451274533289913379e+05
2.563567647988041863e+05
2.674101069310126477e+05
2.782986552939765970e+05
2.890323098882057820e+05
2.996198963446151465e+05
3.100693275203329977e+05
3.203877346841028775e+05
3.305815750556747080e+05
3.406567207479138160e+05
3.506185329288284993e+05
3.604719241240286501e+05
3.702214109185255948e+05
3.798711588227904285e+05
3.894250206949242274e+05
3.988865698261082289e+05
4.082591285772311967e+05
4.175457932840631111e+05
4.267494560146842268e+05
4.358728236572785536e+05
4.449184347323109396e+05
4.538886742556942627e+05
4.627857869252280798e+05
4.716118888583930093e+05
4.803689780735483509e+05
4.890589438770050183e+05
4.976835752939884551e+05
5.062445686612240388e+05
5.147435344820396858e+05
5.231820036306675756e+05
5.315614329806059832e+05
5.398832105217918288e+05
5.481486600228958996e+05
5.563590452877740609e+05
5.645155740489271702e+05
5.726194015355618903e+05
5.806716337492694147e+05
5.886733304764098721e+05
5.966255080629519653e+05
6.045291419744970044e+05
6.123851691617337056e+05
6.201944902493131813e+05
6.279579715641507646e+05
6.356764470175178722e+05
6.433507198537434451e+05
6.509815642770319246e+05
6.585697269667460350e+05
6.661159284904637607e+05
6.736208646232279716e+05
6.810852075805488275e+05
6.885096071720676264e+05
6.958946918820628198e+05
7.032410698824997526e+05
7.105493299837247469e+05
7.178200425275014713e+05
7.250537602266538888e+05
7.322510189552042866e+05
7.394123384925852297e+05
7.465382232251536334e+05
7.536291628080350347e+05
7.606856327900040196e+05
7.677080952039435506e+05
7.746969991251869360e+05
7.816527811998863472e+05
7.885758661453613313e+05
7.954666672242595814e+05
8.023255866941885324e+05
8.091530162343822885e+05
8.159493373508293880e+05
8.227149217611978529e+05
8.294501317607851233e+05
8.361553205706404988e+05
8.428308326689196983e+05
8.494770041064578108e+05
8.560941628075017361e+05
8.626826288564160932e+05
8.692427147712144069e+05
8.757747257646000944e+05
8.822789599932825658e+05
8.887557087961514480e+05
8.952052569219568977e+05
9.016278827470575925e+05
9.080238584837531671e+05
9.143934503797222860e+05
9.207369189090118743e+05
9.270545189550339710e+05
9.333464999859733507e+05
9.396131062229884556e+05
9.458545768015771173e+05
9.520711459264465375e+05
9.582630430202181451e+05
9.644304928662353195e+05
9.705737157458182191e+05
9.766929275701716542e+05
9.827883400072552031e+05
9.888601606038098689e+05
9.949085929028027458e+05
1.000933836556475144e+06
1.006936087435223511e+06
1.012915537732475088e+06
1.018872376065762015e+06
1.024806787574153859e+06
1.030718954012222937e+06
1.036609053840666194e+06
1.042477262313768151e+06
