nan
8.640707256175504881e+03
1.177889236766872273e+04
1.462026547447911798e+04
1.742573508761244739e+04
2.014127493168870933e+04
2.276390372979064341e+04
2.530047680981092344e+04
2.775925417604744507e+04
3.014790998627898807e+04
3.247313094745599301e+04
3.474064036913876771e+04
3.695532611880465993e+04
3.912137836413398327e+04
4.124241113005601073e+04
4.332156297383944184e+04
4.536157848139440466e+04
4.736487380237038451e+04
4.933358938918021158e+04
5.126963262066622701e+04
5.317471245729012298e+04
5.505036780795580125e+04
5.689799091210408369e+04
5.871884674727210950e+04
6.051408924689897685e+04
6.228477494084697537e+04
6.403187449937361816e+04
6.575628256025991868e+04
6.745882614096366160e+04
6.914027187735332700e+04
7.080133228357283224e+04
7.244267119071177149e+04
7.406490849285120203e+04
7.566862430593781755e+04
7.725436262646828254e+04
7.882263456211185257e+04
8.037392119439647649e+04
8.190867612382129300e+04
8.342732773977944453e+04
8.493028125112339330e+04
8.641792050779107376e+04
8.789060963942701346e+04
8.934869453318862361e+04
9.079250416980311275e+04
9.222235183430480538e+04
9.363853621567391383e+04
9.504134240770543693e+04
9.643104282185294142e+04
9.780789802142347617e+04
9.917215748533107399e+04
1.005240603086240590e+05
1.018638358461306343e+05
1.031917043048273335e+05
1.045078772898868046e+05
1.058125583088038402e+05
1.071059432375067845e+05
1.083882207519368967e+05
1.096595727282038424e+05
1.109201746140995674e+05
1.121701957744603569e+05
1.134097998126186867e+05
1.146391448699551547e+05
1.158583839053684642e+05
1.170676649562987732e+05
1.182671313827886916e+05
1.194569220959215163e+05
1.206371717718562868e+05
1.218080110525627388e+05
1.229695667342660745e+05
1.241219619445136050e+05
1.252653163087036082e+05
1.263997461068401171e+05
1.275253644212091604e+05
1.286422812756216590e+05
1.297506037668054778e+05
1.308504361884906830e+05
1.319418801486768934e+05
1.330250346805463778e+05
1.340999963474369433e+05
1.351668593422640988e+05
1.362257155817515741e+05
1.372766547957985895e+05
1.383197646122897859e+05
1.393551306376339053e+05
1.403828365332882677e+05
1.414029640885173867e+05
1.424155932896097365e+05
1.434208023857625376e+05
1.444186679518289457e+05
1.454092649481134140e+05
1.463926667773787922e+05
1.473689453392293071e+05
1.483381710820108710e+05
1.493004130523723143e+05
1.502557389426102454e+05
1.512042151359229465e+05
1.521459067496834032e+05
1.530808776768356620e+05
1.540091906255158829e+05
1.549309071569923544e+05
1.558460877220034890e+05
1.567547916955866094e+05
1.576570774104628945e+05
1.585530021890631760e+05
1.594426223742479342e+05
1.603259933587990527e+05
1.612031696137354593e+05
1.620742047155094915e+05
1.629391513721433876e+05
1.637980614483495301e+05
1.646509859896847920e+05
1.654979752457872382e+05
1.663390786927311565e+05
1.671743450545455562e+05
1.680038223239340296e+05
1.688275577822284831e+05
1.696455980186140223e+05
1.704579889486570901e+05
1.712647758321647998e+05
1.720660032904091058e+05
1.728617153227372328e+05
