nan
1.762756097137303641e+03
2.796296562216382426e+03
3.240318090183041477e+03
3.709899431776954316e+03
4.179314033430261588e+03
4.640931707307348006e+03
5.092449053744962839e+03
5.533410495140392413e+03
5.964051756539721282e+03
6.384863319566683458e+03
6.796412512717724894e+03
7.199268520824804909e+03
7.593971327420881607e+03
7.981020255196978724e+03
8.360871410398016451e+03
8.733939113875436306e+03
9.100598991337683401e+03
9.461191608322142201e+03
9.816026122109000426e+03
1.016538371256278151e+04
1.050952069819865937e+04
1.084867131506762780e+04
1.118305017010417214e+04
1.151285439550143565e+04
1.183826553583124405e+04
1.215945119991012143e+04
1.247656650740393161e+04
1.278975535721736560e+04
1.309915154152645664e+04
1.340487972622631787e+04
1.370705631574138715e+04
1.400579021763467972e+04
1.430118352026359025e+04
1.459333209484110012e+04
1.488232613164342547e+04
1.516825061872450169e+04
1.545118577032214125e+04
1.573120741114042903e+04
1.600838732184209948e+04
1.628279355035954359e+04
1.655449069301574855e+04
1.682354014891921179e+04
1.709000035064540498e+04
1.735392697383141422e+04
1.761537312797862251e+04
1.787438953047263931e+04
1.813102466558395827e+04
1.838532493000043178e+04
1.863733476625832191e+04
1.888709678527916185e+04
1.913465187908094958e+04
1.938003932461152363e+04
1.962329687954562178e+04
1.986446087079557401e+04
2.010356627640420629e+04
2.034064680141727513e+04
2.057573494827055038e+04
2.080886208217095191e+04
2.104005849190304434e+04
2.126935344644793076e+04
2.149677524776496284e+04
2.172235128005074876e+04
2.194610805576134590e+04
2.216807125865557464e+04
2.238826578409373178e+04
2.260671577680429982e+04
2.282344466631209070e+04
2.303847520020405500e+04
2.325182947539286397e+04
2.346352896752550078e+04
2.367359455867048746e+04
2.388204656340642032e+04
2.408890475342432183e+04
2.429418838074706946e+04
2.449791619966026337e+04
2.470010648744208811e+04
2.490077706397195652e+04
2.509994531029210702e+04
2.529762818619022073e+04
2.549384224686594098e+04
2.568860365873973569e+04
2.588192821445744266e+04
2.607383134714097832e+04
2.626432814393093940e+04
2.645343335886425484e+04
2.664116142512658917e+04
2.682752646671643379e+04
2.701254230955548701e+04
2.719622249207754430e+04
2.737858027532501001e+04
2.755962865258186139e+04
2.773938035856841816e+04
2.791784787822225917e+04
2.809504345508840561e+04
2.827097909933913616e+04
2.844566659544445793e+04
2.861911750951053909e+04
2.879134319630477330e+04
2.896235480598293361e+04
2.913216329053392110e+04
2.930077940995731842e+04
2.946821373818565553e+04
2.963447666876623407e+04
2.979957842031237669e+04
2.996352904173699426e+04
3.012633841727829349e+04
3.028801627132773501e+04
3.044857217306988969e+04
3.060801554094298990e+04
3.076635564692836124e+04
3.092360162067731289e+04
3.107976245348221710e+04
3.123484700209939911e+04
3.138886399243037158e+04
3.154182202306792533e+04
3.169372956871272982e+04
3.184459498346675537e+04
3.199442650400807906e+04
3.214323225265328438e+04
3.229102024031117980e+04
