nan
8.626311014465976768e+03
1.357389473846732290e+04
1.588584961880282754e+04
1.835205138940902543e+04
2.080194656985671099e+04
2.319092737755234702e+04
2.550711349351668105e+04
2.774907535778597594e+04
2.991900236905074780e+04
3.202028349649424854e+04
3.405657924218646076e+04
3.603145670197408617e+04
3.794825313719953556e+04
3.981003608010035532e+04
4.161960445473362051e+04
4.337950632797922299e+04
4.509206233398682525e+04
4.675938985917156970e+04
4.838342587351809925e+04
4.996594760767082334e+04
5.150859088862541103e+04
5.301286622316917055e+04
5.448017283101885550e+04
5.591181086359020264e+04
5.730899204148630088e+04
5.867284892503170704e+04
6.000444300784300140e+04
6.130477179850770335e+04
6.257477503217948106e+04
6.381534013316842174e+04
6.502730703160129633e+04
6.621147242180882313e+04
6.736859353701813961e+04
6.849939150387102563e+04
6.960455433097283822e+04
7.068473957782395883e+04
7.174057674386895087e+04
7.277266941181159928e+04
7.378159717462120170e+04
7.476791737165642553e+04
7.573216665593087964e+04
7.667486241165606771e+04
7.759650403872522293e+04
7.849757411869146745e+04
7.937853947497745685e+04
8.023985213850002037e+04
8.108195022854121635e+04
8.190525875754142180e+04
8.271019036747903738e+04
8.349714600462328235e+04
8.426651553868886549e+04
8.501867833175156557e+04
8.575400376169856463e+04
8.647285170448497229e+04
8.717557297900517005e+04
8.786250975800458400e+04
8.853399594809823611e+04
8.919035754165724211e+04
8.983191294305208430e+04
9.045897327149125340e+04
9.107184264248546970e+04
9.167081842976759071e+04
9.225619150933004858e+04
9.282824648708473251e+04
9.338726191151390958e+04
9.393351047255426238e+04
9.446725918784826354e+04
9.498876957739038335e+04
9.549829782751285529e+04
9.599609494506625924e+04
9.648240690258106042e+04
9.695747477512784826e+04
9.742153486953234824e+04
9.787481884654589521e+04
9.831755383652435557e+04
9.874996254911883443e+04
9.917226337744423654e+04
9.958467049714853056e+04
9.998739396077589481e+04
1.003806397877829440e+05
1.007646100505365321e+05
1.011395029565981677e+05
1.015055129275736836e+05
1.018628306747846800e+05
1.022116432719992590e+05
1.025521342254363699e+05
1.028844835412478133e+05
1.032088677906579833e+05
1.035254601729333081e+05
1.038344305763364391e+05
1.041359456372058776e+05
1.044301687972979416e+05
1.047172603595068649e+05
1.049973775420773600e+05
1.052706745314112923e+05
1.055373025335611164e+05
1.057974098244986963e+05
1.060511417992364441e+05
1.062986410198735102e+05
1.065400472626353439e+05
1.067754975639646727e+05
1.070051262657223269e+05
1.072290650595464977e+05
1.074474430304192792e+05
1.076603866994800337e+05
1.078680200661276758e+05
1.080704646494443296e+05
1.082678395289743785e+05
1.084602613848861220e+05
1.086478445375454612e+05
1.088307009865219588e+05
1.090089404490524030e+05
1.091826703979789891e+05
1.093519960991815460e+05
1.095170206485185045e+05
1.096778450082926865e+05
1.098345680432524969e+05
1.099872865561416984e+05
1.101360953228086291e+05
1.102810871268820483e+05
