nan
1.763968260636884679e+03
2.969207680457883271e+03
3.802046185226811303e+03
4.179205837207969125e+03
4.576575894547270764e+03
4.976873716363482345e+03
5.372828936930737655e+03
5.761227968031113051e+03
6.140675419047162904e+03
6.510648566782097987e+03
6.871060986453730948e+03
7.222047493429248789e+03
7.563853000538566448e+03
7.896773200990814985e+03
8.221122339837094842e+03
8.537215662629108920e+03
8.845360029880446746e+03
9.145849155564177636e+03
9.438961486653684915e+03
9.724959588157789767e+03
1.000409037251292466e+04
1.027658578428239707e+04
1.054266371025422268e+04
1.080252897955150547e+04
1.105637437514159319e+04
1.130438161246320669e+04
1.154672226169384521e+04
1.178355860273380677e+04
1.201504440946869363e+04
1.224132566422816308e+04
1.246254120578142101e+04
1.267882331544375302e+04
1.289029824637792808e+04
1.309708670125142453e+04
1.329930426323941720e+04
1.349706178505666867e+04
1.369046574033209981e+04
1.387961854124915953e+04
1.406461882599012642e+04
1.424556171915602499e+04
1.442253906799535616e+04
1.459563965696533887e+04
1.476494940287078134e+04
1.493055153257621350e+04
1.509252674506477160e+04
1.525095335942060592e+04
1.540590745013697415e+04
1.555746297099849289e+04
1.570569186864988660e+04
1.585066418684365817e+04
1.599244816225285103e+04
1.613111031264209305e+04
1.626671551810651545e+04
1.639932709601566967e+04
1.652900687023436330e+04
1.665581523513464344e+04
1.677981121486240590e+04
1.690105251827654138e+04
1.701959558993780593e+04
1.713549565748901659e+04
1.724880677573528010e+04
1.735958186770480097e+04
1.746787276294429466e+04
1.757373023328034105e+04
1.767720402625700808e+04
1.777834289644107048e+04
1.787719463476972669e+04
1.797380609609984458e+04
1.806822322510462982e+04
1.816049108065055407e+04
1.825065385877632798e+04
1.833875491438545578e+04
1.842483678175444948e+04
1.850894119395025700e+04
1.859110910124299335e+04
1.867138068859272607e+04
1.874979539228242720e+04
1.882639191576417943e+04
1.890120824477907445e+04
1.897428166180761036e+04
1.904564875990165820e+04
1.911534545594594601e+04
1.918340700339241812e+04
1.924986800450798546e+04
1.931476242217219624e+04
1.937812359125923467e+04
1.943998422963528719e+04
1.950037644880005610e+04
1.955933176419880328e+04
1.961688110522941497e+04
1.967305482496662080e+04
1.972788270962375100e+04
1.978139398777128008e+04
1.983361733932896095e+04
1.988458090434757469e+04
1.993431229159492068e+04
1.998283858695900199e+04
2.003018636168092416e+04
2.007638168042835241e+04
2.012145010921974244e+04
2.016541672320875659e+04
2.020830611433684680e+04
2.025014239886238283e+04
2.029094922477247746e+04
2.033074977908451183e+04
2.036956679504274507e+04
2.040742255921514879e+04
2.044433891849548672e+04
2.048033728701433211e+04
2.051543865296330114e+04
2.054966358533560924e+04
2.058303224058601336e+04
2.061556436921299246e+04
2.064727932226533812e+04
2.067819605777553807e+04
2.070833314712156425e+04
2.073770878131904101e+04
2.076634077724484087e+04
2.079424658379374159e+04
2.082144328796891205e+04
