nan
1.762412997137337470e+03
2.605342706502354304e+03
3.090059492428767044e+03
3.586226955314889437e+03
4.075764902997283571e+03
4.554222289734217156e+03
5.020831991917538289e+03
5.475966587273775076e+03
5.920344646619621017e+03
6.354754920729879814e+03
6.779957231998368115e+03
7.196649268034173474e+03
7.605459094365490273e+03
8.006947670004275096e+03
8.401614923032886509e+03
8.789906696628995633e+03
9.172221465766768233e+03
9.548916416149322686e+03
9.920312778655492366e+03
1.028670044038767628e+04
1.064834190245224636e+04
1.100547566815864775e+04
1.135831914343896460e+04
1.170707112332130419e+04
1.205191392855717277e+04
1.239301524692380917e+04
1.273052972507099184e+04
1.306460034929122776e+04
1.339535964725469057e+04
1.372293073745223955e+04
1.404742824869495962e+04
1.436895912838021104e+04
1.468762335522828289e+04
1.500351456970729305e+04
1.531672063330489254e+04
1.562732412609663697e+04
1.593540279063875096e+04
1.624102992902759797e+04
1.654427475897479235e+04
1.684520273391434966e+04
1.714387583145723693e+04
1.744035281391549142e+04
1.773468946411783327e+04
1.802693879931110496e+04
1.831715126557981421e+04
1.860537491490504908e+04
1.889165556671842205e+04
1.917603695557788160e+04
1.945856086639552450e+04
1.973926725847717171e+04
2.001819437948630366e+04
2.029537887031656282e+04
2.057085586174654600e+04
2.084465906365209594e+04
2.111682084746782130e+04
2.138737232251368187e+04
2.165634340673854240e+04
2.192376289237348465e+04
2.218965850693846733e+04
2.245405696999970678e+04
2.271698404603678500e+04
2.297846459374173719e+04
2.323852261204284150e+04
2.349718128311640976e+04
2.375446301262608176e+04
2.401038946740647589e+04
2.426498161078838893e+04
2.451825973574491582e+04
2.477024349602184884e+04
2.502095193540137916e+04
2.527040351523561185e+04
2.551861614037390245e+04
2.576560718359847669e+04
2.601139350867280154e+04
2.625599149209849929e+04
2.649941704366923659e+04
2.674168562590243891e+04
2.698281227242386376e+04
2.722281160537345204e+04
2.746169785189656250e+04
2.769948485977855307e+04
2.793618611227801011e+04
2.817181474220770906e+04
2.840638354531072036e+04
2.863990499297423958e+04
2.887239124432182871e+04
2.910385415772032866e+04
2.933430530173710576e+04
2.956375596557873359e+04
2.979221716904201094e+04
3.001969967200461906e+04
3.024621398348158618e+04
3.047177037027213009e+04
3.069637886521916880e+04
3.092004927510303969e+04
3.114279118818904317e+04
3.136461398144780469e+04
3.158552682746507708e+04
3.180553870105815804e+04
3.202465838561383134e+04
3.224289447916188874e+04
3.246025540019842447e+04
3.267674939327098764e+04
3.289238453433761606e+04
3.310716873591137119e+04
3.332110975200038956e+04
3.353421518285360798e+04
3.374649247952167207e+04
3.395794894824176299e+04
3.416859175465468434e+04
3.437842792786178325e+04
3.458746436432994960e+04
3.479570783165075409e+04
3.500316497216106654e+04
3.520984230643105548e+04
3.541574623662585509e+04
3.562088304974604398e+04
3.582525892075294541e+04
3.602887991558305657e+04
3.623175199405710009e+04
