nan
1.057170288963272105e+04
2.704663435982206647e+04
4.837421790358453291e+04
7.363073038907769660e+04
1.022808459566601086e+05
1.183735920921319193e+05
1.323993425295169582e+05
1.459190594164344366e+05
1.590009606433073059e+05
1.716977620687591552e+05
1.840512553498556372e+05
1.960952887664043228e+05
2.078577766128048243e+05
2.193620961654457788e+05
2.306280855141928769e+05
2.416727733888581861e+05
2.525109241949856805e+05
2.631554526003254578e+05
2.736177440831625136e+05
2.839079064092554618e+05
2.940349695158837130e+05
3.040070462703864905e+05
3.138314631481661345e+05
3.235148674940604251e+05
3.330633163461375516e+05
3.424823505902895704e+05
3.517770573315284564e+05
3.609521227162853465e+05
3.700118769529720303e+05
3.789603329099830007e+05
3.878012193892541691e+05
3.965380099567250581e+05
4.051739480424814974e+05
4.137120688910182216e+05
4.221552188374876278e+05
4.305060723024135805e+05
4.387671468305533635e+05
4.469408164455431397e+05
4.550293235481637530e+05
4.630347895501677995e+05
4.709592244061969686e+05
4.788045351819678326e+05
4.865725337767180172e+05
4.942649439010372735e+05
5.018834073971356847e+05
5.094294899766715243e+05
5.169046864412964787e+05
5.243104254424703540e+05
5.316480738299831282e+05
5.389189406322998693e+05
5.461242807066417299e+05
5.532652980920966947e+05
5.603431490951546002e+05
5.673589451336191269e+05
5.743137553619217360e+05
5.812086090983017348e+05
5.880444980720233871e+05
5.948223785069037694e+05
6.015431730556471739e+05
6.082077725980198011e+05
6.148170379145148909e+05
6.213718012460288592e+05
6.278728677490119589e+05
6.343210168546056375e+05
6.407170035395158920e+05
6.470615595155894989e+05
6.533553943444403121e+05
6.595991964828881901e+05
6.657936342644203687e+05
6.719393568214938277e+05
6.780369949529761216e+05
6.840871619407447288e+05
6.900904543190518161e+05
6.960474525999973994e+05
7.019587219581669196e+05
7.078248128772217315e+05
7.136462617610463640e+05
7.194235915117874974e+05
7.251573120770041132e+05
7.308479209679290652e+05
7.364959037506850436e+05
7.421017345122086117e+05
7.476658763024535729e+05
7.531887815543358447e+05
7.586708924828006420e+05
7.641126414642862510e+05
7.695144513977309689e+05
7.748767360482430086e+05
7.801999003744362853e+05
7.854843408403904177e+05
7.907304457130943192e+05
7.959385953462258913e+05
8.011091624510092661e+05
8.062425123548853444e+05
8.113390032486445270e+05
8.163989864226779900e+05
8.214228064929024549e+05
8.264108016169283073e+05
8.313633037009841064e+05
8.362806385980671039e+05
8.411631262977893930e+05
8.460110811083390145e+05
8.508248118309502024e+05
8.556046219272698509e+05
8.603508096799677005e+05
8.650636683469156269e+05
8.697434863092799205e+05
8.743905472137710312e+05
8.790051301093955990e+05
8.835875095789028564e+05
8.881379558652371634e+05
8.926567349931867793e+05
8.971441088864778867e+05
9.016003354805095587e+05
9.060256688309280435e+05
9.104203592182401335e+05
9.147846532486265060e+05
9.191187939511390869e+05
9.234230208714364562e+05
9.276975701621928019e+05
