nan
8.566434102883911692e+03
1.133704206966580750e+04
1.431451317904938333e+04
1.720791886021018217e+04
1.999271949588250573e+04
2.267648182942897984e+04
2.527081558233612304e+04
2.778644636583063038e+04
3.023245191194782456e+04
3.261637146267516800e+04
3.494447046001833223e+04
3.722199272120219393e+04
3.945336705899477238e+04
4.164236928166436701e+04
4.379224775229235092e+04
4.590582080176717136e+04
4.798555278115208785e+04
5.003361394381940045e+04
5.205192803526474017e+04
5.404221047054367955e+04
5.600599924233004276e+04
5.794468016355579311e+04
5.985950765439539828e+04
6.175162199385237182e+04
6.362206374214917741e+04
6.547178588061630580e+04
6.730166409591979755e+04
6.911250554463837761e+04
7.090505636479072564e+04
7.268000814743527735e+04
7.443800353993412864e+04
7.617964111996955762e+04
7.790547965379203379e+04
7.961604183183715213e+04
8.131181755861009879e+04
8.299326686066668481e+04
8.466082246595830657e+04
8.631489209920626308e+04
8.795586053094078670e+04
8.958409141205377819e+04
9.119992892093856062e+04
9.280369924631687172e+04
9.439571192554746813e+04
9.597626105543198355e+04
9.754562639020734059e+04
9.910407433943694923e+04
1.006518588768483314e+05
1.021892223697395530e+05
1.037163963373666193e+05
1.052336021456812450e+05
1.067410516448958369e+05
1.082389477555875928e+05
1.097274850083763449e+05
1.112068500416463648e+05
1.126772220612690726e+05
1.141387732658540917e+05
1.155916692406679067e+05
1.170360693230283359e+05
1.184721269416842697e+05
1.198999899324359576e+05
1.213198008320179360e+05
1.227316971520669758e+05
1.241358116348181793e+05
1.255322724920144246e+05
1.269212036283675698e+05
1.283027248507932964e+05
1.296769520645186712e+05
1.310439974570706108e+05
1.324039696710533462e+05
1.337569739665527013e+05
1.351031123739237664e+05
1.364424838376562984e+05
1.377751843519563845e+05
1.391013070886234927e+05
1.404209425177579978e+05
1.417341785217915312e+05
1.430411005032890534e+05
1.443417914869384840e+05
1.456363322161122051e+05
1.469248012443518382e+05
1.482072750221017050e+05
1.494838279789955413e+05
1.507545326019705972e+05
1.520194595094737306e+05
1.532786775219909032e+05
1.545322537291302287e+05
1.557802535534605850e+05
1.570227408112967387e+05
1.582597777706137858e+05
1.594914252062513260e+05
1.607177424525685492e+05
1.619387874536891177e+05
1.631546168114727770e+05
1.643652858313420147e+05
1.655708485660758743e+05
1.667713578576871078e+05
1.679668653774796403e+05
1.691574216643892869e+05
1.703430761616924428e+05
1.715238772521714563e+05
1.726998722918125568e+05
1.738711076421165199e+05
1.750376287010874657e+05
1.761994799329668458e+05
1.773567048967781593e+05
1.785093462737358641e+05
1.796574458935769799e+05
1.808010447598674218e+05
1.819401830743298924e+05
1.830749002602418768e+05
1.842052349849454476e+05
1.853312251815124764e+05
1.864529080696014280e+05
1.875703201755456685e+05
1.886834973517038452e+05
1.897924747951109603e+05
1.908972870654581056e+05
1.919979681024278689e+05
1.930945512424202170e+05
1.941870692346896976e+05
