0.000000000000000000e+00
1.019772291106261635e+10
1.900407375759665298e+10
2.633999939871685028e+10
3.231714991094201279e+10
3.711566395255030823e+10
4.099407260044773865e+10
4.419873317196092224e+10
4.690293848281849670e+10
4.922663117496651459e+10
5.125288058319322968e+10
5.303978719264252472e+10
5.462862696272106171e+10
5.604930957716166687e+10
5.732401393730860138e+10
5.846961122554438019e+10
5.949928657773308563e+10
6.042363089706088257e+10
6.125138107290676117e+10
6.198992566485946655e+10
6.264565319439614868e+10
6.322419414634040833e+10
6.373059073454835510e+10
6.416941726704718781e+10
6.454486651743847656e+10
6.486081255950887299e+10
6.512085720269606018e+10
6.532836492649519348e+10
6.548648969200923920e+10
6.559819597173976135e+10
6.566627562745092773e+10
6.569336177585132599e+10
6.568194044270375824e+10
6.563436057035409546e+10
6.555284277936277771e+10
6.543948716995853424e+10
6.529628036830514526e+10
6.512510196571477509e+10
6.492773045876314545e+10
6.470584876975981903e+10
6.446104940675543213e+10
6.419483930777365875e+10
6.390864440355850220e+10
6.360381392562995148e+10
6.328162448099782562e+10
6.294328391092065430e+10
6.258993494816707611e+10
6.222265868508325958e+10
6.184247786314343262e+10
6.145035999343412018e+10
6.104722031658778381e+10
6.063392460994912720e+10
6.021129184918100739e+10
5.978009673105803680e+10
5.934107206381389618e+10
5.889491103109685516e+10
5.844226933531375885e+10
5.798376722590985870e+10
5.751999141792165375e+10
5.705149690594582367e+10
5.657880867849159241e+10
5.610242333751294708e+10
5.562281062775834656e+10
5.514041488041450500e+10
5.465565637537356567e+10
5.416893262629511261e+10
5.368061959249182892e+10
5.319107282151284027e+10
5.270062852615975189e+10
5.220960459951597595e+10
5.171830157143171692e+10
5.122700350975917053e+10
5.073597886949358368e+10
5.024548129283158875e+10
4.975575036302353668e+10
4.926701231475806427e+10
4.877948070368474579e+10
4.829335703754885864e+10
4.780883137128748322e+10
4.732608286830833435e+10
4.684528033005656433e+10
4.636658269585350800e+10
4.589013951488414764e+10
4.541609139209688568e+10
4.494457040967615509e+10
4.447570052565081787e+10
4.400959795110205078e+10
4.354637150734424591e+10
4.308612296436598969e+10
4.262894736173443604e+10
4.217493331308789825e+10
4.172416329526557922e+10
4.127671392305618286e+10
4.083265621047499084e+10
4.039205581942347717e+10
3.995497329651901245e+10
3.952146429883130646e+10
3.909157980920934296e+10
3.866536634183307648e+10
3.824286613857880402e+10
3.782411735674456787e+10
3.740915424864278412e+10
3.699800733352997589e+10
3.659070356230813599e+10
3.618726647540273285e+10
3.578771635419005585e+10
3.539207036632157898e+10
3.500034270526560974e+10
3.461254472436472321e+10
3.422868506568496704e+10
3.384876978391281128e+10
3.347280246553787613e+10
3.310078434354281998e+10
3.273271440780496597e+10
3.236858951140149307e+10
3.200840447299557877e+10
3.165215217547058487e+10
3.129982366096564865e+10
3.095140822245924759e+10
3.060689349203526306e+10
3.026626552595905685e+10
2.992950888668381882e+10
