0.000000000000000000e+00
1.338738286205191864e+06
4.622956683284814470e+06
9.753494410475958139e+06
1.645760430842264369e+07
2.447936175877292827e+07
3.359485865356846899e+07
4.361244088794705272e+07
5.436934534344145656e+07
6.572766536394198239e+07
7.757053123089365661e+07
8.979876078698927164e+07
1.023280163651174307e+08
1.150864276684774905e+08
1.280126176775475144e+08
1.410540670694573820e+08
1.541657587816367149e+08
1.673090527287502885e+08
1.804507490280283093e+08
1.935623055510228872e+08
2.066191819639638662e+08
2.196002876694792807e+08
2.324875153436880708e+08
2.452653452247647345e+08
2.579205080968155563e+08
2.704416971537681818e+08
2.828193207291656137e+08
2.950452893271290064e+08
3.071128315582377315e+08
3.190163345284163356e+08
3.307512049942800403e+08
3.423137482206277847e+08
3.537010619833284020e+08
3.649109435762686729e+08
3.759418080222561359e+08
3.867926159690301418e+08
3.974628099842116833e+08
4.079522581561856866e+08
4.182612040688480139e+08
4.283902223527004719e+08
4.383401791276705861e+08
4.481121967480673194e+08
4.577076223403594494e+08
4.671279996924970150e+08
4.763750441113341451e+08
4.854506199140448570e+08
4.943567202616258860e+08
5.030954490787944198e+08
5.116690048357543349e+08
5.200796659942000508e+08
5.283297779432039261e+08
5.364217412708304524e+08
5.443580012348917723e+08
5.521410383115860224e+08
5.597733597141550779e+08
5.672574917854461670e+08
5.745959731785702705e+08
5.817913487489318848e+08
5.888461640889151096e+08
5.957629606435867548e+08
6.025442713520531654e+08
6.091926167646671534e+08
6.157105015912307501e+08
6.221004116397464275e+08
6.283648111091958284e+08
6.345061402033421993e+08
6.405268130356907845e+08
6.464292157985630035e+08
6.522157051717646122e+08
6.578886069486066103e+08
6.634502148590769768e+08
6.689027895718102455e+08
6.742485578581619263e+08
6.794897119032015800e+08
6.846284087497909069e+08
6.896667698631525040e+08
6.946068808044409752e+08
6.994507910028465986e+08
7.042005136166764498e+08
7.088580254746956825e+08
7.134252670897667408e+08
7.179041427375200987e+08
7.222965205934177637e+08
7.266042329221447706e+08
7.308290763137873411e+08
7.349728119617381096e+08
7.390371659776998758e+08
7.430238297395644188e+08
7.469344602683036327e+08
7.507706806303488016e+08
7.545340803622345924e+08
7.582262159145694971e+08
7.618486111126480103e+08
7.654027576312564611e+08
7.688901154814404249e+08
7.723121135071974993e+08
7.756701498902446032e+08
7.789655926611710787e+08
7.821997802154462337e+08
7.853740218328866959e+08
7.884895981993207932e+08
7.915477619293025732e+08
7.945497380888413191e+08
7.974967247172065973e+08
8.003898933469657898e+08
8.032303895214920044e+08
8.060193333092595339e+08
8.087578198143136501e+08
8.114469196823682785e+08
8.140876796020435095e+08
8.166811228008114100e+08
8.192282495352673531e+08
8.217300375753916502e+08
8.241874426825090647e+08
8.266013990806903839e+08
8.289728199213788509e+08
8.313025977410538197e+08
8.335916049117778540e+08
8.358406940844950676e+08
8.380506986249794960e+08
8.402224330423514843e+08
8.423566934100995064e+08
