0.000000000000000000e+00
3.275264709199800342e+07
6.269007146076964587e+07
8.966767536383371055e+07
1.139287815723266453e+08
1.357631327466832697e+08
1.554398618884690702e+08
1.731964291207646132e+08
1.892393395380033255e+08
2.037475663547589481e+08
2.168763758727552891e+08
2.287608744108542502e+08
2.395190949540422857e+08
2.492546113161509335e+08
2.580587250985772610e+08
2.660122860079833567e+08
2.731872052523223758e+08
2.796477151807783842e+08
2.854514203522581458e+08
2.906501775329974294e+08
2.952908353559021950e+08
2.994158586644802690e+08
3.030638578570028543e+08
3.062700397153129578e+08
3.090665931063010693e+08
3.114830204501097798e+08
3.135464238428570032e+08
3.152817531071232557e+08
3.167120217424112558e+08
3.178584956971496344e+08
3.187408590332494378e+08
3.193773598635340333e+08
3.197849393797610998e+08
3.199793463291110992e+08
3.199752389198716879e+08
3.197862758266129494e+08
3.194251977087187171e+08
3.189039004435560107e+08
3.182335010986715555e+08
3.174243975197331905e+08
3.164863222871481180e+08
3.154283916902425289e+08
3.142591502800496221e+08
3.129866114874229431e+08
3.116182947300033569e+08
3.101612593777692318e+08
3.086221359008333087e+08
3.070071544837068915e+08
3.053221713562561870e+08
3.035726930622929335e+08
3.017638988613588810e+08
2.999006614372600317e+08
2.979875660677392483e+08
2.960289283929728866e+08
2.940288109059231877e+08
2.919910382747837901e+08
2.899192115964320302e+08
2.878167216698924303e+08
2.856867613700125217e+08
2.835323371937596798e+08
2.813562800446787477e+08
2.791612553148661852e+08
2.769497723183756471e+08
2.747241931250712872e+08
2.724867408395669460e+08
2.702395073659822941e+08
2.679844606957151890e+08
2.657234517522724569e+08
2.634582208243409991e+08
2.611904036157068014e+08
2.589215369383046031e+08
2.566530640725672245e+08
2.543863398173277974e+08
2.521226352498008609e+08
2.498631422145843804e+08
2.476089775591734052e+08
2.453611871321873069e+08
2.431207495592901707e+08
2.408885798107056618e+08
2.386655325732103884e+08
2.364524054385821223e+08
2.342499419196278453e+08
2.320588343041428626e+08
2.298797263564376831e+08
2.277132158754209280e+08
2.255598571176072359e+08
2.234201630928760171e+08
2.212946077402780950e+08
2.191836279907249808e+08
2.170876257229375243e+08
2.150069696186394393e+08
2.129419969225940704e+08
2.108930151127280891e+08
2.088603034852718711e+08
2.068441146595322192e+08
2.048446760066374242e+08
2.028621910063335001e+08
2.008968405356581211e+08
1.989487840931061804e+08
1.970181609616730511e+08
1.951050913139775395e+08
1.932096772624647617e+08
1.913320038575404882e+08
1.894721400363025367e+08
1.876301395243973434e+08
1.858060416933898628e+08
1.839998723758862913e+08
1.822116446405518949e+08
1.804413595290203094e+08
1.786890067566021383e+08
1.769545653785870373e+08
1.752380044238447547e+08
1.735392834973312020e+08
1.718583533530257046e+08
1.701951564387477934e+08
1.685496274142156243e+08
1.669216936436510384e+08
1.653112756641587615e+08
1.637182876310459375e+08
1.621426377411911786e+08
1.605842286355171204e+08
1.590429577815596163e+08
