0.000000000000000000e+00
1.335131717177814571e+06
2.649790416509128176e+06
3.978321539972695522e+06
5.313245176126744598e+06
6.644391048651262186e+06
7.968029359233778901e+06
9.282467307196162641e+06
1.058682366608149745e+07
1.188059551702629961e+07
1.316347849497554824e+07
1.443528288399006240e+07
1.569589062417506427e+07
1.694523149656666815e+07
1.818326900808679312e+07
1.940999150881920382e+07
2.062540629568708688e+07
2.182953550987294689e+07
2.302241316337129846e+07
2.420408290784192458e+07
2.537459631135944277e+07
2.653401149553995579e+07
2.768239203680937365e+07
2.881980606686021015e+07
2.994632552702918649e+07
3.106202554409736767e+07
3.216698390354102105e+07
3.326128060211802647e+07
3.434499746580633521e+07
3.541821782209992409e+07
3.648102621788206697e+07
3.753350817576944828e+07
3.857574998311239481e+07
3.960783850884783268e+07
4.062986104420606792e+07
4.164190516392102838e+07
4.264405860511952639e+07
4.363640916149908304e+07
4.461904459076113999e+07
4.559205253356426954e+07
4.655552044251281023e+07
4.750953551990523934e+07
4.845418466314400733e+07
4.938955441686020792e+07
5.031573093093251437e+07
5.123279992369066179e+07
5.214084664968607575e+07
5.303995587149265409e+07
5.393021183506958932e+07
5.481169824827662110e+07
5.568449826218469441e+07
5.654869445486736298e+07
5.740436881739771366e+07
5.825160274180869758e+07
5.909047701080302894e+07
5.992107178902421892e+07
6.074346661572262645e+07
6.155774039866871387e+07
6.236397140918296576e+07
6.316223727816648781e+07
6.395261499302920699e+07
6.473518089542350173e+07
6.551001067970160395e+07
6.627717939202365279e+07
6.703676143005051464e+07
6.778883054316340387e+07
6.853345983315736055e+07
6.927072175536143780e+07
7.000068812014333904e+07
7.072343009476023912e+07
7.143901820552150905e+07
7.214752234023201466e+07
7.284901175088825822e+07
7.354355505660203099e+07
7.423122024672816694e+07
7.491207468417629600e+07
7.558618510888701677e+07
7.625361764145588875e+07
7.691443778688937426e+07
7.756871043847876787e+07
7.821649988177888095e+07
7.885786979868006706e+07
7.949288327156279981e+07
8.012160278752477467e+07
8.074409024267178774e+07
8.136040694646432996e+07
8.197061362611213326e+07
8.257477043100993335e+07
8.317293693720844388e+07
8.376517215191431344e+07
8.435153451801431179e+07
8.493208191861835122e+07
8.550687168161772192e+07
8.607596058425362408e+07
8.663940485769259930e+07
8.719726019160598516e+07
8.774958173874910176e+07
8.829642411953854561e+07
8.883784142662391067e+07
8.937388722945201397e+07
8.990461457882158458e+07
9.043007601142579317e+07
9.095032355438108742e+07
9.146540872974069417e+07
9.197538255899097025e+07
9.248029556752929091e+07
9.298019778912208974e+07
9.347513877034191787e+07
9.396516757498228550e+07
9.445033278844934702e+07
9.493068252212961018e+07
9.540626441773259640e+07
9.587712565160773695e+07
9.634331293903523684e+07
9.680487253848935664e+07
9.726185025587476790e+07
9.771429144873414934e+07
9.816224103042778373e+07
9.860574347428382933e+07
9.904484281771950424e+07
9.947958266633243859e+07
9.991000619796207547e+07
