0.000000000000000000e+00
6.292438317130372860e+06
1.275992007339157723e+07
1.940116620619822666e+07
2.622214761702803895e+07
3.322906175611266121e+07
4.042830443243584037e+07
4.782646918333976716e+07
5.543035111644333601e+07
6.324695215693853050e+07
7.128348693954126537e+07
7.954738909043678641e+07
8.804631779804010689e+07
9.678816462825150788e+07
1.057810605640638620e+08
1.150333832607914656e+08
1.245537645140259713e+08
1.343510979406315088e+08
1.444345468749501705e+08
1.548135524835395217e+08
1.654978421025104225e+08
1.764974378020216823e+08
1.878226651828668416e+08
1.994841624103374183e+08
2.114928894907705486e+08
2.238601377963493466e+08
2.365975398438715041e+08
2.497170793333286345e+08
2.632311014522436559e+08
2.771523234518327117e+08
2.914938455011410117e+08
3.062691618254015446e+08
3.214921721349614859e+08
3.371771933511894345e+08
3.533389716358944178e+08
3.699926947308327556e+08
3.871540046139940023e+08
4.048390104794110656e+08
4.230643020473509431e+08
4.418469632117823362e+08
4.612045860321322680e+08
4.811552850763821602e+08
5.017177121226677299e+08
5.229110712265843153e+08
5.447551341614934206e+08
5.672702562391830683e+08
5.904773925183330774e+08
6.143981144082151651e+08
6.390546266752799749e+08
6.644697848601617813e+08
6.906671131128377914e+08
7.176708224536585808e+08
7.455058294680401087e+08
7.741977754426901340e+08
8.037730459512410164e+08
8.342587908972533941e+08
8.656829450225988626e+08
8.980742488892279863e+08
9.314622703424457312e+08
9.658774264637886286e+08
1.001351006021675348e+09
1.037915192428021789e+09
1.075603087209046841e+09
1.114448733998525143e+09
1.154487143061747313e+09
1.195754316358550549e+09
1.238287273153663874e+09
1.282124076182814598e+09
1.327303858382855654e+09
1.373866850194418430e+09
1.421854407445362568e+09
1.471309039823528767e+09
1.522274439947166681e+09
1.574795513041481256e+09
1.628918407229733706e+09
1.684690544447313786e+09
1.742160651987316608e+09
1.801378794685940504e+09
1.862396407756334066e+09
1.925266330279202938e+09
1.990042839358752012e+09
2.056781684952408552e+09
2.125540125382809639e+09
2.196376963540526390e+09
2.269352583786115170e+09
2.344528989559895515e+09
2.421969841708094597e+09
2.501740497533852100e+09
2.583908050581693649e+09
2.668541371164049149e+09
2.755711147638515949e+09
2.845489928444477081e+09
2.937952164907783508e+09
3.033174254822383881e+09
3.131234586817605495e+09
3.232213585520015240e+09
3.336193757518918991e+09
3.443259738144412041e+09
3.553498339067212582e+09
3.666998596729561329e+09
3.783851821616454601e+09
3.904151648376858234e+09
4.027994086804319859e+09
4.155477573687094688e+09
4.286703025537448406e+09
4.421773892210457802e+09
4.560796211422704697e+09
4.703878664181261063e+09
4.851132631134017944e+09
5.002672249852262497e+09
5.158614473056893349e+09
5.319079127800013542e+09
5.484188975613802910e+09
5.654069773638850212e+09
5.828850336745005608e+09
6.008662600657314301e+09
6.193641686100904465e+09
6.383925963978512764e+09
6.579657121595163345e+09
6.780980229944703102e+09
6.988043812073756218e+09
7.200999912538739204e+09
