0.000000000000000000e+00
3.239395946306732655e+09
6.245541659801019669e+09
8.974353461332668304e+09
1.142768194859473419e+10
1.365023173513151360e+10
1.568781858346304512e+10
1.757645701222992706e+10
1.934372405597239304e+10
2.101063054856424713e+10
2.259323842087118149e+10
2.410391648629657364e+10
2.555228010716701126e+10
2.694588495638994980e+10
2.829073744523525238e+10
2.959167073405963135e+10
3.085262274449235535e+10
3.207684274071036148e+10
3.326704570915145493e+10
3.442552843109928894e+10
3.555425730391373444e+10
3.665493521369546509e+10
3.772905278679407501e+10
3.877792792634568787e+10
3.980273651346485901e+10
4.080453640772097778e+10
4.178428633809952545e+10
4.274286087710982513e+10
4.368106239680663300e+10
4.459963068758195496e+10
4.549925075810798645e+10
4.638055921303022766e+10
4.724414951323468781e+10
4.809057635400696564e+10
4.892035934349561310e+10
4.973398612342990875e+10
5.053191504296751404e+10
5.131457747256590271e+10
5.208237982620636749e+10
5.283570534585906219e+10
5.357491569081964874e+10
5.430035236573175049e+10
5.501233801419902802e+10
5.571117759944252014e+10
5.639715948917308807e+10
5.707055645845479584e+10
5.773162662165005493e+10
5.838061430240960693e+10
5.901775084898006439e+10
5.964325540075860596e+10
6.025733561095344543e+10
6.086018832936290741e+10
6.145200024860169220e+10
6.203294851656832886e+10
6.260320131751164246e+10
6.316291842371465302e+10
6.371225171953469849e+10
6.425134569932242584e+10
6.478033794056393433e+10
6.529935955344767761e+10
6.580853560794801331e+10
6.630798553941776276e+10
6.679782353361529541e+10
6.727815889202293396e+10
6.774909637826454926e+10
6.821073654639151001e+10
6.866317605176210785e+10
6.910650794521620178e+10
6.954082195121325684e+10
6.996620473058277893e+10
7.038274012850953674e+10
7.079050940835984802e+10
7.118959147193182373e+10
7.158006306670033264e+10
7.196199898060440063e+10
7.233547222491207886e+10
7.270055420568106079e+10
7.305731488431596375e+10
7.340582292770993042e+10
7.374614584844221497e+10
7.407835013548828125e+10
7.440250137588359070e+10
7.471866436777037048e+10
7.502690322523901367e+10
7.532728147536294556e+10
7.561986214781477356e+10
7.590470785743112183e+10
7.618188088008972168e+10
7.645144322223684692e+10
7.671345668440594482e+10
7.696798291903683472e+10
7.721508348291371155e+10
7.745481988450663757e+10
7.768725362650718689e+10
7.791244624382810974e+10
7.813045933732562256e+10
7.834135460349745178e+10
7.854519386039459229e+10
7.874203906997451782e+10
7.893195235711985779e+10
7.911499602552442932e+10
7.929123257065650940e+10
7.946072468998075867e+10
7.962353529063056946e+10
7.977972749469825745e+10
7.992936464231318665e+10
8.007251029266380310e+10
8.020922822311563110e+10
8.033958242656867981e+10
8.046363710718954468e+10
8.058145667464933777e+10
8.069310573698901367e+10
8.079864909223097229e+10
8.089815171884524536e+10
8.099167876517860413e+10
8.107929553794293213e+10
8.116106748985888672e+10
8.123706020654521179e+10
8.130733939273405457e+10
8.137197085789599609e+10
8.143102050134686279e+10
8.148455429690940857e+10
