0.000000000000000000e+00
4.092519958504726528e+05
1.393014808381951647e+06
2.919945926466917619e+06
4.944286790311172605e+06
7.421628885035282932e+06
1.031100312609281018e+07
1.357519021868829802e+07
1.718055891696987301e+07
2.109676600356331468e+07
2.529642727003829554e+07
2.975479956139824539e+07
3.444948850816025585e+07
3.936018619638051838e+07
4.446843859631147236e+07
4.975744071191719919e+07
5.521185673243048787e+07
6.081766233834464848e+07
6.656200644065856934e+07
7.243308986748214066e+07
7.842005878305025399e+07
8.451291089452360570e+07
9.070241275456196070e+07
9.698002669547232985e+07
1.033378461319219172e+08
1.097685381445777267e+08
1.162652924086420387e+08
1.228217756616326869e+08
1.294320910165200979e+08
1.360907415219628811e+08
1.427925974531415403e+08
1.495328668865786195e+08
1.563070691721023917e+08
1.631110109662641287e+08
1.699407645353502035e+08
1.767926480737340450e+08
1.836632078156241179e+08
1.905492017460746169e+08
1.974475847410998046e+08
2.043554949874416590e+08
2.112702415504581928e+08
2.181892929741346836e+08
2.251102668107135892e+08
2.320309199891806245e+08
2.389491399420858920e+08
2.458629364191228151e+08
2.527704339237200320e+08
2.596698647157682180e+08
2.665595623296376467e+08
2.734379555619568825e+08
2.803035628883059025e+08
2.871549872721181512e+08
2.939909113327512145e+08
3.008100928429340124e+08
3.076113605286866426e+08
3.143936101473765373e+08
3.211558008218651414e+08
3.278969516107430458e+08
3.346161382964801192e+08
3.413124903749544621e+08
3.479851882312932014e+08
3.546334604882771969e+08
3.612565815147516727e+08
3.678538690825524330e+08
3.744246821614250541e+08
3.809684188422870636e+08
3.874845143799722195e+08
3.939724393473140001e+08
4.004316978930715919e+08
4.068618260967962742e+08
4.132623904142689109e+08
4.196329862076303363e+08
4.259732363547728062e+08
4.322827899329663515e+08
4.385613209720668793e+08
4.448085272729930878e+08
4.510241292874715924e+08
4.572078690553355217e+08
4.633595091959239244e+08
4.694788319503709078e+08
4.755656382717967033e+08
4.816197469606146216e+08
4.876409938423581123e+08
4.936292309856060147e+08
4.995843259577426314e+08
5.055061611164400578e+08
5.113946329348847866e+08
5.172496513588994145e+08
5.230711391942270398e+08
5.288590315223546028e+08
5.346132751433539391e+08
5.403338280443116426e+08
5.460206588920069933e+08
5.516737465485788584e+08
5.572930796089971066e+08
5.628786559592244625e+08
5.684304823540219069e+08
5.739485740134102106e+08
5.794329542368566990e+08
5.848836540343135595e+08
5.903007117732787132e+08
5.956841728411003351e+08
6.010340893217886686e+08
6.063505196866399050e+08
6.116335284980138540e+08
6.168831861256453991e+08
6.220995684749011993e+08
6.272827567264254093e+08
6.324328370866476297e+08
6.375499005486553907e+08
6.426340426629569530e+08
6.476853633176873922e+08
6.527039665278332233e+08
6.576899602330718040e+08
6.626434561038427353e+08
6.675645693552889824e+08
6.724534185687216520e+08
6.773101255202807188e+08
6.821348150164802074e+08
6.869276147363413572e+08
6.916886550798316002e+08
6.964180690223410130e+08
