0.000000000000000000e+00
1.694257538134711981e+08
5.904438337226508856e+08
1.282605483304166555e+09
2.218499455513886452e+09
3.347591020765948772e+09
4.629102670654025078e+09
6.031601392543089867e+09
7.531141860260234833e+09
9.109476814345621109e+09
1.075262199414907074e+10
1.244976968546527290e+10
1.419248337468734741e+10
1.597410489473786736e+10
1.778931819273747635e+10
1.963382744399884033e+10
2.150411846341349030e+10
2.339728088829017639e+10
2.531087485454693604e+10
2.724283039893947983e+10
2.919137105781631088e+10
3.115495545495977402e+10
3.313223233952953720e+10
3.512200573808242035e+10
3.712320775574469757e+10
3.913487719546365356e+10
4.115614262783344269e+10
4.318620888478414154e+10
4.522434620226340485e+10
4.726988142410393524e+10
4.932219081892175293e+10
5.138069416666445923e+10
5.344484985041468811e+10
5.551415074888219452e+10
5.758812077054280090e+10
5.966631190518038940e+10
6.174830169530409241e+10
6.383369105051329803e+10
6.592210234383501434e+10
6.801317774146410370e+10
7.010657772702404785e+10
7.220197978906300354e+10
7.429907724648161316e+10
7.639757819131961060e+10
7.849720453208401489e+10
8.059769112379692078e+10
8.269878497333967590e+10
8.480024451059904480e+10
8.690183891747994995e+10
8.900334750811361694e+10
9.110455915462075806e+10
9.320527175363371277e+10
9.530529172947557068e+10
9.740443357046836853e+10
9.950251939531889343e+10
1.015993785469284363e+11
1.036948472113061981e+11
1.057887680595468140e+11
1.078809899110704498e+11
1.099713674165258789e+11
1.120597607589300385e+11
1.141460353717655792e+11
1.162300616728863373e+11
1.183117148131907501e+11
1.203908744391206818e+11
1.224674244681264496e+11
1.245412528763135071e+11
1.266122514975509338e+11
1.286803158333798218e+11
1.307453448731106567e+11
1.328072409235444336e+11
1.348659094477930756e+11
1.369212589127112122e+11
1.389732006444844971e+11
1.410216486919492493e+11
1.430665196972451477e+11
1.451077327734274597e+11
1.471452093886873169e+11
1.491788732568491821e+11
1.512086502338333435e+11
1.532344682197882690e+11
1.552562570666139526e+11
1.572739484906114197e+11
1.592874759900079651e+11
1.612967747671190796e+11
1.633017816549212341e+11
1.653024350478195496e+11
1.672986748364045410e+11
1.692904423460030518e+11
1.712776802788354187e+11
1.732603326596015930e+11
1.752383447843249817e+11
1.772116631722915955e+11
1.791802355209288330e+11
1.811440106634748840e+11
1.831029385292962952e+11
1.850569701067171021e+11
1.870060574082293091e+11
1.889501534379595642e+11
1.908892121612720642e+11
1.928231884763935242e+11
1.947520381879498901e+11
1.966757179823100281e+11
1.985941854046354370e+11
2.005073988375397949e+11
2.024153174812658691e+11
2.043179013352912598e+11
2.062151111812790222e+11
2.081069085672915649e+11
2.099932557931907959e+11
2.118741158971506348e+11
2.137494526432109375e+11
2.156192305098052673e+11
2.174834146791984863e+11
2.193419710277718506e+11
2.211948661170973816e+11
2.230420671857453613e+11
2.248835421417715454e+11
2.267192595558331604e+11
2.285491886548857117e+11
2.303732993164137268e+11
2.321915620631528931e+11
