0.000000000000000000e+00
3.408821700120203972e+09
6.835985493523670197e+09
1.025695894463683510e+10
1.364618140410861969e+10
1.699782275589746284e+10
2.031692125411706924e+10
2.360805840477301788e+10
2.687486591623262787e+10
3.012010736290986633e+10
3.334586041502025223e+10
3.655368617176184845e+10
3.974476348185435486e+10
4.291998985112781525e+10
4.608005563797273254e+10
4.922549817805847168e+10
5.235674120790584564e+10
5.547412362900053406e+10
5.857792056369839478e+10
6.166835883003877258e+10
6.474562836173004150e+10
6.780989066865524292e+10
7.086128512632360840e+10
7.389993366442810059e+10
7.692594426920956421e+10
7.993941360318463135e+10
8.294042896593296814e+10
8.592906976189396667e+10
8.890540859907003784e+10
9.186951211168588257e+10
9.482144157702973938e+10
9.776125337969468689e+10
1.006889993636493835e+11
1.036047271028891602e+11
1.065084801140384216e+11
1.094002980286102905e+11
1.122802167382716064e+11
1.151482685230791931e+11
1.180044821700413818e+11
1.208488830873231659e+11
1.236814934178436890e+11
1.265023321547947540e+11
1.293114152606806335e+11
1.321087557907621307e+11
1.348943640212571106e+11
1.376682475822517090e+11
1.404304115949897461e+11
1.431808588130086670e+11
1.459195897664600220e+11
1.486466029088722229e+11
1.513618947655742188e+11
1.540654600829966125e+11
1.567572919780772705e+11
1.594373820870366821e+11
1.621057207128305359e+11
1.647622969706430969e+11
1.674070989308408813e+11
1.700401137588692322e+11
1.726613278516343994e+11
1.752707269699735718e+11
1.778682963668780518e+11
1.804540209111833496e+11
1.830278852065016479e+11
1.855898737052136841e+11
1.881399708173852234e+11
1.906781610145179443e+11
1.932044289280756226e+11
1.957187594427671509e+11
1.982211377845930786e+11
2.007115496036934204e+11
2.031899810520539551e+11
2.056564188561529236e+11
2.081108503846430359e+11
2.105532637111848145e+11
2.129836476725536499e+11
2.154019919221572266e+11
2.178082869791085205e+11
2.202025242730032959e+11
2.225846961845591125e+11
2.249547960822755737e+11
2.273128183552765503e+11
2.296587584424975586e+11
2.319926128583817749e+11
2.343143792152469788e+11
2.366240562424820251e+11
2.389216438027360229e+11
2.412071429052506714e+11
2.434805557164942627e+11
2.457418855682398987e+11
2.479911369632413635e+11
2.502283155786384277e+11
2.524534282672387085e+11
2.546664830567982178e+11
2.568674891474360352e+11
2.590564569073029785e+11
2.612333978666219177e+11
2.633983247102145386e+11
2.655512512686239014e+11
2.676921925079340820e+11
2.698211645183919067e+11
2.719381845019179688e+11
2.740432707586063843e+11
2.761364426722907715e+11
2.782177206952659912e+11
2.802871263322380371e+11
2.823446821235790405e+11
2.843904116279550781e+11
2.864243394043946533e+11
2.884464909938602295e+11
2.904568929003803711e+11
2.924555725717999878e+11
2.944425583801999512e+11
2.964178796020362549e+11
2.983815663980437012e+11
3.003336497929504395e+11
3.022741616550402832e+11
3.042031346756042480e+11
3.061206023483167725e+11
3.080265989485671997e+11
3.099211595127817383e+11
3.118043198177606201e+11
3.136761163600623169e+11
