0.000000000000000000e+00
1.103871724928929710e+10
2.182830120624520493e+10
3.224921177647085571e+10
4.227040340833728027e+10
5.186744685001542664e+10
6.102964878371452332e+10
6.980657845959890747e+10
7.823745494063992310e+10
8.635218807133306885e+10
9.417372484537419128e+10
1.017201217444116211e+11
1.090060614690547180e+11
1.160438939978160095e+11
1.228443340772936401e+11
1.294169252740681152e+11
1.357703492352145996e+11
1.419126331696683350e+11
1.478512904488036804e+11
1.535934171053047485e+11
1.591457590838691711e+11
1.645147599576686707e+11
1.697065954952010498e+11
1.747271992995610657e+11
1.795822823305788574e+11
1.842773481934408264e+11
1.888177054649755249e+11
1.932084779214687500e+11
1.974546132592283325e+11
2.015608907154697876e+11
2.055319278726346130e+11
2.093721868443825378e+11
2.130859799832787476e+11
2.166774752099925537e+11
2.201507010358742065e+11
2.235095513312083740e+11
2.267577898776153564e+11
2.298990547332242126e+11
2.329368624321594238e+11
2.358746120347225037e+11
2.387155890408703918e+11
2.414629691767760925e+11
2.441198220621506653e+11
2.466891147644145203e+11
2.491737152445949097e+11
2.515763956989132080e+11
2.538998357993193054e+11
2.561466258357154846e+11
2.583192697622165833e+11
2.604201881495102844e+11
2.624517210451875610e+11
2.644161307437806091e+11
2.663156044681668091e+11
2.681522569639649658e+11
2.699281330085414124e+11
2.716452098362668762e+11
2.733053994816959229e+11
2.749105510423895874e+11
2.764624528631541138e+11
2.779628346435211792e+11
2.794133694703508911e+11
2.808156757774867554e+11
2.821713192344392700e+11
2.834818145661093140e+11
2.847486273055988770e+11
2.859731754821726074e+11
2.871568312464536133e+11
2.883009224349379272e+11
2.894067340759144897e+11
2.904755098388602905e+11
2.915084534293689575e+11
2.925067299316408081e+11
2.934714671005341187e+11
2.944037566051383667e+11
2.953046552257890015e+11
2.961751860063969727e+11
2.970163393639153442e+11
2.978290741567116699e+11
2.986143187135622559e+11
2.993729718249223633e+11
3.001059036980720825e+11
3.008139568776734009e+11
3.014979471332201538e+11
3.021586643147965698e+11
3.027968731785028687e+11
3.034133141828504639e+11
3.040087042573663330e+11
3.045837375445933228e+11
3.051390861166155396e+11
3.056754006671875000e+11
3.061933111804897461e+11
3.066934275774856567e+11
3.071763403408074951e+11
3.076426211190482788e+11
3.080928233112999268e+11
3.085274826327257080e+11
3.089471176619230347e+11
3.093522303707901611e+11
3.097433066375742188e+11
3.101208167437437744e+11
3.104852158552966919e+11
3.108369444890821533e+11
3.111764289646875610e+11
3.115040818424114990e+11
3.118203023478206787e+11
3.121254767833621216e+11
3.124199789274786987e+11
3.127041704216571655e+11
3.129784011458135986e+11
3.132430095824057617e+11
3.134983231696408691e+11
3.137446586441333008e+11
3.139823223733485718e+11
3.142116106781569824e+11
3.144328101458055420e+11
3.146461979336033936e+11
3.148520420636054688e+11
3.150506017085659180e+11
3.152421274694225464e+11
3.154268616445646362e+11
3.156050384911250000e+11
3.157768844785304565e+11
