0.000000000000000000e+00
1.403503285414609686e+07
2.741716830518497899e+07
4.010815898328439146e+07
5.214332771381344646e+07
6.356741859188657254e+07
7.442386476762327552e+07
8.475281783821652830e+07
9.459087500758215785e+07
1.039712424256995618e+08
1.129240221343118846e+08
1.214765226803669333e+08
1.296535575502111018e+08
1.374777186984651685e+08
1.449696217193188965e+08
1.521481231026382446e+08
1.590305116157521605e+08
1.656326764117478430e+08
1.719692545441765487e+08
1.780537604286779463e+08
1.838986995620768368e+08
1.895156685524805784e+08
1.949154432607421875e+08
2.001080566187411249e+08
2.051028674789084792e+08
2.099086216635249555e+08
2.145335062204919755e+08
2.189851977524639964e+08
2.232709055660437346e+08
2.273974102846935391e+08
2.313710984808173776e+08
2.351979938070237041e+08
2.388837850420539081e+08
2.424338514116239548e+08
2.458532854971289039e+08
2.491469140045849681e+08
2.523193166313462555e+08
2.553748432381707728e+08
2.583176295083949268e+08
2.611516112536984384e+08
2.638805375066849887e+08
2.665079825238122940e+08
2.690373568077396750e+08
2.714719172455605865e+08
2.738147764484366775e+08
2.760689113685547113e+08
2.782371712609899640e+08
2.803222850506898165e+08
2.823268681583842039e+08
2.842534288335392475e+08
2.861043740375046730e+08
2.878820149155824780e+08
2.895885718928590417e+08
2.912261794251884818e+08
2.927968904336454272e+08
2.943026804480526447e+08
2.957454514827584624e+08
2.971270356656671166e+08
2.984491986396080852e+08
2.997136427533854842e+08
3.009220100582954288e+08
3.020758851245330572e+08
3.031767976906141639e+08
3.042262251578520536e+08
3.052255949408838749e+08
3.061762866843384504e+08
3.070796343548964858e+08
3.079369282172500491e+08
3.087494167017781138e+08
3.095183081711462736e+08
3.102447725924655795e+08
3.109299431211308837e+08
3.115749176020123363e+08
3.121807599932158589e+08
3.127485017172706127e+08
3.132791429442189932e+08
3.137736538107795715e+08
3.142329755794394016e+08
3.146580217410652041e+08
3.150496790643754005e+08
3.154088085953668952e+08
3.157362466095994711e+08
3.160328055200273395e+08
3.162992747428909540e+08
3.165364215240271688e+08
3.167449917277749181e+08
3.169257105905413628e+08
3.170792834409354329e+08
3.172063963882825375e+08
3.173077169811773896e+08
3.173838948376789093e+08
3.174355622486115098e+08
3.174633347553712130e+08
3.174678117035306096e+08
3.174495767734932899e+08
3.174091984893139601e+08
3.173472307068154812e+08
3.172642130819870234e+08
3.171606715206497312e+08
3.170371186102877259e+08
3.168940540349082351e+08
3.167319649737265706e+08
3.165513264844621420e+08
3.163526018719326258e+08
3.161362430426691175e+08
3.159026908461570740e+08
3.156523754033325911e+08
3.153857164229237437e+08
3.151031235061431527e+08
3.148049964402942657e+08
3.144917254817567468e+08
3.141636916288077235e+08
3.138212668847570419e+08
3.134648145117703676e+08
3.130946892758064866e+08
3.127112376830456853e+08
3.123147982081452608e+08
3.119057015146967769e+08
3.114842706681743860e+08
3.110508213417129517e+08
3.106056620149888396e+08
3.101490941664935946e+08
