0.000000000000000000e+00
0.000000000000000000e+00
1.858992382871563314e+04
6.631986337607009045e+04
1.453137163000853034e+05
2.550544283543326019e+05
3.942547855817801901e+05
5.613691044987774221e+05
7.547881965330217499e+05
9.729250645833476447e+05
1.214254795345144114e+06
1.477332723858818877e+06
1.760801452919508563e+06
2.063391894385659136e+06
2.383921054795990698e+06
2.721288079986343160e+06
3.074469433295610361e+06
3.442513723565133754e+06
3.824536489813271910e+06
4.219715123267374933e+06
4.627284029623148963e+06
5.046530085753745399e+06
5.476788414515658282e+06
5.917438482164420187e+06
6.367900511116328649e+06
6.827632193795282394e+06
7.296125689426294528e+06
7.772904883793390356e+06
8.257522891450252384e+06
8.749559780177334324e+06
9.248620498297156766e+06
9.754332986574459821e+06
1.026634645769547671e+07
1.078432982764533907e+07
1.130797028462266177e+07
1.183697198240622506e+07
1.237105484629710019e+07
1.290995348088749312e+07
1.345341616994922608e+07
1.400120395968923904e+07
1.455308981748885661e+07
1.510885785903161019e+07
1.566830263743648306e+07
1.623122848865495995e+07
1.679744892796705291e+07
1.736678609292937815e+07
1.793907022859283537e+07
1.851413921122341976e+07
1.909183810713271424e+07
1.967201876355818659e+07
2.025453942883232608e+07
2.083926439934738353e+07
2.142606369106210768e+07
2.201481273351174593e+07
2.260539208447521552e+07
2.319768716362594068e+07
2.379158800364819914e+07
2.438698901743978634e+07
2.498378878014731780e+07
2.558188982489288226e+07
2.618119845115235820e+07
2.678162454483701289e+07
2.738308140921248496e+07
2.798548560586370528e+07
2.858875680498154461e+07
2.919281764430784807e+07
2.979759359613065422e+07
3.040301284177128226e+07
3.100900615305031836e+07
3.161550678026068956e+07
3.222245034621343017e+07
3.282977474595573172e+07
3.343742005179196596e+07
3.404532842326670140e+07
3.465344402179420739e+07
3.526171292964307219e+07
3.587008307300566137e+07
3.647850414890208840e+07
3.708692755568645895e+07
3.769530632693966478e+07
3.830359506854838133e+07
3.891174989878375083e+07
3.951972839120619744e+07
4.012748952023471147e+07
4.073499360922983289e+07
4.134220228094950318e+07
4.194907841024654359e+07
4.255558607888482511e+07
4.316169053235930204e+07
4.376735813861237466e+07
4.437255634854584932e+07
4.497725365823416412e+07
4.558141957275027037e+07
4.618502457152102888e+07
4.678804007513421029e+07
4.739043841352353245e+07
4.799219279546295851e+07
4.859327727930516005e+07
4.919366674490309507e+07
4.979333686665716022e+07
5.039226408763349056e+07
5.099042559470238537e+07
5.158779929464831948e+07
5.218436379120613635e+07
5.278009836298006773e+07
5.337498294220506400e+07
5.396899809431174397e+07
5.456212499825847149e+07
5.515434542759622633e+07
5.574564173223328590e+07
5.633599682086898386e+07
5.692539414406700432e+07
5.751381767794042081e+07
5.810125190842204541e+07
5.868768181609491259e+07
5.927309286155910790e+07
5.985747097131233662e+07
6.044080252412258834e+07
6.102307433787252009e+07
6.160427365685605258e+07
6.218438813950858265e+07
6.276340584655325860e+07
