0.000000000000000000e+00
1.335131717177814571e+06
2.621253513329506852e+06
3.876799132642057259e+06
5.090244855205351487e+06
6.252513095770134591e+06
7.362433612247002311e+06
8.421346681990029290e+06
9.431492890403930098e+06
1.039541170240205154e+07
1.131568588425435498e+07
1.219482581085213087e+07
1.303521711965350062e+07
1.383909931561165117e+07
1.460856021127376333e+07
1.534553861249816790e+07
1.605183122792146914e+07
1.672910158996241353e+07
1.737888974387744069e+07
1.800262200223387405e+07
1.860162037381194904e+07
1.917711145948033035e+07
1.973023471698820964e+07
2.026205006192714348e+07
2.077354481065110117e+07
2.126563999298889935e+07
2.173919607439107820e+07
2.219501813260468468e+07
2.263386053550506383e+07
2.305643116588737443e+07
2.346339523682527617e+07
2.385537873827410117e+07
2.423297155233691633e+07
2.459673027127520740e+07
2.494718074908770993e+07
2.528482041439176351e+07
2.561012036946802586e+07
2.592352729769533128e+07
2.622546519920945913e+07
2.651633697246192768e+07
2.679652585742154345e+07
2.706639675443267822e+07
2.732629743120498210e+07
2.757655962904340029e+07
2.781750007821141183e+07
2.804942143124686182e+07
2.827261312209524959e+07
2.848735215808208659e+07
2.869390385099829733e+07
2.889252249290983006e+07
2.908345198171737418e+07
2.926692640097022057e+07
2.944317055797758326e+07
2.961240048385133594e+07
2.977482389874895662e+07
2.993064064526221156e+07
3.008004309260896966e+07
3.022321651402775198e+07
3.036033943954586610e+07
3.049158398608711362e+07
3.061711616670163721e+07
3.073709618053642288e+07
3.085167868501827866e+07
3.096101305158884451e+07
3.106524360621254146e+07
3.116450985577210039e+07
3.125894670136977732e+07
3.134868463946585357e+07
3.143384995170757920e+07
3.151456488423151150e+07
3.159094781715736911e+07
3.166311342493367195e+07
3.173117282814344764e+07
3.179523373732940853e+07
3.185540058935484663e+07
3.191177467677754536e+07
3.196445427067640051e+07
3.201353473733900487e+07
3.205910864918727800e+07
3.210126589029103518e+07
3.214009375679410994e+07
3.217567705255458131e+07
3.220809818027929962e+07
3.223743722841329873e+07
3.226377205402711034e+07
3.228717836192825437e+07
3.230772978020777926e+07
3.232549793241910636e+07
3.234055250657334924e+07
3.235296132112307474e+07
3.236279038809572160e+07
3.237010397352741659e+07
3.237496465533898026e+07
3.237743337878612801e+07
3.237756950960851088e+07
3.237543088499486819e+07
3.237107386247341707e+07
3.236455336683126912e+07
3.235592293515979871e+07
3.234523476011733338e+07
3.233253973149596527e+07
3.231788747617287189e+07
3.230132639652328566e+07
3.228290370736761764e+07
3.226266547152054310e+07
3.224065663400690258e+07
3.221692105500536039e+07
3.219150154157756642e+07
3.216443987823724374e+07
3.213577685641113669e+07
3.210555230284072086e+07
3.207380510697089136e+07
3.204057324736989290e+07
3.200589381722231582e+07
3.196980304893416166e+07
3.193233633788863942e+07
3.189352826538718864e+07
3.185341262081089988e+07
3.181202242303362861e+07
3.176938994111824036e+07
3.172554671432461962e+07
3.168052357145758718e+07
