0.000000000000000000e+00
1.444428484999656864e+07
2.881018311356693134e+07
4.302810490975131094e+07
5.708761450412461907e+07
7.098904747692185640e+07
8.473486789371608198e+07
9.832800805690482259e+07
1.117714339245520234e+08
1.250680084292628765e+08
1.382204494043501914e+08
1.512313222417651713e+08
1.641030460583713651e+08
1.768379048948456943e+08
1.894380603156303763e+08
2.019055638145554364e+08
2.142423683481826484e+08
2.264503387500925064e+08
2.385312609848351181e+08
2.504868502961601019e+08
2.623187583451271057e+08
2.740285794470041990e+08
2.856178560153041482e+08
2.970880833142134547e+08
3.084407136108304262e+08
3.196771598081026673e+08
3.307987986291339993e+08
3.418069734140967131e+08
3.527029965825638175e+08
3.634881518066564202e+08
3.741636959339588881e+08
3.847308606936023235e+08
3.951908542141562700e+08
4.055448623778880835e+08
4.157940500324791074e+08
4.259395620783190131e+08
4.359825244469703436e+08
4.459240449842454195e+08
4.557652142494947314e+08
4.655071062411401272e+08
4.751507790571432114e+08
4.846972754979469776e+08
4.941476236184532642e+08
5.035028372347412109e+08
5.127639163905225992e+08
5.219318477876775265e+08
5.310076051847100258e+08
5.399921497664580345e+08
5.488864304880218506e+08
5.576913843954961300e+08
5.664079369258105755e+08
5.750370021877006292e+08
5.835794832256102562e+08
5.920362722681224346e+08
6.004082509623320103e+08
6.086962905954291821e+08
6.169012523046236038e+08
6.250239872764101028e+08
6.330653369360882044e+08
6.410261331283400059e+08
6.489071982895886898e+08
6.567093456128102541e+08
6.644333792053658962e+08
6.720800942404044867e+08
6.796502771023089886e+08
6.871447055266255140e+08
6.945641487348687649e+08
7.019093675645639896e+08
7.091811145948497057e+08
7.163801342679425478e+08
7.235071630067344904e+08
7.305629293287612200e+08
7.375481539567852020e+08
7.444635499261822701e+08
7.513098226893374920e+08
7.580876702172120810e+08
7.647977830982511044e+08
7.714408446347749233e+08
7.780175309369890690e+08
7.845285110147463083e+08
7.909744468671636581e+08
7.973559935702140331e+08
8.036737993623855114e+08
8.099285057284970284e+08
8.161207474817698002e+08
8.222511528442149162e+08
8.283203435254261494e+08
8.343289347998348475e+08
8.402775355825095177e+08
8.461667485035319328e+08
8.519971699810328484e+08
8.577693902929232121e+08
8.634839936473782063e+08
8.691415582521095276e+08
8.747426563824903965e+08
8.802878544485384226e+08
8.857777130608373880e+08
8.912127870953972340e+08
8.965936257575063705e+08
9.019207726446013451e+08
9.071947658081870079e+08
9.124161378148269653e+08
9.175854158062508106e+08
9.227031215585725307e+08
9.277697715406830311e+08
9.327858769718024731e+08
9.377519438782337904e+08
9.426684731493492126e+08
9.475359605927908421e+08
9.523548969889496565e+08
9.571257681447136402e+08
9.618490549464950562e+08
9.665252334125902653e+08
9.711547747448421717e+08
9.757381453796491623e+08
9.802758070383346081e+08
9.847682167768669128e+08
9.892158270349774361e+08
9.936190856846545935e+08
9.979784360780543089e+08
1.002294317094820499e+09
1.006567163188834667e+09
