0.000000000000000000e+00
2.019654592327767611e+08
4.112016135921568871e+08
6.272597330078235865e+08
8.504217381061965227e+08
1.080975202425268412e+09
1.319203883015541077e+09
1.565392012804631472e+09
1.819827489640333891e+09
2.082803818725361347e+09
2.354621272699961662e+09
2.635587564162485600e+09
2.926018215710019112e+09
3.226236756080526352e+09
3.536574835429398537e+09
3.857372325173662186e+09
4.188977445145853043e+09
4.531746942849045753e+09
4.886046336360317230e+09
5.252250223410448074e+09
5.630742653581354141e+09
6.021917557537540436e+09
6.426179225959617615e+09
6.843942830740338326e+09
7.275634981569395065e+09
7.721694311942330360e+09
8.182572089668918610e+09
8.658732847994205475e+09
9.150655034407939911e+09
9.658831675069501877e+09
1.018377105350209999e+10
1.072599740281761360e+10
1.128605161122776031e+10
1.186449194099616623e+10
1.246189476129966545e+10
1.307885529571391678e+10
1.371598838522777176e+10
1.437392926783545876e+10
1.505333437586482239e+10
1.575488215228226280e+10
1.647927388727521515e+10
1.722723457645886230e+10
1.799951380208811951e+10
1.879688663868167496e+10
1.962015458448650360e+10
2.047014652022902679e+10
2.134771969661566925e+10
2.225376075206211090e+10
2.318918676214697266e+10
2.415494632230498123e+10
2.515202066529385376e+10
2.618142481499288177e+10
2.724420877811544037e+10
2.834145877544637680e+10
2.947429851424497986e+10
3.064389050348992157e+10
3.185143741367620850e+10
3.309818348291799927e+10
3.438541597114990997e+10
3.571446666426892090e+10
3.708671343010513306e+10
3.850358182816333008e+10
3.996654677513218689e+10
4.147713426821523285e+10
4.303692316839926147e+10
4.464754704584136200e+10
4.631069608962052917e+10
4.802811908417230225e+10
4.980162545479903412e+10
5.163308738472167969e+10
5.352444200622351837e+10
5.547769366851734161e+10
5.749491628505191040e+10
5.957825576307015991e+10
6.172993251831732178e+10
6.395224407790003967e+10
6.624756777439611816e+10
6.861836353441820526e+10
7.106717676494567871e+10
7.359664134084759521e+10
7.620948269713998413e+10
7.890852102963740540e+10
8.169667460778625488e+10
8.457696320359490967e+10
8.755251164070913696e+10
9.062655346782254028e+10
9.380243476074911499e+10
9.708361805764022827e+10
1.004736864319753265e+11
1.039763477081188354e+11
1.075954388243955383e+11
1.113349303488102722e+11
1.151989311527111359e+11
1.191916932478745728e+11
1.233176167926848450e+11
1.275812552732653503e+11
1.319873208656299286e+11
1.365406899851184082e+11
1.412464090296058960e+11
1.461097003231893616e+11
1.511359682672889404e+11
1.563308057063328857e+11
1.617000005154481506e+11
1.672495424178238220e+11
1.729856300396796570e+11
1.789146782110467834e+11
1.850433255208370972e+11
1.913784421349788818e+11
1.979271378866869507e+11
2.046967706482472839e+11
2.116949549940158691e+11
2.189295711646623535e+11
2.264087743430280762e+11
2.341410042523214111e+11
2.421349950877430420e+11
2.503997857929983521e+11
2.589447306935618591e+11
2.677795104989425354e+11
2.769141436866265259e+11
2.863589982808059082e+11
2.961248040394311523e+11
3.062226650636085815e+11
