0.000000000000000000e+00
9.829336701253645588e+05
1.940517192900732625e+06
2.891467683248196263e+06
3.818577812430723570e+06
4.716392104365338571e+06
5.584002527564641088e+06
6.421941031924028881e+06
7.231270642593047582e+06
8.013248758034543134e+06
8.769183460406647995e+06
9.500367052519664168e+06
1.020804440548474155e+07
1.089339837403026596e+07
1.155754407160669193e+07
1.220152790192424878e+07
1.282632916930500604e+07
1.343286305916121230e+07
1.402198429606041498e+07
1.459449107484579273e+07
1.515112902706720680e+07
1.569259508439329453e+07
1.621954116119220853e+07
1.673257761580882035e+07
1.723227647322830930e+07
1.771917440612707660e+07
1.819377548000803217e+07
1.865655367321488634e+07
1.910795518540006876e+07
1.954840054930581897e+07
1.997828656105274707e+07
2.039798804386319220e+07
2.080785945952012017e+07
2.120823638102750480e+07
2.159943683900057524e+07
2.198176255334096029e+07
2.235550006078595296e+07
2.272092174799027294e+07
2.307828679891812056e+07
2.342784206450272724e+07
2.376982286177287251e+07
2.410445370895051956e+07
2.443194900239212438e+07
2.475251364066989720e+07
2.506634360057198256e+07
2.537362646932922304e+07
2.567454193695640564e+07
2.596926225221383944e+07
2.625795264535541087e+07
2.654077172052196041e+07
2.681787182036345825e+07
2.708939936522733793e+07
2.735549516902742535e+07
2.761629473370988667e+07
2.787192852405276150e+07
2.812252222437610850e+07
2.836819697859413549e+07
2.860906961491183564e+07
2.884525285635094345e+07
2.907685551818476617e+07
2.930398269326704741e+07
2.952673592615303770e+07
2.974521337683542445e+07
2.995950997484555095e+07
3.016971756440905482e+07
3.037592504128661752e+07
3.057821848187874630e+07
3.077668126512690261e+07
3.097139418769930676e+07
3.116243557291278988e+07
3.134988137380416319e+07
3.153380527073469758e+07
3.171427876388051361e+07
3.189137126093484089e+07
3.206515016032478958e+07
3.223568093022136390e+07
3.240302718360191584e+07
3.256725074960514903e+07
3.272841174140187353e+07
3.288656862078796327e+07
3.304177825969270617e+07
3.319409599878180027e+07
3.334357570332108065e+07
3.349026981645802408e+07
3.363422941006497294e+07
3.377550423327985406e+07
3.391414275887185335e+07
3.405019222754961997e+07
3.418369869032274187e+07
3.431470704902114719e+07
3.444326109506890178e+07
3.456940354660360515e+07
3.469317608402740210e+07
3.481461938406971842e+07
3.493377315243699402e+07
3.505067615512064099e+07
3.516536624843034893e+07
3.527788040781436116e+07
3.538825475552750379e+07
3.549652458720172197e+07
3.560272439737204462e+07
3.570688790400743484e+07
3.580904807209403068e+07
3.590923713631402701e+07
3.600748662286309898e+07
3.610382737044499069e+07
3.619828955048138648e+07
3.629090268657243997e+07
3.638169567324063927e+07
3.647069679399118572e+07
3.655793373871772736e+07
3.664343362048316747e+07
3.672722299170105904e+07
3.680932785974559933e+07
3.688977370201221853e+07
3.696858548045389354e+07
3.704578765561395884e+07
3.712140420017721504e+07
3.719545861205865443e+07
3.726797392704945803e+07
3.733897273103763908e+07
3.740847717182064801e+07
