0.000000000000000000e+00
3.409138537820319831e+07
6.731302814405445755e+07
9.942116977430966496e+07
1.303863858807492852e+08
1.602424945054562092e+08
1.890347205420375466e+08
2.168088700087116659e+08
2.436086848814447820e+08
2.694752317187009454e+08
2.944469071036489606e+08
3.185596351978435516e+08
3.418471113191597462e+08
3.643410389846284389e+08
3.860713427761247754e+08
4.070663530774407387e+08
4.273529640339590907e+08
4.469567679095286727e+08
4.659021693802864552e+08
4.842124830840203166e+08
5.019100173198660612e+08
5.190161463339595795e+08
5.355513732006909251e+08
5.515353849400776625e+08
5.669871012031166553e+08
5.819247176038780212e+08
5.963657445720226765e+08
6.103270424342522621e+08
6.238248533006489277e+08
6.368748302255659103e+08
6.494920640275294781e+08
6.616911080841617584e+08
6.734860013630895615e+08
6.848902899053797722e+08
6.959170469421278238e+08
7.065788917956430912e+08
7.168880076929304600e+08
7.268561585997416973e+08
7.364947051675195694e+08
7.458146198724336624e+08
7.548265014148187637e+08
7.635405884383099079e+08
7.719667726204090118e+08
7.801146111799199581e+08
7.879933388413374424e+08
7.956118792918140888e+08
8.029788561624591351e+08
8.101026035625013113e+08
8.169911761920105219e+08
8.236523590564930439e+08
8.300936768045628071e+08
8.363224027080905437e+08
8.423455673026310205e+08
8.481699667045588493e+08
8.538021706200783253e+08
8.592485300602300167e+08
8.645151847750022411e+08
8.696080704188243151e+08
8.745329254589276314e+08
8.792952978373464346e+08
8.839005513967318535e+08
8.883538720795333385e+08
8.926602739096064568e+08
8.968246047648177147e+08
9.008515519487627745e+08
9.047456475693244934e+08
9.085112737314059734e+08
9.121526675508354902e+08
9.156739259961056709e+08
9.190790105643134117e+08
9.223717517973816395e+08
9.255558536443774700e+08
9.286348976754896641e+08
9.316123471530025005e+08
9.344915509643752575e+08
9.372757474223258495e+08
9.399680679366283417e+08
9.425715405621367693e+08
9.450890934273821115e+08
9.475235580479060411e+08
9.498776725283489227e+08
9.521540846571478844e+08
9.543553548975605965e+08
9.564839592785824537e+08
9.585422921892082691e+08
9.605326690793453455e+08
9.624573290705759525e+08
9.643184374798425436e+08
9.661180882590286732e+08
9.678583063532862663e+08
9.695410499808740616e+08
9.711682128371635675e+08
9.727416262253761292e+08
9.742630611165282726e+08
9.757342301409726143e+08
9.771567895138349533e+08
9.785323408965780735e+08
9.798624331968291998e+08
9.811485643085523844e+08
9.823921827945597172e+08
9.835946895132982731e+08
9.847574391917673349e+08
9.858817419463818073e+08
9.869688647535091639e+08
9.880200328713631630e+08
9.890364312148818970e+08
9.900192056851458549e+08
9.909694644548655748e+08
9.918882792113885880e+08
9.927766863586456776e+08
9.936356881793984175e+08
9.944662539591121674e+08
9.952693210727229118e+08
9.960457960355347395e+08
9.967965555194381475e+08
9.975224473355944157e+08
9.982242913847048283e+08
9.989028805759365559e+08
9.995589817155410051e+08
1.000193336366170645e+09
1.000806661677868605e+09
1.001399651191659093e+09
