0.000000000000000000e+00
9.829336701253645588e+05
1.959107116729448317e+06
2.957787546624266542e+06
3.963891528730808757e+06
4.971446532719670795e+06
5.978257313146421686e+06
6.983310136422806419e+06
7.986058839126069099e+06
8.986173822617890313e+06
9.983438255751792341e+06
1.097769977637848258e+07
1.196884585840425082e+07
1.295679026841592416e+07
1.394146512640268356e+07
1.492281598191059195e+07
1.590079860260061547e+07
1.687537678272634745e+07
1.784652078587368876e+07
1.881420619811316580e+07
1.977841305669035763e+07
2.073912517014703900e+07
2.169632957570786774e+07
2.265001609797324240e+07
2.360017698434463888e+07
2.454680659992235899e+07
2.548990116943432763e+07
2.642945855700827762e+07
2.736547807685032114e+07
2.829796032948315144e+07
2.922690705934990197e+07
3.015232103043765202e+07
3.107420591721559688e+07
3.199256620867284387e+07
3.290740712362323701e+07
3.381873453574718535e+07
3.472655490708304942e+07
3.563087522887776792e+07
3.653170296886734664e+07
3.742904602419196814e+07
3.832291267926172912e+07
3.921331156798212975e+07
4.010025163982860744e+07
4.098374212932485342e+07
4.186379252853903174e+07
4.274041256225860119e+07
4.361361216554924101e+07
4.448340146343725920e+07
4.534979075248812139e+07
4.621279048408015072e+07
4.707241124919578433e+07
4.792866376457472146e+07
4.878155886008953303e+07
4.963110746722163260e+07
5.047732060852797329e+07
5.132020938800205290e+07
5.215978498224233091e+07
5.299605863235162199e+07
5.382904163649825752e+07
5.465874534307764471e+07
5.548518114441940188e+07
5.630836047099004686e+07
5.712829478604790568e+07
5.794499558070925623e+07
5.875847436939059943e+07
5.956874268559446931e+07
6.037581207800939679e+07
6.117969410689818859e+07
6.198040034074962139e+07
6.277794235317347944e+07
6.357233172001759708e+07
6.436358001669043303e+07
6.515169881567247957e+07
6.593669968420153856e+07
6.671859418211899698e+07
6.749739385986444354e+07
6.827311025660757720e+07
6.904575489850723743e+07
6.981533929708832502e+07
7.058187494772762060e+07
7.134537332824108005e+07
7.210584589756554365e+07
7.286330409452727437e+07
7.361775933669273555e+07
7.436922301929479837e+07
7.511770651422935724e+07
7.586322116911840439e+07
7.660577830643445253e+07
7.734538922268204391e+07
7.808206518763351440e+07
7.881581744361475110e+07
7.954665720483776927e+07
8.027459565677767992e+07
8.099964395559075475e+07
8.172181322757120430e+07
8.244111456864416599e+07
8.315755904389330745e+07
8.387115768711951375e+07
8.458192150043059886e+07
8.528986145385888219e+07
8.599498848500552773e+07
8.669731349870982766e+07
8.739684736674234271e+07
8.809360092752015591e+07
8.878758498584316671e+07
8.947881031265005469e+07
9.016728764479312301e+07
9.085302768483090401e+07
9.153604110083687305e+07
9.221633852622446418e+07
9.289393055958670378e+07
9.356882776455017924e+07
9.424104066964147985e+07
9.491057976816764474e+07
9.557745551810713112e+07
9.624167834201300144e+07
9.690325862692630291e+07
9.756220672429980338e+07
9.821853294993117452e+07
9.887224758390551805e+07
9.952336087054622173e+07
1.001718830183739066e+08
