0.000000000000000000e+00
1.065134345593231022e+08
2.126466771926571131e+08
3.182257958527448773e+08
4.232634650068776011e+08
5.277734780775625706e+08
6.317684430141402483e+08
7.352596910765640736e+08
8.382574025256086588e+08
9.407707535085259676e+08
1.042808050950751781e+09
1.144376849828868866e+09
1.245484053405497313e+09
1.346135998459349155e+09
1.446338527717592478e+09
1.546097051506777287e+09
1.645416600360648632e+09
1.744301870047938347e+09
1.842757260238964081e+09
1.940786907821912289e+09
2.038394715706553936e+09
2.135584377810194492e+09
2.232359400803128242e+09
2.328723123094552994e+09
2.424678731460592270e+09
2.520229275651093006e+09
2.615377681258132935e+09
2.710126761084809303e+09
2.804479225216250896e+09
2.898437689964129925e+09
2.992004685830566406e+09
3.085182664616027355e+09
3.177974005777935982e+09
3.270381022131657600e+09
3.362405964972946167e+09
3.454051028690021515e+09
3.545318354924514771e+09
3.636210036332619667e+09
3.726728119991185665e+09
3.816874610487840176e+09
3.906651472729339600e+09
3.996060634498122215e+09
4.085103988783402920e+09
4.173783395910141945e+09
4.262100685486232758e+09
4.350057658186235428e+09
4.437656087387588501e+09
4.524897720673712730e+09
4.611784281216639519e+09
4.698317469050491333e+09
4.784498962246030807e+09
4.870330417995244026e+09
4.955813473614027023e+09
5.040949747470444679e+09
5.125740839844882965e+09
5.210188333728118896e+09
5.294293795562610626e+09
5.378058775931686401e+09
5.461484810201162338e+09
5.544573419117128372e+09
5.627326109363525391e+09
5.709744374082797050e+09
5.791829693362445831e+09
5.873583534690248489e+09
5.955007353380428314e+09
6.036102592973289490e+09
6.116870685609882355e+09
6.197313052384027481e+09
6.277431103673028946e+09
6.357226239448820114e+09
6.436699849570907593e+09
6.515853314062349319e+09
6.594688003370122910e+09
6.673205278610797882e+09
6.751406491802696228e+09
6.829292986085293770e+09
6.906866095926918983e+09
6.984127147321357727e+09
7.061077457974246979e+09
7.137718337479824066e+09
7.214051087488712311e+09
7.290077001867336273e+09
7.365797366849428177e+09
7.441213461180243492e+09
7.516326556253772736e+09
7.591137916243639946e+09
7.665648798227746964e+09
7.739860452307365417e+09
7.813774121720781326e+09
7.887391042951963425e+09
7.960712445834431648e+09
8.033739553650730133e+09
8.106473583227645874e+09
8.178915745027545929e+09
8.251067243235868454e+09
8.322929275845207214e+09
8.394503034736038208e+09
8.465789705754280090e+09
8.536790468785941124e+09
8.607506497828927994e+09
8.677938961062252045e+09
8.748089020912675858e+09
8.817957834119035721e+09
8.887546551794319153e+09
8.956856319485561371e+09
9.025888277231815338e+09
9.094643559620101929e+09
9.163123295839677811e+09
9.231328609734466553e+09
9.299260619853908539e+09
9.366920439502254486e+09
9.434309176786397934e+09
9.501427934662261963e+09
9.568277810979904175e+09
9.634859898527301788e+09
9.701175285072982788e+09
9.767225053407464981e+09
9.833010281383626938e+09
9.898532041955982208e+09
9.963791403219053268e+09
1.002878942844466782e+10
1.009352717611848640e+10
