0.000000000000000000e+00
3.412086405436609872e+06
1.178273850687122345e+07
2.479781042080974579e+07
4.215493195498314500e+07
6.364148350076043606e+07
8.910851289095640182e+07
1.184529371922211200e+08
1.516062999642352760e+08
1.885274208690115213e+08
2.291973831525184214e+08
2.736159889479264617e+08
3.217991789081351161e+08
3.737771116515278816e+08
4.295927108667036295e+08
4.893005541309792995e+08
5.529660181042386293e+08
6.206646205829155445e+08
6.924815168610668182e+08
7.685111193130879402e+08
8.488568170670709610e+08
9.336307782830113173e+08
1.022953821639093876e+09
1.116955346645769835e+09
1.215773314669482946e+09
1.319554274269743919e+09
1.428453425781661749e+09
1.542634721113706589e+09
1.662270995550378084e+09
1.787544129004305363e+09
1.918645234690664768e+09
2.055774873627329350e+09
2.199143293718278885e+09
2.348970692471857071e+09
2.505487502651911259e+09
2.668934700368354797e+09
2.839564135291807175e+09
3.017638882830591679e+09
3.203433618242212296e+09
3.397235012769254684e+09
3.599342151994421005e+09
3.810066976703624249e+09
4.029734746631621838e+09
4.258684527543284893e+09
4.497269702176520348e+09
4.745858505641257286e+09
5.004834585933677673e+09
5.274597590286780357e+09
5.555563778138069153e+09
5.848166661553253174e+09
6.152857674001715660e+09
6.470106868435638428e+09
6.800403645680428505e+09
7.144257514199673653e+09
7.502198882353654861e+09
7.874779884326674461e+09
8.262575240955252647e+09
8.666183156746923447e+09
9.086226254438013077e+09
9.523352548498594284e+09
9.978236459053962708e+09
1.045157986775458527e+10
1.094411321719059372e+10
1.145659665551291656e+10
1.198982122799080849e+10
1.254461011730528069e+10
1.312181993444972992e+10
1.372234206218308258e+10
1.434710405305700493e+10
1.499707108411749268e+10
1.567324747046236610e+10
1.637667823992008209e+10
1.710845077120190811e+10
1.786969649796898270e+10
1.866159268134827805e+10
1.948536425352701569e+10
2.034228573515392685e+10
2.123368322937778473e+10
2.216093649545925903e+10
2.312548110500131226e+10
2.412881068395613098e+10
2.517247924368344879e+10
2.625810360445558167e+10
2.738736591492958069e+10
2.856201627123570633e+10
2.978387543946508408e+10
3.105483768547738647e+10
3.237687371609210968e+10
3.375203373587469101e+10
3.518245062388140106e+10
3.667034323488478851e+10
3.821801982976484680e+10
3.982788163991981506e+10
4.150242657072526550e+10
4.324425304925070190e+10
4.505606402162963104e+10
4.694067110567221069e+10
4.890099890450933838e+10
5.094008948726348877e+10
5.306110704295517731e+10
5.526734271407496643e+10
5.756221961647889709e+10
5.994929805250174713e+10
6.243228092442649078e+10
6.501501935570079803e+10
6.770151852755256653e+10
7.049594373892637634e+10
7.340262669794189453e+10
7.642607205336375427e+10
7.957096417487113953e+10
8.284217419122349548e+10
8.624476729573809814e+10
8.978401032882505798e+10
9.346537964766633606e+10
9.729456929347807312e+10
1.012774994671601562e+11
1.054203253245141602e+11
1.097294461026004944e+11
1.142115145892084503e+11
1.188734469478302612e+11
1.237224329109604340e+11
1.287659463549879761e+11
