0.000000000000000000e+00
3.453901845330885649e+08
6.784954843147181273e+08
9.992397234095058441e+08
1.308275415809702873e+09
1.606199802991642714e+09
1.893546736412002563e+09
2.170797171433926105e+09
2.438388991228126049e+09
2.696724753583213329e+09
2.946177625415038109e+09
3.187095926747676373e+09
3.419806639911970615e+09
3.644618152594219208e+09
3.861822431267605782e+09
4.071696767683019638e+09
4.274505202174478054e+09
4.470499699681852341e+09
4.659921134464609146e+09
4.843000125157059669e+09
5.019957751450917244e+09
5.191006176130502701e+09
5.356349190623834610e+09
5.516182698104623795e+09
5.670695145089181900e+09
5.820067910137670517e+09
5.964475656491019249e+09
6.104086654109111786e+09
6.239063075518472672e+09
6.369561269053167343e+09
6.495732012423993111e+09
6.617720749038301468e+09
6.735667809083223343e+09
6.849708617057464600e+09
6.959973887171298981e+09
7.066589807819229126e+09
7.169678216153745651e+09
7.269356763643829346e+09
7.365739073382022858e+09
7.458934889804711342e+09
7.549050221406679153e+09
7.636187476961422920e+09
7.720445595699648857e+09
7.801920171848120689e+09
7.880703573888513565e+09
7.956885058859332085e+09
8.030550881992153168e+09
8.101784401946683884e+09
8.170666181884978294e+09
8.237274086604696274e+09
8.301683375933247566e+09
8.363966794568561554e+09
8.424194658538152695e+09
8.482434938435667038e+09
8.538753339582946777e+09
8.593213379255561829e+09
8.645876461100902557e+09
8.696801946869743347e+09
8.746047225574880600e+09
8.793667780183792114e+09
8.839717251946285248e+09
8.884247502452301025e+09
8.927308673510265350e+09
8.968949244931474686e+09
9.009216090301784515e+09
9.048154530817720413e+09
9.085808387260669708e+09
9.122220030179121017e+09
9.157430428345777512e+09
9.191479195553386688e+09
9.224404635810260773e+09
9.256243786993904114e+09
9.287032463018449783e+09
9.316805294569568634e+09
9.345595768458057404e+09
9.373436265641321182e+09
9.400358097959938049e+09
9.426391543634729385e+09
9.451565881567758560e+09
9.475909424489179611e+09
9.499449550990295410e+09
9.522212736481239319e+09
9.544224583110862732e+09
9.565509848684444427e+09
9.586092474613801956e+09
9.605995612933151245e+09
9.625241652412456512e+09
9.643852243799484253e+09
9.661848324219966888e+09
9.679250140764778137e+09
9.696077273291559219e+09
9.712348656467618942e+09
9.728082601079656601e+09
9.743296814635187149e+09
9.758008421279579163e+09
9.772233981051738739e+09
9.785989508500747681e+09
9.799290490684936523e+09
9.812151904574159622e+09
9.824588233875251770e+09
9.836613485300045013e+09
9.848241204294645309e+09
9.859484490247890472e+09
9.870356011196510315e+09
9.880868018043739319e+09
9.891032358307666779e+09
9.900860489414930344e+09
9.910363491555027008e+09
9.919552080109752655e+09
9.928436617672000885e+09
9.937027125667541504e+09
9.945333295592996597e+09
9.953364499882747650e+09
9.961129802417137146e+09
9.968637968683815002e+09
9.975897475603796005e+09
9.982916521033325195e+09
9.989703032952283859e+09
9.996264678349567413e+09
1.000260887181542778e+10
1.000874278385050583e+10
1.001467334890094757e+10
