0.000000000000000000e+00
3.226004265276591778e+08
6.119644363980379105e+08
8.717342762326996326e+08
1.105608677412885189e+09
1.316680050526052952e+09
1.507540222166139841e+09
1.680380558883550406e+09
1.837070800184406281e+09
1.979219997123458147e+09
2.108223755802584887e+09
2.225301169876490116e+09
2.331523980546418667e+09
2.427839836473757744e+09
2.515091033838208199e+09
2.594029759536590099e+09
2.665330601909351826e+09
2.729600905425343990e+09
2.787389408195769787e+09
2.839193499666300297e+09
2.885465360233710289e+09
2.926617187712762833e+09
2.963025672482910633e+09
2.995035850164134979e+09
3.022964435213204861e+09
3.047102719015985012e+09
3.067719100504654884e+09
3.085061305037745953e+09
3.099358337493785381e+09
3.110822207682511806e+09
3.119649459844544411e+09
3.126022532868542194e+09
3.130110973654100418e+09
3.132072522599458218e+09
3.132054087344092846e+09
3.130192618532710552e+09
3.126615899396301270e+09
3.121443259295192719e+09
3.114786219980346203e+09
3.106749082156770706e+09
3.097429458938115120e+09
3.086918761935561180e+09
3.075302645001319885e+09
3.062661410027490616e+09
3.049070378668715477e+09
3.034600233397843361e+09
3.019317330906299114e+09
3.003283990516745567e+09
2.986558759975504875e+09
2.969196660730976105e+09
2.951249414575878143e+09
2.932765653330718517e+09
2.913791113069945812e+09
2.894368814237390041e+09
2.874539228860895634e+09
2.854340435955101967e+09
2.833808266094304085e+09
2.812976436042209625e+09
2.791876674240773678e+09
2.770538837885025501e+09
2.748991022243459225e+09
2.727259662823319912e+09
2.705369630926323414e+09
2.683344323091958523e+09
2.661205744881995678e+09
2.638974589420689106e+09
2.616670311070060730e+09
2.594311194587611675e+09
2.571914420085140705e+09
2.549496124081257820e+09
2.527071456916584015e+09
2.504654636779240131e+09
2.482259000568552017e+09
2.459897051807431698e+09
2.437580505797569275e+09
2.415320332196874619e+09
2.393126795185160160e+09
2.371009491371800900e+09
2.348977385587730408e+09
2.327038844693906307e+09
2.305201669529049873e+09
2.283473125110306263e+09
2.261859969193169117e+09
2.240368479289058208e+09
2.219004478232513428e+09
2.197773358383722782e+09
2.176680104546039581e+09
2.155729315673392296e+09
2.134925225436948299e+09
2.114271721716418028e+09
2.093772365076704741e+09
2.073430406287122726e+09
2.053248802936469555e+09
2.033230235194092035e+09
2.013377120763906240e+09
1.993691629075400829e+09
1.974175694753019333e+09
1.954831030402813196e+09
1.935659138752881289e+09
1.916661324181949139e+09
1.897838703668465614e+09
1.879192217190663099e+09
1.860722637606184006e+09
1.842430580038409948e+09
1.824316510794898987e+09
1.806380755842004299e+09
1.788623508858326197e+09
1.771044838888473988e+09
1.753644697617292404e+09
1.736422926283725977e+09
1.719379262252364159e+09
1.702513345259763002e+09
1.685824723351699829e+09
1.669312858526697159e+09
1.652977132100227833e+09
1.636816849803395748e+09
1.620831246629062891e+09
1.605019491437703609e+09
1.589380691334730864e+09
1.573913895830315351e+09
1.558618100792210102e+09
1.543492252201591492e+09
