0.000000000000000000e+00
2.278975800542935729e+07
6.653104791668025404e+07
1.275054471768061668e+08
2.026667383968175948e+08
2.895197524655898213e+08
3.860065142458627820e+08
4.904166125503757000e+08
6.013181910437197685e+08
7.175047564597550631e+08
8.379538696124529839e+08
9.617947568711862564e+08
1.088282659365551949e+09
1.216778316120461702e+09
1.346731397429397583e+09
1.477667008146429539e+09
1.609174600265126228e+09
1.740898794256507874e+09
1.872531726268839359e+09
2.003806625490759373e+09
2.134492391217206717e+09
2.264388988417739868e+09
2.393323518140924454e+09
2.521146847940488338e+09
2.647730709875977516e+09
2.772965191121685028e+09
2.896756555986364365e+09
3.019025349071365356e+09
3.139704738024686813e+09
3.258739061370656013e+09
3.376082552579448700e+09
3.491698216169758797e+09
3.605556835429122925e+09
3.717636094458006382e+09
3.827919799827205658e+09
3.936397189286519051e+09
4.043062316757444382e+09
4.147913504348636627e+09
4.250952853401677132e+09
4.352185807647940636e+09
4.451620762468564034e+09
4.549268715025861740e+09
4.645142950698328972e+09
4.739258761820630074e+09
4.831633195219798088e+09
4.922284825461488724e+09
5.011233551085854530e+09
5.098500411429938316e+09
5.184107421909473419e+09
5.268077425873720169e+09
5.350433961357369423e+09
5.431201141237842560e+09
5.510403545468206406e+09
5.588066124198276520e+09
5.664214110722050667e+09
5.738872943300460815e+09
5.812068195006598473e+09
5.883825510827534676e+09
5.954170551334106445e+09
6.023128942298767090e+09
6.090726229702825546e+09
6.156987839628981590e+09
6.221939042583941460e+09
6.285604921839515686e+09
6.348010345419788361e+09
6.409179941397030830e+09
6.469138076190609932e+09
6.527908835591509819e+09
6.585516008260637283e+09
6.641983071472129822e+09
6.697333178893677711e+09
6.751589150214663506e+09
6.804773462449897766e+09
6.856908242762137413e+09
6.908015262660489082e+09
6.958115933444446564e+09
7.007231302774777412e+09
7.055382052262928009e+09
7.102588495980028152e+09
7.148870579795272827e+09
7.194247881461246490e+09
7.238739611370933533e+09
7.282364613917694092e+09
7.325141369395385742e+09
7.367087996381288528e+09
7.408222254549427986e+09
7.448561547866415977e+09
7.488122928126092911e+09
7.526923098783019066e+09
7.564978419048359871e+09
7.602304908214855194e+09
7.638918250180496216e+09
7.674833798143187523e+09
7.710066579441095352e+09
7.744631300515672684e+09
7.778542351976338387e+09
7.811813813747728348e+09
7.844459460282123566e+09
7.876492765821278572e+09
7.907926909693302155e+09
7.938774781631578445e+09
7.969048987103982925e+09
7.998761852641707420e+09
8.027925431158100128e+09
8.056551507248840332e+09
8.084651602465662003e+09
8.112236980556604385e+09
8.139318652666553497e+09
8.165907382492459297e+09
8.192013691388274193e+09
8.217647863415176392e+09
8.242819950333233833e+09
8.267539776531047821e+09
8.291816943890440941e+09
8.315660836583587646e+09
8.339080625800399780e+09
8.362085274404262543e+09
8.384683541514579773e+09
8.406883987014836311e+09
8.428694975985112190e+09
8.450124683058295250e+09
8.471181096699355125e+09
