0.000000000000000000e+00
3.119864278395343106e+06
6.014175893719876185e+06
8.664606054817268625e+06
1.111971686638688855e+07
1.337467221063338593e+07
1.542953400753873028e+07
1.729523723702061176e+07
1.898611118332019821e+07
2.051705261165370420e+07
2.190237592038041726e+07
2.315535753670877963e+07
2.428809213334977999e+07
2.531149382310056314e+07
2.623536364749506861e+07
2.706848441838145256e+07
2.781872322721092775e+07
2.849313175585469231e+07
2.909803969654902816e+07
2.963913935705704615e+07
3.012156100345657766e+07
3.054993925797475502e+07
3.092847123785056919e+07
3.126096726887941733e+07
3.155089503387040645e+07
3.180141797906394303e+07
3.201542873360284418e+07
3.219557821723430231e+07
3.234430103001600504e+07
3.246383764046142995e+07
3.255625381796034425e+07
3.262345769245162979e+07
3.266721476927651092e+07
3.268916117946466058e+07
3.269081540474001318e+07
3.267358868151229247e+07
3.263879425829751045e+07
3.258765565566603839e+07
3.252131405631138012e+07
3.244083493459354714e+07
3.234721401944318786e+07
3.224138267138781026e+07
3.212421274331735075e+07
3.199652098513083532e+07
3.185907304434010386e+07
3.171258710782862082e+07
3.155773722408849746e+07
3.139515634023083374e+07
3.122543908375364169e+07
3.104914431534660235e+07
3.086679747582221404e+07
3.067889274750925973e+07
3.048589504806336015e+07
3.028824187258500606e+07
3.008634499814141542e+07
2.988059206322666258e+07
2.967134803333038837e+07
2.945895656259340420e+07
2.924374126048102602e+07
2.902600687148723379e+07
2.880604037507149950e+07
2.858411201231690124e+07
2.836047624516448006e+07
2.813537265351939574e+07
2.790902677502595261e+07
2.768165089186496288e+07
2.745344476853286475e+07
2.722459634420676157e+07
2.699528238298507035e+07
2.676566908500804007e+07
2.653591266120801121e+07
2.630615987420979142e+07
2.607654854769349471e+07
2.584720804634555057e+07
2.561825972835437208e+07
2.538981737225263193e+07
2.516198757976961881e+07
2.493487015623013303e+07
2.470855846992013231e+07
2.448313979173538834e+07
2.425869561633187532e+07
2.403530196590976790e+07
2.381302967768165097e+07
2.359194467600213736e+07
2.337210823006803915e+07
2.315357719803621247e+07
2.293640425834868848e+07
2.272063812900171801e+07
2.250632377544716746e+07
2.229350260776930675e+07
2.208221266773849353e+07
2.187248880630487949e+07
2.166436285205996782e+07
2.145786377116014808e+07
2.125301781917648762e+07
2.104984868530573696e+07
2.084837762935229763e+07
2.064862361186484993e+07
2.045060341778960079e+07
2.025433177398027852e+07
2.005982146088515222e+07
1.986708341871265322e+07
1.967612684836051241e+07
1.948695930737577379e+07
1.929958680119967833e+07
1.911401386993554980e+07
1.893024367086553574e+07
1.874827805692935362e+07
1.856811765136650205e+07
1.838976191871225461e+07
1.821320923232802749e+07
1.803845693863616511e+07
1.786550141822121665e+07
1.769433814395025000e+07
1.752496173625723645e+07
1.735736601572888345e+07
1.719154405312213674e+07
1.702748821693699434e+07
1.686519021866169944e+07
1.670464115580136888e+07
1.654583155279634707e+07
1.638875139992946200e+07
