0.000000000000000000e+00
1.985533728273401558e+08
3.994188750852856636e+08
6.024619225870138407e+08
8.082668061512134075e+08
1.017333718924507976e+09
1.230095370124584675e+09
1.446939075612410307e+09
1.668221189676098585e+09
1.894276397856349707e+09
2.125423889547443151e+09
2.361971575214559078e+09
2.604219036801884174e+09
2.852459644428998470e+09
3.106982124562695026e+09
3.368071771042683125e+09
3.636011427041614532e+09
3.911082322266130447e+09
4.193564819499249935e+09
4.483739104097360611e+09
4.781885836514283180e+09
5.088286779254528999e+09
5.403225404320523262e+09
5.726987484094568253e+09
6.059861666899911880e+09
6.402140037672586441e+09
6.754118663887256622e+09
7.116098126880498886e+09
7.488384038857562065e+09
7.871287546065196037e+09
8.265125818811435699e+09
8.670222529190284729e+09
9.086908317509481430e+09
9.515521248524309158e+09
9.956407258647754669e+09
1.040992059534556198e+10
1.087642424993596458e+10
1.135629038500486755e+10
1.184990075762261009e+10
1.235764713951300812e+10
1.287993173528079414e+10
1.341716759975523949e+10
1.396977905545649719e+10
1.453820211113838959e+10
1.512288488230998230e+10
1.572428801458777046e+10
1.634288511068199348e+10
1.697916316177533150e+10
1.763362298400890350e+10
1.830677966075172806e+10
1.899916299129213715e+10
1.971131794655724335e+10
2.044380513243501282e+10
2.119720126124670410e+10
2.197209963189132690e+10
2.276911061916324615e+10
2.358886217272095490e+10
2.443200032617107391e+10
2.529918971671189880e+10
2.619111411577032852e+10
2.710847697105117416e+10
2.805200196040874863e+10
2.902243355794159698e+10
3.002053761270231628e+10
3.104710194040845108e+10
3.210293692853608322e+10
3.318887615517079926e+10
3.430577702198922348e+10
3.545452140174202728e+10
3.663601630060418701e+10
3.785119453576115417e+10
3.910101542859725952e+10
4.038646551384999847e+10
4.170855926510117340e+10
4.306833983696903992e+10
4.446687982437302399e+10
4.590528203924218750e+10
4.738468030504042053e+10
4.890624026948641968e+10
5.047116023584628296e+10
5.208067201318385315e+10
5.373604178595395660e+10
5.543857100333068085e+10
5.718959728866533661e+10
5.899049536947342682e+10
6.084267802835745239e+10
6.274759707527172852e+10
6.470674434154811096e+10
6.672165269610063934e+10
6.879389708423744202e+10
7.092509558951074219e+10
7.311691051904542542e+10
7.537104951279132080e+10
7.768926667714930725e+10
8.007336374343414307e+10
8.252519125163571167e+10
8.504664975995771790e+10
8.763969108060906982e+10
9.030631954234240723e+10
9.304859328023419189e+10
9.586862555321395874e+10
9.876858608985398865e+10
1.017507024629464111e+11
1.048172614933973389e+11
1.079706106839788666e+11
1.112131596834942169e+11
1.145473817819107056e+11
1.179758154370369720e+11
1.215010658333232117e+11
1.251258064733761444e+11
1.288527808027923889e+11
1.326848038689242706e+11
1.366247640142030334e+11
1.406756246046550903e+11
1.448404257942649536e+11
1.491222863258381958e+11
1.535244053690476990e+11
1.580500643963420410e+11
1.627026290974180908e+11
1.674855513329756470e+11
1.724023711284707031e+11
1.774567187086206055e+11
