0.000000000000000000e+00
1.033676395806816220e+07
2.030680889479117468e+07
2.988767207801963016e+07
3.909538125293155760e+07
4.795188365197027475e+07
5.647876523765175790e+07
6.469623927513789386e+07
7.262296813974677026e+07
8.027610009956923127e+07
8.767137130997712910e+07
9.482322529946139455e+07
1.017449323644353151e+08
1.084487020707438737e+08
1.149457864233217239e+08
1.212465731655933112e+08
1.273606695190034807e+08
1.332969770387782604e+08
1.390637583951835036e+08
1.446686969086152315e+08
1.501189496307141781e+08
1.554211947026852667e+08
1.605816736519526541e+08
1.656062292175111771e+08
1.705003392269857824e+08
1.752691469864681959e+08
1.799174885883394480e+08
1.844499174925717413e+08
1.888707266931211352e+08
1.931839687424963415e+08
1.973934738738953173e+08
2.015028664308935404e+08
2.055155797890420556e+08
2.094348699313987494e+08
2.132638278205822408e+08
2.170053906929891706e+08
2.206623523860481679e+08
2.242373727965032458e+08
2.277329865564583540e+08
2.311516110040833652e+08
2.344955535172601342e+08
2.377670182709038258e+08
2.409681124720607996e+08
2.441008521210564971e+08
2.471671673418445885e+08
2.501689073201741576e+08
2.531078448842068911e+08
2.559856807586781383e+08
2.588040475205690563e+08
2.615645132814796269e+08
2.642685851194296479e+08
2.669177122806166410e+08
2.695132891697033048e+08
2.720566581454704404e+08
2.745491121370968223e+08
2.769918970949481726e+08
2.793862142884895205e+08
2.817332224628269672e+08
2.840340398643563390e+08
2.862897461451124549e+08
2.885013841545680165e+08
2.906699616269028187e+08
2.927964527711001635e+08
2.948817997706191540e+08
2.969269141988272667e+08
2.989326783559111357e+08
3.008999465325058103e+08
3.028295462048826814e+08
3.047222791661593318e+08
3.065789225976613164e+08
3.084002300842382312e+08
3.101869325770679116e+08
3.119397393072198629e+08
3.136593386529965997e+08
3.153463989638797641e+08
3.170015693436796665e+08
3.186254803953186274e+08
3.202187449295138717e+08
3.217819586394547820e+08
3.233157007434356213e+08
3.248205345972744823e+08
3.262970082782202959e+08
3.277456551419468522e+08
3.291669943541141152e+08
3.305615313978980184e+08
3.319297585587862730e+08
3.332721553878676891e+08
3.345891891447509527e+08
3.358813152211925983e+08
3.371489775464442372e+08
3.383926089752544165e+08
3.396126316594194174e+08
3.408094574037305713e+08
3.419834880070771575e+08
3.431351155894727111e+08
3.442647229056853652e+08
3.453726836461339593e+08
3.464593627256671190e+08
3.475251165608172417e+08
3.485702933360631466e+08
3.495952332596436739e+08
3.506002688094025850e+08
3.515857249691243172e+08
3.525519194558129311e+08
3.534991629383217692e+08
3.544277592477318048e+08
3.553380055798473358e+08
3.562301926901695728e+08
3.571046050816699266e+08
3.579615211857022643e+08
3.588012135363250375e+08
3.596239489383524656e+08
3.604299886293810606e+08
3.612195884360566139e+08
3.619929989248359799e+08
3.627504655474646091e+08
3.634922287813941240e+08
3.642185242653496265e+08
3.649295829302604795e+08
3.656256311257216930e+08
3.663068907421851754e+08
3.669735793290523887e+08
