0.000000000000000000e+00
8.409943382266813517e+08
2.824227448648552895e+09
5.909212377754007339e+09
9.953253497395263672e+09
1.475178289746511841e+10
2.003557618326678085e+10
2.560784528763798523e+10
3.133451645782141876e+10
3.712555689636655426e+10
4.292084426218096161e+10
4.868033455176910400e+10
5.437743450633365631e+10
5.999458442065435028e+10
6.552032013998503876e+10
7.094731404852372742e+10
7.627106265748152161e+10
8.148900227260746765e+10
8.659990937589691162e+10
9.160349144044526672e+10
9.650010588947302246e+10
1.012905658113282623e+11
1.059760047606526947e+11
1.105577820325138702e+11
1.150374158131403656e+11
1.194165356339319611e+11
1.236968482622794800e+11
1.278801129949735413e+11
1.319681235672191010e+11
1.359626947437300415e+11
1.398656522451836853e+11
1.436788250685312195e+11
1.474040395405749817e+11
1.510431146396384583e+11
1.545978582565114441e+11
1.580700641612498474e+11
1.614615095093102112e+11
1.647739527675094299e+11
1.680091319733962708e+11
1.711687632649626770e+11
1.742545396341149597e+11
1.772681298690024414e+11
1.802111776585921631e+11
1.830853008387845764e+11
1.858920907635970764e+11
1.886331117879925537e+11
1.913099008511522217e+11
1.939239671506322327e+11
1.964767918990731506e+11
1.989698281560761719e+11
2.014045007285997620e+11
2.037822061338314819e+11
2.061043126189858093e+11
2.083721602329069214e+11
2.105870609447275085e+11
2.127502988051700134e+11
2.148631301463821716e+11
2.169267838164797363e+11
2.189424614452324829e+11
2.209113377375753479e+11
2.228345607918592834e+11
2.247132524399737854e+11
2.265485086066809082e+11
2.283413996856948242e+11
2.300929709302253418e+11
2.318042428558775024e+11
2.334762116539617920e+11
2.351098496134251099e+11
2.367061055497547607e+11
2.382659052393442993e+11
2.397901518579372559e+11
2.412797264218816528e+11
2.427354882310405273e+11
2.441582753123067627e+11
2.455489048627654419e+11
2.469081736916389160e+11
2.482368586602306213e+11
2.495357171191628113e+11
2.508054873422747803e+11
2.520468889566140137e+11
2.532606233680155029e+11
2.544473741818198853e+11
2.556078076183359985e+11
2.567425729226996765e+11
2.578523027688267212e+11
2.589376136571996155e+11
2.599991063062643127e+11
2.610373660372490845e+11
2.620529631522495728e+11
2.630464533054530945e+11
2.640183778674018555e+11
2.649692642822200928e+11
2.658996264177512817e+11
2.668099649085733032e+11
2.677007674918764343e+11
2.685725093362066650e+11
2.694256533630917053e+11
2.702606505615808105e+11
2.710779402957411194e+11
2.718779506051649475e+11
2.726610984985521240e+11
2.734277902404393616e+11
2.741784216311575928e+11
2.749133782801033325e+11
2.756330358724179688e+11
2.763377604291720581e+11
2.770279085611571045e+11
2.777038277163915405e+11
2.783658564214488525e+11
2.790143245167207642e+11
2.796495533857280884e+11
2.802718561785953979e+11
2.808815380298057251e+11
2.814788962703519897e+11
2.820642206344040527e+11
2.826377934606077881e+11
2.831998898881348877e+11
2.837507780476002808e+11
2.842907192469633179e+11
2.848199681525293579e+11
2.853387729651659546e+11
2.858473755918466187e+11
