0.000000000000000000e+00
2.664146954819239327e+05
8.957301603859622264e+05
1.870067828735589981e+06
3.166417807659782469e+06
4.762276938595282845e+06
6.636614275031205267e+06
8.770042056718084961e+06
1.114477351019987464e+07
1.374451423710521497e+07
1.655433542783553898e+07
1.956054711080510542e+07
2.275057862775135040e+07
2.611286896983459592e+07
2.963676758992560208e+07
3.331244538981280476e+07
3.713081517907671630e+07
4.108346075154452026e+07
4.516257369921396673e+07
4.936089711870666593e+07
5.367167542858544737e+07
5.808860958975464106e+07
6.260581709643311799e+07
6.721779617712704837e+07
7.191939371139657497e+07
7.670577642815130949e+07
8.157240500461813807e+07
8.651501073229569197e+07
9.152957445762702823e+07
9.661230754134958982e+07
1.017596346120914221e+08
1.069681779173239172e+08
1.122347430987609178e+08
1.175563062401673347e+08
1.229300020537162870e+08
1.283531130868673623e+08
1.338230598455437720e+08
1.393373917414341271e+08
1.448937787817705572e+08
1.504900039291431904e+08
1.561239560669756830e+08
1.617936235133619606e+08
1.674970880321772695e+08
1.732325192958435714e+08
1.789981697589454949e+08
1.847923699061418772e+08
1.906135238415729105e+08
1.964601051902871430e+08
2.023306532851572633e+08
2.082237696153697371e+08
2.141381145148985684e+08
2.200724040714433789e+08
2.260254072381593883e+08
2.319959431321555674e+08
2.379828785052123070e+08
2.439851253734917343e+08
2.500016387941987216e+08
2.560314147782152295e+08
2.620734883286888301e+08
2.681269315964187682e+08
2.741908521436610818e+08
2.802643913086769581e+08
2.863467226639852524e+08
2.924370505618538260e+08
2.985346087610882521e+08
3.046386591296485066e+08
3.107484904180567265e+08
3.168634170989487171e+08
3.229827782684810162e+08
3.291059366056296825e+08
3.352322773857148290e+08
3.413612075447564125e+08
3.474921547915157676e+08
3.536245667643052936e+08
3.597579102298570275e+08
3.658916703217336535e+08
3.720253498159407377e+08
3.781584684415619373e+08
3.842905622243872881e+08
3.904211828616434336e+08
3.965498971260594726e+08
4.026762862976218462e+08
4.087999456214777827e+08
4.149204837905471921e+08
4.210375224514970779e+08
4.271506957328157425e+08
4.332596497938060164e+08
4.393640423933885694e+08
4.454635424776772857e+08
4.515578297853482366e+08
4.576465944698885083e+08
4.637295367378609180e+08
4.698063665023752451e+08
4.758768030510037541e+08
4.819405747274221778e+08
4.879974186261001825e+08
4.940470802994042635e+08
5.000893134765105247e+08
5.061238797935612798e+08
5.121505485345289707e+08
5.181690963822817802e+08
5.241793071793732643e+08
5.301809716981028914e+08
5.361738874194208384e+08
5.421578583202720881e+08
5.481326946689968109e+08
5.540982128284236193e+08
5.600542350663126707e+08
5.660005893728214502e+08
5.719371092846857309e+08
5.778636337158200741e+08
5.837800067940614223e+08
5.896860777037899494e+08
5.955817005341765881e+08
6.014667341328183413e+08
6.073410419645342827e+08
6.132044919751061201e+08
6.190569564597588778e+08
6.248983119361842871e+08
6.307284390219234228e+08
6.365472223159284592e+08
6.423545502841371298e+08
