0.000000000000000000e+00
1.027333626887238771e+08
2.013597275646980107e+08
2.959924097040183544e+08
3.869034239054287076e+08
4.743402496478126645e+08
5.585265294427816868e+08
6.396647279117476940e+08
7.179386554112961292e+08
7.935156824933205843e+08
8.665486542967153788e+08
9.371775414553656578e+08
1.005530865557676792e+09
1.071726933170120478e+09
1.135874907531328917e+09
1.198075742431415319e+09
1.258422998806143761e+09
1.317003561216587782e+09
1.373898268589265347e+09
1.429182471276331902e+09
1.482926524580884218e+09
1.535196227308203697e+09
1.586053212590595722e+09
1.635555297142517805e+09
1.683756794193418741e+09
1.730708794585982323e+09
1.776459419890233278e+09
1.821054050847941637e+09
1.864535534009504557e+09
1.906944369042267799e+09
1.948318878863946676e+09
1.988695364477480412e+09
2.028108246146607161e+09
2.066590192348179340e+09
2.104172237762575388e+09
2.140883891412698269e+09
2.176753235931868076e+09
2.211807018827808380e+09
2.246070736511683941e+09
2.279568711775558949e+09
2.312324165326809883e+09
2.344359281922484875e+09
2.375695271589062214e+09
2.406352426362605095e+09
2.436350172939406872e+09
2.465707121588172913e+09
2.494441111639534473e+09
2.522569253838048935e+09
2.550107969814070225e+09
2.577073028908536434e+09
2.603479582561894417e+09
2.629342196458734989e+09
2.654674880602283001e+09
2.679491117477424145e+09
2.703803888446517944e+09
2.727625698509950638e+09
2.750968599551834583e+09
2.773844212180897236e+09
2.796263746267665863e+09
2.818238020270220757e+09
2.839777479433529377e+09
2.860892212940388680e+09
2.881591970085683346e+09
2.901886175540071487e+09
2.921783943763921738e+09
2.941294092627948284e+09
2.960425156291996479e+09
2.979185397390423298e+09
2.997582818568107128e+09
3.015625173408347607e+09
3.033319976790705681e+09
3.050674514714060307e+09
3.067695853617798805e+09
3.084390849231476784e+09
3.100766154981403351e+09
3.116828229980378151e+09
3.132583346625290871e+09
3.148037597825315475e+09
3.163196903882153034e+09
3.178067019042149067e+09
3.192653537738919735e+09
3.206961900543889523e+09
3.220997399840898514e+09
3.234765185240228653e+09
3.248270268746086121e+09
3.261517529691152573e+09
3.274511719450362206e+09
3.287257465945977688e+09
3.299759277954710960e+09
3.312021549227406979e+09
3.324048562430836678e+09
3.335844492920911789e+09
3.347413412355741024e+09
3.358759292156771660e+09
3.369886006825438976e+09
3.380797337122693539e+09
3.391496973118056297e+09
3.401988517114556313e+09
3.412275486455645561e+09
3.422361316219701290e+09
3.432249361807542801e+09
3.441942901427927494e+09
3.451445138485943794e+09
3.460759203878739357e+09
3.469888158202861786e+09
3.478834993877385139e+09
3.487602637186452866e+09
3.496193950245159149e+09
3.504611732891923428e+09
3.512858724510820866e+09
3.520937605786909103e+09
3.528851000397503853e+09
3.536601476642152786e+09
3.544191549014033794e+09
3.551623679715214729e+09
3.558900280118261337e+09
3.566023712176381111e+09
3.572996289784319401e+09
3.579820280092012882e+09
3.586497904773087502e+09
3.593031341249844551e+09
3.599422723876787663e+09
