0.000000000000000000e+00
3.780071870599228889e+06
1.128694962795911543e+07
2.223338614872654155e+07
3.636004110144888610e+07
5.343322842974987626e+07
7.324191357135857642e+07
9.559496316481633484e+07
1.203187471143125594e+08
1.472550710152053535e+08
1.762593966540363431e+08
2.071993083735033274e+08
2.399531878478205800e+08
2.744090652892285585e+08
3.104636201862635612e+08
3.480213090753618479e+08
3.869936015545048714e+08
4.272983088313505650e+08
4.688589916496988535e+08
5.116044365455805063e+08
5.554681911256698370e+08
6.003881505019909143e+08
6.463061882125324011e+08
6.931678259520354271e+08
7.409219372671737671e+08
7.895204810651105642e+08
8.389182613678996563e+08
8.890727102368674278e+08
9.399436912067463398e+08
9.914933209218621254e+08
1.043685806966619968e+09
1.096487300138546944e+09
1.149865759631328583e+09
1.203790829783478498e+09
1.258233727210370779e+09
1.313167137277323246e+09
1.368565118992646456e+09
1.424403017504811287e+09
1.480657383479501724e+09
1.537305898712281227e+09
1.594327307402529716e+09
1.651701352575637579e+09
1.709408717194340706e+09
1.767430969547536850e+09
1.825750512546825886e+09
1.884350536598062992e+09
1.943214975748053551e+09
2.002328466835664034e+09
2.061676311402569294e+09
2.121244440141954422e+09
2.181019379684136868e+09
2.240988221536509037e+09
2.301138593011743546e+09
2.361458629993020535e+09
2.421936951398365021e+09
2.482562635218167782e+09
2.543325196010776043e+09
2.604214563750788689e+09
2.665221063933496475e+09
2.726335398846907139e+09
2.787548629929996490e+09
2.848852161142408371e+09
2.910237723276762962e+09
2.971697359150177002e+09
3.033223409616506100e+09
3.094808500345340729e+09
3.156445529317886353e+09
3.218127654993604660e+09
3.279848285104921341e+09
3.341601066040472984e+09
3.403379872780201435e+09
3.465178799348289490e+09
3.526992149752324104e+09
3.588814429379321575e+09
3.650640336821292400e+09
3.712464756104915619e+09
3.774282749301628113e+09
3.836089549496042728e+09
3.897880554092093945e+09
3.959651318437674999e+09
4.021397549749792099e+09
4.083115101323446751e+09
4.144799967008529663e+09
4.206448275940014839e+09
4.268056287507686138e+09
4.329620386552487373e+09
4.391137078777384758e+09
4.452602986361388206e+09
4.514014843766070366e+09
4.575369493724556923e+09
4.636663883403594971e+09
4.697895060729818344e+09
4.759060170871905327e+09
4.820156452870774269e+09
4.881181236410429955e+09
4.942131938722514153e+09
5.003006061617981911e+09
5.063801188639723778e+09
5.124514982330295563e+09
5.185145181609226227e+09
5.245689599254710197e+09
5.306146119484747887e+09
5.366512695633091927e+09
5.426787347915580750e+09
5.486968161282698631e+09
5.547053283354430199e+09
5.607040922433649063e+09
5.666929345594518661e+09
5.726716876842543602e+09
5.786401895343088150e+09
5.845982833715346336e+09
5.905458176388894081e+09
5.964826458020109177e+09
6.024086261965869904e+09
6.083236218812087059e+09
6.142275004954720497e+09
6.201201341231083870e+09
6.260013991599308014e+09
6.318711761863969803e+09
6.377293498445965767e+09
6.435758087194822311e+09
6.494104452241698265e+09
