0.000000000000000000e+00
3.119864278395343106e+06
6.107762486945766956e+06
8.992021978399783373e+06
1.183473785164557397e+07
1.462563040953928605e+07
1.735033378122621775e+07
2.000322094499782473e+07
2.258220387162571400e+07
2.508686016763065010e+07
2.751764518503593653e+07
2.987551801297684014e+07
3.216174497518655658e+07
3.437778694617579877e+07
3.652522971196623892e+07
3.860573818489561975e+07
4.062102479251714051e+07
4.257282683453112096e+07
4.446288983221965283e+07
4.629295506858918816e+07
4.806475016795314848e+07
4.977998194298464060e+07
5.144033096961504221e+07
5.304744749933533370e+07
5.460294841847427189e+07
5.610841503370179236e+07
5.756539151314830780e+07
5.897538384959650040e+07
6.033985924019671977e+07
6.166024579865981638e+07
6.293793253261797130e+07
6.417426953200447559e+07
6.537056832473644614e+07
6.652810236430655420e+07
6.764810762056630850e+07
6.873178325035586953e+07
6.978029232898247242e+07
7.079476262706947327e+07
7.177628742016290128e+07
7.272592632081434131e+07
7.364470612476612628e+07
7.453362166442304850e+07
7.539363666407473385e+07
7.622568459238235652e+07
7.703066950850795209e+07
7.780946689897580445e+07
7.856292450294336677e+07
7.929186312404298782e+07
7.999707742735716701e+07
8.067933672042115033e+07
8.133938571742089093e+07
8.197794528598122299e+07
8.259571317612671852e+07
8.319336473115301132e+07
8.377155358027401567e+07
8.433091231301668286e+07
8.487205313542073965e+07
8.539556850817355514e+07
8.590203176686590910e+07
8.639199772460426390e+07
8.686600325725033879e+07
8.732456787159125507e+07
8.776819425676512718e+07
8.819736881928709149e+07
8.861256220203320682e+07
8.901422978754979372e+07
8.940281218606349826e+07
8.977873570856946707e+07
9.014241282537920773e+07
9.049424261050719023e+07
9.083461117227537930e+07
9.116389207051151991e+07
9.148244672071228921e+07
9.179062478553833067e+07
9.208876455400265753e+07
9.237719330870692432e+07
9.265622768147414923e+07
9.292617399771980941e+07
9.318732860989433527e+07
9.343997822032502294e+07
9.368440019377537072e+07
9.392086286003383994e+07
9.414962580683547258e+07
9.437094016341230273e+07
9.458504887496078014e+07
9.479218696830643713e+07
9.499258180903926492e+07
9.518645335038428009e+07
9.537401437406608462e+07
9.555547072341743112e+07
9.573102152897566557e+07
9.590085942680296302e+07
9.606517076976040006e+07
9.622413583195829391e+07
9.637792900659888983e+07
9.652671899742132425e+07
9.667066900395208597e+07
9.680993690075805783e+07
9.694467541089388728e+07
9.707503227372832596e+07
9.720115040733005106e+07
9.732316806558626890e+07
9.744121899022401869e+07
9.755543255789630115e+07
9.766593392249304056e+07
9.777284415282914042e+07
9.787628036585906148e+07
9.797635585556161404e+07
9.807318021763493121e+07
9.816685947013604641e+07
9.825749617019674182e+07
9.834518952694164217e+07
9.843003551073184609e+07
9.851212695885248482e+07
9.859155367775955796e+07
9.866840254199707508e+07
9.874275758989247680e+07
9.881470011613504589e+07
9.888430876133754849e+07
9.895165959867961705e+07
9.901682621772748232e+07
9.907987980552084744e+07
