0.000000000000000000e+00
6.339761055457272567e+06
1.290169657505670935e+07
1.968603070007923990e+07
2.670026990126517043e+07
3.395220899929883331e+07
4.144991316157845408e+07
4.920172302188211679e+07
5.721626295012504607e+07
6.550245029761087149e+07
7.406950517836858332e+07
8.292696066904711723e+07
9.208467339361669123e+07
1.015528344863508344e+08
1.113419809370105267e+08
1.214630073268019706e+08
1.319271779660550505e+08
1.427461394459905922e+08
1.539319336179159284e+08
1.654970110139586031e+08
1.774542447241170704e+08
1.898169447450033724e+08
2.025988728162645102e+08
2.158142577612344325e+08
2.294778113489709795e+08
2.436047446954194903e+08
2.582107852220574617e+08
2.733121941910024881e+08
2.889257848362005949e+08
3.050689411109914184e+08
3.217596370730164647e+08
3.390164569281508923e+08
3.568586157558781505e+08
3.753059809392619729e+08
3.943790943234879971e+08
4.140991951277174950e+08
4.344882436358641386e+08
4.555689456927478313e+08
4.773647780330035686e+08
4.999000144710141420e+08
5.231997529811319113e+08
5.472899436984097958e+08
5.721974178711254597e+08
5.979499177974091768e+08
6.245761277794041634e+08
6.521057061295113564e+08
6.805693182644706964e+08
7.099986709241615534e+08
7.404265475534112453e+08
7.718868448862187862e+08
8.044146107732841969e+08
8.380460832950443029e+08
8.728187312038636208e+08
9.087712957405463457e+08
9.459438338718069792e+08
9.843777629969730377e+08
1.024115907173823953e+09
1.065202544915118933e+09
1.107683458609191418e+09
1.151605985619734526e+09
1.197019071121806383e+09
1.243973322733016491e+09
1.292521067000844717e+09
1.342716407809127331e+09
1.394615286768849611e+09
1.448275545660678625e+09
1.503756990998816490e+09
1.561121460788295984e+09
1.620432893550079584e+09
1.681757399691082478e+09
1.745163335298599958e+09
1.810721378441543102e+09
1.878504608063536644e+09
1.948588585555875540e+09
2.021051439101312876e+09
2.095973950882700443e+09
2.173439647253814220e+09
2.253534891972759247e+09
2.336348982602074623e+09
2.421974250182855129e+09
2.510506162294105053e+09
2.602043429612178802e+09
2.696688116089078903e+09
2.794545752872391701e+09
2.895725456093911648e+09
3.000340048658100128e+09
3.108506186166196823e+09
3.220344487116246223e+09
3.335979667524130344e+09
3.455540680115571976e+09
3.579160858244234085e+09
3.706978064696174622e+09
3.839134845546402931e+09
3.975778589239013195e+09
4.117061691067960739e+09
4.263141723241680622e+09
4.414181610721033096e+09
4.570349813026230812e+09
4.731820512215275764e+09
4.898773807243210793e+09
5.071395914918489456e+09
5.249879377680302620e+09
5.434423278427949905e+09
5.625233462641681671e+09
5.822522768041944504e+09
6.026511262042794228e+09
6.237426487263769150e+09
6.455503715373261452e+09
6.680986209546083450e+09
6.914125495827097893e+09
7.155181643702875137e+09
7.404423556193632126e+09
7.662129269788114548e+09
7.928586264554958344e+09
8.204091784775903702e+09
8.488953170456993103e+09
8.783488200086929321e+09
9.088025445023574829e+09
9.402904635902931213e+09
9.728477041477886200e+09
1.006510586030830002e+10
1.041316662573772430e+10
