0.000000000000000000e+00
0.000000000000000000e+00
9.358659322589072690e+04
3.274159235825153301e+05
7.150209852586857742e+05
1.250958198905899422e+06
1.920799773687489331e+06
2.707983707977211569e+06
3.596092688305516727e+06
4.569807555976946838e+06
5.615269264655520208e+06
6.720160476268059574e+06
7.873652841836776584e+06
9.066293123075231910e+06
1.028986606447117031e+07
1.153725376651416533e+07
1.280230156530621648e+07
1.407969507867643051e+07
1.536485013567062654e+07
1.665381571153214388e+07
1.794318916449656710e+07
1.923004268500988185e+07
2.051185973176447302e+07
2.178648023045591265e+07
2.305205338460386917e+07
2.430699705463784933e+07
2.554996277954545990e+07
2.677980563236219436e+07
2.799555821018071845e+07
2.919640815819838271e+07
3.038167871465763077e+07
3.155081183955284953e+07
3.270335355545993149e+07
3.383894118484189361e+07
3.495729221582628787e+07
3.605819456884358078e+07
3.714149807068496197e+07
3.820710697140344232e+07
3.925497336385151744e+07
4.028509138622079045e+07
4.129749210532293469e+07
4.229223899303524196e+07
4.326942392075738311e+07
4.422916360725152493e+07
4.517159646416784823e+07
4.609687979114717990e+07
4.700518727885487676e+07
4.789670678381215036e+07
4.877163834360352904e+07
4.963019240507455170e+07
5.047258824159867316e+07
5.129905253847195953e+07
5.210981812806336582e+07
5.290512285856801271e+07
5.368520858213260770e+07
5.445032024979001284e+07
5.520070510209035873e+07
5.593661194558015466e+07
5.665829050638488680e+07
5.736599085311702639e+07
5.805996288217884302e+07
5.874045585927435756e+07
5.940771801160065085e+07
6.006199616576769948e+07
6.070353542700725049e+07
6.133257889568483084e+07
6.194936741753062606e+07
6.255413936436270922e+07
6.314713044239413738e+07
6.372857352549914271e+07
6.429869851106736809e+07
6.485773219630173594e+07
6.540589817301879078e+07
6.594341673919277638e+07
6.647050482564828545e+07
6.698737593645428866e+07
6.749424010170453787e+07
6.799130384148967266e+07
6.847877013997420669e+07
6.895683842858964205e+07
6.942570457744349539e+07
6.988556089412407577e+07
7.033659612915381789e+07
7.077899548741017282e+07
7.121294064489273727e+07
7.163860977027022839e+07
7.205617755069057643e+07
7.246581522138255835e+07
7.286769059861890972e+07
7.326196811564812064e+07
7.364880886123716831e+07
7.402837062049807608e+07
7.440080791770043969e+07
7.476627206079813838e+07
7.512491118742240965e+07
7.547687031211559474e+07
7.582229137459978461e+07
7.616131328889320791e+07
7.649407199310427904e+07
7.682070049974805117e+07
7.714132894644489884e+07
7.745608464687362313e+07
7.776509214186351001e+07
7.806847325052052736e+07
7.836634712129336596e+07
7.865883028289359808e+07
7.894603669499352574e+07
7.922807779863226414e+07
7.950506256626842916e+07
7.977709755142378807e+07
8.004428693786871433e+07
8.030673258830547333e+07
8.056453409251062572e+07
8.081778881490223110e+07
8.106659194150231779e+07
8.131103652626818419e+07
8.155121353677034378e+07
8.178721189919805527e+07
8.201911854267585278e+07
8.224701844287824631e+07
8.247099466493113339e+07
8.269112840559138358e+07
