0.000000000000000000e+00
1.060317865355008654e+07
2.120253905517713726e+07
3.175773990675522014e+07
4.226179906059134007e+07
5.271416059056555480e+07
6.311537951268295944e+07
7.346628133185598254e+07
8.376774164994664490e+07
9.402061433667445183e+07
1.042257067378126681e+08
1.143837724102665037e+08
1.244955109921866655e+08
1.345615710405784845e+08
1.445825540132473111e+08
1.545590185554061234e+08
1.644914846980801821e+08
1.743804377903227806e+08
1.842263320943974853e+08
1.940295940273219049e+08
2.037906250592996180e+08
2.135098042924399078e+08
2.231874907483857870e+08
2.328240253946382403e+08
2.424197329383823574e+08
2.519749234146195054e+08
2.614898935929575861e+08
2.709649282248674631e+08
2.804003011507481337e+08
2.897962762838459015e+08
2.991531084859867096e+08
3.084710443482174873e+08
3.177503228878029585e+08
3.269911761715660691e+08
3.361938298742985129e+08
3.453585037798565626e+08
3.544854122315919399e+08
3.635747645379374027e+08
3.726267653382289410e+08
3.816416149332265854e+08
3.906195095842357874e+08
3.995606417842657566e+08
4.084652005042380691e+08
4.173333714169000387e+08
4.261653371007900834e+08
4.349612772263160348e+08
4.437213687257797718e+08
4.524457859489653111e+08
4.611347008057262897e+08
4.697882828968493938e+08
4.784066996343282461e+08
4.869901163520600200e+08
4.955386964078626633e+08
5.040526012776260376e+08
5.125319906423091292e+08
5.209770224684399366e+08
5.293878530826882124e+08
5.377646372410421371e+08
5.461075281930451393e+08
5.544166777415312529e+08
5.626922362982290983e+08
5.709343529355797768e+08
5.791431754350854158e+08
5.873188503324730396e+08
5.954615229599155188e+08
6.035713374855597019e+08
6.116484369505624771e+08
6.196929633038313389e+08
6.277050574346404076e+08
6.356848592032909393e+08
6.436325074699530602e+08
6.515481401218242645e+08
6.594318940987355709e+08
6.672839054173018932e+08
6.751043091937367916e+08
6.828932396654133797e+08
6.906508302112593651e+08
6.983772133710758686e+08
7.060725208638420105e+08
7.137368836050790548e+08
7.213704317233339548e+08
7.289732945758421421e+08
7.365456007634246349e+08
7.440874781446613073e+08
7.515990538493950367e+08
7.590804542916020155e+08
7.665318051816737652e+08
7.739532315381395817e+08
7.813448576988699436e+08
7.887068073317924738e+08
7.960392034451429844e+08
8.033421683972803354e+08
8.106158239061057568e+08
8.178602910580809116e+08
8.250756903168948889e+08
8.322621415317854881e+08
8.394197639455382824e+08
8.465486762021776438e+08
8.536489963543784618e+08
8.607208418705921173e+08
8.677643296419254541e+08
8.747795759887758493e+08
8.817666966672272682e+08
8.887258068752337694e+08
8.956570212585937977e+08
9.025604539167286158e+08
9.094362184082709551e+08
9.162844277564822435e+08
9.231051944544913769e+08
9.298986304703879356e+08
9.366648472521450520e+08
9.434039557324138880e+08
9.501160663331710100e+08
9.568012889702332020e+08
9.634597330576543808e+08
9.700915075119988918e+08
9.766967207565002441e+08
9.832754807251085043e+08
9.898278948664448261e+08
9.963540701476451159e+08
1.002854113058113575e+09
1.009328129613189459e+09
