0.000000000000000000e+00
0.000000000000000000e+00
2.853690317962120389e+04
1.015224073306384380e+05
2.230003209213926457e+05
3.918779528811278287e+05
6.055957469867765903e+05
8.611206252061342821e+05
1.155330775677566649e+06
1.485183814624248073e+06
1.847792610721193254e+06
2.240457073137931060e+06
2.660673504521564581e+06
3.106132180955016986e+06
3.574708796813027933e+06
4.064452896321035922e+06
4.573575067765616812e+06
5.100433919910534285e+06
5.643523419493857771e+06
6.201460905608050525e+06
6.772975937547494657e+06
7.356900036059625447e+06
7.952157319821164012e+06
8.557756004933066666e+06
9.172780716378083453e+06
9.796385551108468324e+06
1.042778782914994098e+07
1.106626246951334178e+07
1.171113693030126765e+07
1.236178665621254593e+07
1.301763098105678707e+07
1.367812943749534525e+07
1.434277843077548221e+07
1.501110823757262342e+07
1.568268029511836171e+07
1.635708474952926673e+07
1.703393823565150425e+07
1.771288186380375549e+07
1.839357939155168459e+07
1.907571556110234559e+07
1.975899458509126306e+07
2.044313876547256112e+07
2.112788723193902150e+07
2.181299478781681135e+07
2.249823085272110254e+07
2.318337849244379997e+07
2.386823352759082615e+07
2.455260371341057122e+07
2.523630798407129198e+07
2.591917575536679476e+07
2.660104628046731651e+07
2.728176805389713868e+07
2.796119825942012668e+07
2.863920225795736536e+07
2.931565311205407605e+07
2.999043114376200736e+07
3.066342352311365679e+07
3.133452388464096189e+07
3.200363196963709593e+07
3.267065329207937419e+07
3.333549882632756978e+07
3.399808471488707513e+07
3.465833199468332529e+07
3.531616634043480456e+07
3.597151782383797318e+07
3.662432068739130348e+07
3.727451313178757578e+07
3.792203711589559168e+07
3.856683816843575984e+07
3.920886521052872390e+07
3.984807038836414367e+07
4.048440891529833525e+07
4.111783892274480313e+07
4.174832131927262247e+07
4.237581965737332404e+07
4.300030000739875436e+07
4.362173083821061999e+07
4.424008290411687642e+07
4.485532913770209998e+07
4.546744454818774015e+07
4.607640612498477101e+07
4.668219274612548202e+07
4.728478509128350019e+07
4.788416555911147594e+07
4.848031818864467740e+07
4.907322858453607559e+07
4.966288384590435028e+07
5.024927249859082699e+07
5.083238443063508719e+07
5.141221083079123497e+07
5.198874412991858274e+07
5.256197794509093463e+07
5.313190702627874166e+07
5.369852720546749234e+07
5.426183534808409214e+07
5.482182930661111325e+07
5.537850787627568841e+07
5.593187075270728022e+07
5.648191849146411568e+07
5.702865246933467686e+07
5.757207484732561558e+07
5.811218853525292873e+07
5.864899715785780549e+07
5.918250502237307280e+07
5.971271708747042716e+07
6.023963893352239579e+07
6.076327673411673307e+07
6.128363722876435518e+07
6.180072769674503803e+07
6.231455593203820288e+07
6.282513021928888559e+07
6.333245931076170504e+07
6.383655240423784405e+07
6.433741912181291729e+07
6.483506948955519497e+07
6.532951391798613220e+07
6.582076318334696442e+07
6.630882840961688757e+07
6.679372105125019699e+07
6.727545287660126388e+07
6.775403595200781524e+07
6.822948262650448084e+07
