0.000000000000000000e+00
4.732273832689988194e+04
1.417765016651329061e+05
2.848644938810114982e+05
4.781222842371312436e+05
7.231472431861701189e+05
1.021608729142611846e+06
1.375253838542351732e+06
1.785911833681707270e+06
2.255498140672341455e+06
2.786018238827322610e+06
3.379571578610335477e+06
4.038355595576591324e+06
4.764669858099325560e+06
5.560920372946669348e+06
6.429624066010510549e+06
7.373413452029079199e+06
8.395041505359092727e+06
9.497386742965748534e+06
1.068345853041908145e+07
1.195640262160665169e+07
1.331950694298169762e+07
1.477620763339767791e+07
1.633009535089701414e+07
1.798492185820044205e+07
1.974460689907013997e+07
2.161324537818594649e+07
2.359511485767383128e+07
2.569468338395693153e+07
2.791661765915872157e+07
3.026579157187543064e+07
3.274729510274936631e+07
3.536644362091668695e+07
3.812878758807251602e+07
4.104012268759360909e+07
4.410650039688473195e+07
4.733423902187013626e+07
5.072993521333676577e+07
5.430047598565262556e+07
5.805305125923178345e+07
6.199516694899964333e+07
6.613465862202765048e+07
7.047970574845775962e+07
7.503884657082484663e+07
7.982099361791078746e+07
8.483544989032828808e+07
9.009192574613766372e+07
9.560055651594638824e+07
1.013719208781312555e+08
1.074170600260569602e+08
1.137474976604464650e+08
1.203752608413857073e+08
1.273129017358235717e+08
1.345735202978562415e+08
1.421707879205659330e+08
1.501189720997196138e+08
1.584329621512250900e+08
1.671282960258908868e+08
1.762211882667458057e+08
1.857285591559458971e+08
1.956680651001310945e+08
2.060581303049945831e+08
2.169179797917977870e+08
2.282676738106022477e+08
2.401281437071022987e+08
2.525212293021280468e+08
2.654697178451527357e+08
2.789973846054814458e+08
2.931290351672239304e+08
3.078905494966641068e+08
3.233089278532374501e+08
3.394123386180144548e+08
3.562301681163699627e+08
3.737930725143942833e+08
3.921330318715791106e+08
4.112834064353867769e+08
4.312789952664976120e+08
4.521560972868185043e+08
4.739525748457404375e+08
4.967079199036520123e+08
5.204633229353529215e+08
5.452617446597701311e+08
5.711479907062690258e+08
5.981687893318650723e+08
6.263728723077965975e+08
6.558110590982046127e+08
6.865363444581023455e+08
7.186039895823941231e+08
7.520716169424366951e+08
7.869993089515228271e+08
8.234497106057181358e+08
8.614881362516977787e+08
9.011826806386193037e+08
9.426043344166294336e+08
9.858271042503553629e+08
1.030928137721665382e+09
1.077987853202113867e+09
1.127090074881819010e+09
1.178322173148063183e+09
1.231775210513649702e+09
1.287544093302034378e+09
1.345727729303444147e+09
1.406429191623630047e+09
1.469755888954586983e+09
1.535819742504496574e+09
1.604737369832336426e+09
1.676630275841064453e+09
1.751625051192000389e+09
1.829853578412065506e+09
1.911453245974835634e+09
1.996567170645982027e+09
2.085344428393618822e+09
2.177940294174311161e+09
2.274516490916108608e+09
2.375241448030898571e+09
2.480290569799679279e+09
2.589846513986023903e+09
2.704099481045063019e+09
2.823247514307767868e+09
2.947496811533182144e+09
3.077062048234544754e+09
3.212166713198985577e+09
