nan
6.906226705788147679e-01
5.712772886265159444e-01
4.933102473043901592e-01
4.393205648369156169e-01
3.998893420971038060e-01
3.698878512708835276e-01
3.463309623476769628e-01
3.273711742309016737e-01
3.118052808370954665e-01
2.988161647430349066e-01
2.878293161553679980e-01
2.784288748423380255e-01
2.703062937309862468e-01
2.632277457368137341e-01
2.570127397285431603e-01
2.515196989045710985e-01
2.466359848256670373e-01
2.422708476716768367e-01
2.383503446974348239e-01
2.348136164736824572e-01
2.316101121278539565e-01
2.286974940158810476e-01
2.260400351442998224e-01
2.236073780323882265e-01
2.213735650081815609e-01
2.193162703592648199e-01
2.174161895541206757e-01
2.156565474780919034e-01
2.140227002225805475e-01
2.125018100397349230e-01
2.110825781655116529e-01
2.097550233972330369e-01
2.085102990554376368e-01
2.073405388168026720e-01
2.062387275647444285e-01
2.051985922983430854e-01
2.042145090142701847e-01
2.032814235325181018e-01
2.023947838110912723e-01
2.015504817496760470e-01
2.007448026462049229e-01
1.999743817560128423e-01
1.992361662710341874e-01
1.985273822473500316e-01
1.978455056674617296e-01
1.971882369528775159e-01
1.965534786652503862e-01
1.959393157637299432e-01
1.953439980906507001e-01
1.947659248277819055e-01
1.942036306695814341e-01
1.936557735771589628e-01
1.931211238088874904e-01
1.925985539027552373e-01
1.920870298083095784e-01
1.915856028669627453e-01
1.910934027866783291e-01
1.906096310413536443e-01
1.901335550133719798e-01
1.896645029031569230e-01
1.892018582564613804e-01
1.887450559393905047e-01
1.882935778239534508e-01
1.878469496787841531e-01
1.874047374194652560e-01
1.869665442307329450e-01
1.865320075856124471e-01
1.861007966463344987e-01
1.856726097900559536e-01
1.852471726582370359e-01
1.848242359734544871e-01
1.844035736221787958e-01
1.839849810780603279e-01
1.835682736597386844e-01
1.831532852080912932e-01
1.827398665781890807e-01
1.823278844923214292e-01
1.819172201933215716e-01
1.815077685373565342e-01
1.810994367159717011e-01
1.806921436531468972e-01
1.802858188959300112e-01
1.798804018481356404e-01
1.794758410385890179e-01
1.790720932949235178e-01
1.786691232296070964e-01
1.782669025334984725e-01
1.778654093260670921e-01
1.774646277333322697e-01
1.770645473166170547e-01
1.766651626525951591e-01
1.762664728483160637e-01
1.758684812340045867e-01
1.754711948345285821e-01
1.750746241174745421e-01
1.746787826131417087e-01
1.742836865702881988e-01
1.738893547192345845e-01
1.734958080285027571e-01
1.731030693611180227e-01
1.727111632969548782e-01
1.723201158910870334e-01
1.719299544844800909e-01
1.715407074999151793e-01
1.711524042839051019e-01
1.707650749952514257e-01
1.703787503202577602e-01
1.699934614756730689e-01
1.696092399576164811e-01
1.692261174988810291e-01
1.688441259918469772e-01
1.684632972760002345e-01
1.680836631014427651e-01
1.677052550260541841e-01
1.673281043830330828e-01
1.669522421696402192e-01
1.665776989732253577e-01
1.662045048954101378e-01
1.658326895114866917e-01
1.654622818568398379e-01
1.650933103668626445e-01
