nan
8.791700595903189086e-01
7.644154118366893735e-01
6.799547089574602410e-01
6.168078811763190172e-01
5.682440770518640827e-01
5.298826213130665153e-01
4.988825637663529822e-01
4.733516976635059326e-01
4.519897908497083061e-01
4.338766805009477978e-01
4.183438086308592374e-01
4.048940499339406252e-01
3.931501695739804680e-01
3.828207579954906459e-01
3.736771248145983049e-01
3.655372730414941929e-01
3.582545444705667048e-01
3.517094242713295627e-01
3.458035298096534538e-01
3.404551309065761422e-01
3.355957616181084457e-01
3.311676315275569049e-01
3.271216200440943411e-01
3.234157066858062701e-01
3.200137323425601976e-01
3.168844106012259076e-01
3.140005331928171772e-01
3.113383277285929895e-01
3.088769299720128259e-01
3.065979545500776005e-01
3.044851359157240145e-01
3.025240332434936952e-01
3.007017809034367994e-01
2.990068806010818259e-01
2.974290250330063334e-01
2.959589469781488957e-01
2.945882932289491385e-01
2.933095134809045601e-01
2.921157682300966063e-01
2.910008455795309312e-01
2.899590927836110943e-01
2.889853544181604228e-01
2.880749192347652476e-01
2.872234737404046889e-01
2.864270614366107859e-01
2.856820467534048058e-01
2.849850838939939068e-01
2.843330882614834021e-01
2.837232118816712667e-01
2.831528213655711279e-01
2.826194788044238404e-01
2.821209233441998587e-01
2.816550563144919472e-01
2.812199265686264327e-01
2.808137181447833419e-01
2.804347389704560656e-01
2.800814105488068639e-01
2.797522589344744737e-01
2.794459062482608780e-01
2.791610631990087965e-01
2.788965221419026363e-01
2.786511509861898106e-01
2.784238872199434889e-01
2.782137330203110492e-01
2.780197504204667269e-01
2.778410570328341822e-01
2.776768221165322736e-01
2.775262628767590223e-01
2.773886412873261542e-01
2.772632609697788797e-01
2.771494643506550171e-01
2.770466301886859717e-01
2.769541710733412487e-01
2.768715312737581868e-01
2.767981846930104295e-01
2.767336331320915388e-01
2.766774045200309229e-01
2.766290512497240339e-01
2.765881485025730724e-01
2.765542930684647405e-01
2.765271020794237145e-01
2.765062118060523932e-01
2.764912765055843047e-01
2.764819673789832288e-01
2.764779716435174506e-01
2.764789916231196742e-01
2.764847439620410352e-01
2.764949588233540645e-01
2.765093790059580670e-01
2.765277594221234314e-01
2.765498662875695013e-01
2.765754767109818157e-01
2.766043779723483254e-01
2.766363670925286455e-01
2.766712503206228413e-01
2.767088426387008804e-01
2.767489673618194201e-01
2.767914556354670319e-01
2.768361461505324250e-01
2.768828846582528924e-01
2.769315237722382861e-01
2.769819225360156123e-01
2.770339461691709859e-01
2.770874657605970071e-01
2.771423579414744598e-01
2.771985046780317541e-01
2.772557929637799456e-01
2.773141146917197375e-01
2.773733663249542403e-01
2.774334487695676588e-01
2.774942671833947050e-01
2.775557307200228196e-01
2.776177524645851991e-01
2.776802491617558766e-01
2.777431410755854535e-01
2.778063518667818754e-01
2.778698084527504997e-01
2.779334408354754982e-01
2.779971819838042424e-01
2.780609677136776092e-01
2.781247365421868900e-01
