nan
9.313433300279416738e-01
8.302677646065688144e-01
7.491625141440101388e-01
6.858188340462522126e-01
6.357514080091625219e-01
5.954387300240192582e-01
5.623921933348549063e-01
5.348678419090423519e-01
5.116255849252604460e-01
4.917656743267947994e-01
4.746217672828978995e-01
4.596907891598594476e-01
4.465862039619424295e-01
4.350062872250367030e-01
4.247121440569300854e-01
4.155121911376360444e-01
4.072510075553920639e-01
3.998011858083331260e-01
3.930572888444697766e-01
3.869313129269884022e-01
3.813492187856660776e-01
3.762482676775253942e-01
3.715749428314895075e-01
3.672833147794676845e-01
3.633337386644842626e-01
3.596918185402629420e-01
3.563275636056290052e-01
3.532147059441220205e-01
3.503301406154873399e-01
3.476534637492851298e-01
3.451665886501322777e-01
3.428534271228566577e-01
3.406996204124655425e-01
3.386923156241671284e-01
3.368199713251177063e-01
3.350721967119203448e-01
3.334396118060418135e-01
3.319137268003804486e-01
3.304868409280873331e-01
3.291519520972760460e-01
3.279026804739677559e-01
3.267332011767577482e-01
3.256381852823457823e-01
3.246127489959784174e-01
3.236524079443219293e-01
3.227530373635735805e-01
3.219108380556088278e-01
3.211223042415777273e-01
3.203841962778672392e-01
3.196935157068948041e-01
3.190474844989171777e-01
3.184435244135153664e-01
3.178792396336805326e-01
3.173524018956107029e-01
3.168609349216996440e-01
3.164029026785826204e-01
3.159764981121613858e-01
3.155800324373097543e-01
3.152119254393059289e-01
3.148706976161926852e-01
3.145549621824985653e-01
3.142634178459862704e-01
3.139948424199288657e-01
3.137480870518885023e-01
3.135220712004685439e-01
3.133157776078676071e-01
3.131282473114708753e-01
3.129585761017682488e-01
3.128059107896907776e-01
3.126694457287893525e-01
3.125484191538394629e-01
3.124421106322577413e-01
3.123498385123371079e-01
3.122709573457697618e-01
3.122048553487620226e-01
3.121509524742527297e-01
3.121086984416278631e-01
3.120775706199049870e-01
3.120570727884120488e-01
3.120467332407945160e-01
3.120461033656828365e-01
3.120547565332684181e-01
3.120722865401958090e-01
3.120983066089534907e-01
3.121324482101700548e-01
3.121743599722637263e-01
3.122237068734345922e-01
3.122801691635908039e-01
3.123434416266943070e-01
3.124132327800370201e-01
3.124892640924389342e-01
3.125712694256341240e-01
3.126589942833827851e-01
3.127521951829127511e-01
3.128506391773796524e-01
3.129541034198556892e-01
3.130623744598858282e-01
3.131752478228763681e-01
3.132925274659499881e-01
3.134140255542084419e-01
3.135395619247811072e-01
3.136689637594411439e-01
3.138020652979173764e-01
3.139387074246421938e-01
3.140787373711168007e-01
3.142220084862597518e-01
3.143683798716894184e-01
3.145177162025403761e-01
3.146698873590034751e-01
3.148247682841520678e-01
3.149822386865638868e-01
3.151421829521136031e-01
3.153044897819512471e-01
3.154690520698542611e-01
3.156357667107503873e-01
3.158045344059378645e-01
3.159752595182601653e-01
3.161478499837619971e-01
3.163222171121571891e-01
3.164982754879087090e-01
3.166759427736308141e-01
