nan
1.076290764388478274e+05
1.121812514118234685e+05
1.182310723677494098e+05
1.238351302889090148e+05
1.290088741313660139e+05
1.338836752167638624e+05
1.385539869285171444e+05
1.430801993547857564e+05
1.475009407257392595e+05
1.518415243052420847e+05
1.561190164670532104e+05
1.603452459259783209e+05
1.645286210892520903e+05
1.686752610304755508e+05
1.727897086953193939e+05
1.768754017094371666e+05
1.809349835445896315e+05
1.849705145107386052e+05
1.889836230302456825e+05
1.929756137759191042e+05
1.969475421640156128e+05
2.009002708616839664e+05
2.048345122429985786e+05
2.087508594762767025e+05
2.126498097152711998e+05
2.165317836373593309e+05
2.203971397709164594e+05
2.242461865301168291e+05
2.280791893224966479e+05
2.318963793226066045e+05
2.356979573418450600e+05
2.394840990448827797e+05
2.432549595096357225e+05
2.470106771221579693e+05
2.507513758945090813e+05
2.544771667697208759e+05
2.581881502188492741e+05
2.618844164587794221e+05
2.655660479824210634e+05
2.692331195594444289e+05
2.728857000364779378e+05
2.765238527094877791e+05
2.801476358252324280e+05
2.837571038024015725e+05
2.873523076412167866e+05
2.909332947845444432e+05
2.945001099136000848e+05
2.980527951794092078e+05
3.015913905300514307e+05
3.051159340331054991e+05
3.086264625797434128e+05
3.121230114530264982e+05
3.156056150412989664e+05
3.190743052673090715e+05
3.225291129407208064e+05
3.259700681068732520e+05
3.293971994360531680e+05
3.328105351032503531e+05
3.362101028518311214e+05
3.395959302472696290e+05
3.429680443285309593e+05
3.463264715820512502e+05
3.496712378898489987e+05
3.530023689401989104e+05
3.563198901197779924e+05
3.596238264652386424e+05
3.629142026244368171e+05
3.661910429728606832e+05
3.694543719387645251e+05
3.727042137141706189e+05
3.759405924499015673e+05
3.791635322578816558e+05
3.823730570277392981e+05
3.855691904007984558e+05
3.887519559660072555e+05
3.919213776277135476e+05
3.950774794297274202e+05
3.982202862510213745e+05
4.013498214720318792e+05
4.044661082570202416e+05
4.075691700093280524e+05
4.106590304606464342e+05
4.137357134708743542e+05
4.167992430080762715e+05
4.198496431518517784e+05
4.228869380732672871e+05
4.259111523862786707e+05
4.289223109410582692e+05
4.319204385993335745e+05
4.349055601816637791e+05
4.378777004106029053e+05
4.408368842427155469e+05
4.437831367003382766e+05
4.467164829605055274e+05
4.496369483934085583e+05
4.525445585396502865e+05
4.554393390162240830e+05
4.583213154539116658e+05
4.611905136634717928e+05
4.640469594831785653e+05
4.668906790045513189e+05
4.697216986023370991e+05
4.725400448233471834e+05
4.753457442975688609e+05
4.781388236379305017e+05
4.809193095076390309e+05
4.836872285967809148e+05
4.864426077416141052e+05
4.891854738226037007e+05
4.919158538571344106e+05
4.946337751336226938e+05
4.973392651295129326e+05
5.000323516096648527e+05
5.027130624651361140e+05
5.053814256878996384e+05
5.080374694722911809e+05
5.106812222326352494e+05
5.133127125332009164e+05
5.159319690449045738e+05
5.185390204988979967e+05
5.211338957456932403e+05
