nan
1.007092967186114838e+05
1.112282168537246471e+05
1.185815600166009826e+05
1.244342975732673804e+05
1.295419154780579556e+05
1.342282032805746130e+05
1.386480398101762694e+05
1.428830776447376993e+05
1.469798513536686951e+05
1.509665919116993900e+05
1.548613249043381365e+05
1.586760596559294790e+05
1.624190940697459446e+05
1.660963486309960426e+05
1.697121663536069973e+05
1.732698162319867988e+05
1.767718176987273910e+05
1.802201549680041207e+05
1.836164236333467416e+05
1.869619329941516335e+05
1.902577783818716998e+05
1.935048925105102244e+05
1.967040839979239099e+05
1.998560657821843633e+05
2.029614773769036983e+05
2.060208998107733205e+05
2.090348687705234042e+05
2.120038842310199107e+05
2.149284180951809103e+05
2.178089206457757100e+05
2.206458243982839922e+05
2.234395471661044285e+05
2.261904964519217319e+05
2.288990716975193063e+05
2.315656664942429052e+05
2.341906701972988958e+05
2.367744689125992882e+05
2.393174462408673717e+05
2.418199843270526908e+05
2.442824647747633571e+05
2.467052690612528531e+05
2.490887790932722855e+05
2.514333773326515220e+05
2.537394471548577421e+05
2.560073729646436987e+05
2.582375402928971744e+05
2.604303359548687004e+05
2.625861482365366537e+05
2.647053667898153653e+05
2.667883826345472480e+05
2.688355881458286894e+05
2.708473772351389634e+05
2.728241452637828188e+05
2.747662887174144853e+05
2.766742049967909115e+05
2.785482923429123475e+05
2.803889499376115273e+05
2.821965775750293396e+05
2.839715756964270840e+05
2.857143454384474317e+05
2.874252879973670351e+05
2.891048047790537821e+05
2.907532970316288411e+05
2.923711662689623190e+05
2.939588137400773703e+05
2.955166404248968465e+05
2.970450467827519169e+05
2.985444325179736479e+05
3.000151964690046734e+05
3.014577367392433225e+05
3.028724503379593370e+05
3.042597329374405672e+05
3.056199789469398092e+05
3.069535812560525374e+05
3.082609311609549331e+05
3.095424182577373576e+05
3.107984304192471318e+05
3.120293533392892568e+05
3.132355707536995178e+05
3.144174640982673736e+05
3.155754127439491567e+05
3.167097936628832249e+05
3.178209813934479607e+05
3.189093479654373950e+05
3.199752626570760622e+05
3.210190920506234979e+05
3.220411998289437033e+05
3.230419465530444286e+05
3.240216897584315157e+05
3.249807839625417255e+05
3.259195805688874098e+05
3.268384277202164521e+05
3.277376703983578482e+05
3.286176501971966936e+05
3.294787053046323708e+05
3.303211704952015425e+05
3.311453769797664718e+05
3.319516524353309651e+05
3.327403209594418877e+05
3.335117029649264296e+05
3.342661152411052026e+05
3.350038708057649201e+05
3.357252789423404029e+05
3.364306451157872216e+05
3.371202710858093924e+05
3.377944548109423486e+05
3.384534903854416916e+05
3.390976681656454457e+05
3.397272746185224387e+05
3.403425924519108376e+05
3.409439005368696526e+05
3.415314738828486879e+05
3.421055836337914807e+05
3.426664970530797727e+05
3.432144776033891831e+05
3.437497848692837288e+05
3.442726745769052650e+05
3.447833985728686093e+05
3.452822048456356279e+05
3.457693375653101248e+05
3.462450371363524464e+05
