nan
1.111147143598213734e+05
1.135785538718047173e+05
1.187222019571422570e+05
1.239897052967848722e+05
1.290413296515850961e+05
1.338871831303116051e+05
1.385756179078242858e+05
1.431474048158647784e+05
1.476320415029111900e+05
1.520502857332194108e+05
1.564168041338666517e+05
1.607421073120243964e+05
1.650338547745433170e+05
1.692977290851857688e+05
1.735380163137719501e+05
1.777579999182081956e+05
1.819602308103840624e+05
1.861467142740585841e+05
1.903190448352838284e+05
1.944785081072708708e+05
1.986261492886882916e+05
2.027628248598603823e+05
2.068892445084941864e+05
2.110060008232715772e+05
2.151135892080457415e+05
2.192124305020843167e+05
2.233028829143894545e+05
2.273852534751089988e+05
2.314598065108623996e+05
2.355267715557886404e+05
2.395863465695499908e+05
2.436387032443695934e+05
2.476839923574793211e+05
2.517223482357723988e+05
2.557538892575651989e+05
2.597787214644633350e+05
2.637969396527697099e+05
2.678086273052557372e+05
2.718138593277692562e+05
2.758127029593354091e+05
2.798052187318141805e+05
2.837914613107049954e+05
2.877714803585110931e+05
2.917453213232652633e+05
2.957130251328882878e+05
2.996746285870900028e+05
3.036301665107785375e+05
3.075796708055851050e+05
3.115231707525009406e+05
3.154606931153215119e+05
3.193922631854257779e+05
3.233179046537404065e+05
3.272376390764256357e+05
3.311514862138052704e+05
3.350594633884959621e+05
3.389615870136571466e+05
3.428578726714519435e+05
3.467483352488845121e+05
3.506329887548094848e+05
3.545118466031962889e+05
3.583849214429276180e+05
3.622522251941759023e+05
3.661137689438245725e+05
3.699695630906604347e+05
3.738196176326390705e+05
3.776639419694982935e+05
3.815025448713520891e+05
3.853354347350807511e+05
3.891626195104678627e+05
3.929841069038191345e+05
3.967999039242547005e+05
4.006100172171202139e+05
4.044144533876066562e+05
4.082132192335200380e+05
4.120063210086179897e+05
4.157937644251503516e+05
4.195755547416445916e+05
4.233516976967281662e+05
4.271221982761651743e+05
4.308870610907987575e+05
4.346462905736909015e+05
4.383998912951331004e+05
4.421478679212814895e+05
4.458902252855020924e+05
4.496269680501554976e+05
4.533581007240701583e+05
4.570836277248201659e+05
4.608035531718592974e+05
4.645178811372420168e+05
4.682266157441746327e+05
4.719297604780393885e+05
4.756273186424935120e+05
4.793192936569335288e+05
4.830056888937201584e+05
4.866865078074897756e+05
4.903617543741230038e+05
4.940314320503596100e+05
4.976955441239152569e+05
5.013540936396023026e+05
5.050070836453817319e+05
5.086545170045506675e+05
5.122963964791987091e+05
5.159327249679305241e+05
5.195635052987756790e+05
5.231887403977470822e+05
5.268084332093072589e+05
5.304225867538854945e+05
5.340312042962058913e+05
5.376342890249580378e+05
5.412318440234643640e+05
5.448238722710264847e+05
5.484103768467087066e+05
5.519913607444305671e+05
5.555668268033639761e+05
5.591367777114290511e+05
5.627012160654522013e+05
5.662601443726317957e+05
5.698135651435339823e+05
5.733614808654586086e+05
5.769038940962100169e+05
5.804408074341459433e+05
