0.000000000000000000e+00
1.104845773128557503e+08
2.261364674759447277e+08
3.369937163555276394e+08
4.445846769123396873e+08
5.502275074596629143e+08
6.545776708839882612e+08
7.579755420380702019e+08
8.606116836670467854e+08
9.626001723779281378e+08
1.064013236279907584e+09
1.164898813103697300e+09
1.265290033899392128e+09
1.365210609042583227e+09
1.464678055455112934e+09
1.563705684969245434e+09
1.662303878199958324e+09
1.760480931861794949e+09
1.858243620476151943e+09
1.955597586269671679e+09
2.052547639668098688e+09
2.149097934514801979e+09
2.245252125843617439e+09
2.341013477694819927e+09
2.436384948201767921e+09
2.531369237120857239e+09
2.625968852260117531e+09
2.720186133210242271e+09
2.814023285441853523e+09
2.907482404027099609e+09
3.000565491281486511e+09
3.093274467547183514e+09
3.185611187276702881e+09
3.277577443692190170e+09
3.369174988942873001e+09
3.460405526049922943e+09
3.551270724909988403e+09
3.641772224138860703e+09
3.731911628351766586e+09
3.821690521092474461e+09
3.911110459789091110e+09
4.000172982417116642e+09
4.088879608842142582e+09
4.177231840519627094e+09
4.265231165395434380e+09
4.352879055579483986e+09
4.440176967937704086e+09
4.527126351984386444e+09
4.613728643981264114e+09
4.699985269509229660e+09
4.785897641183417320e+09
4.871467167163063049e+09
4.956695244075300217e+09
5.041583258196139336e+09
5.126132592146071434e+09
5.210344614426681519e+09
5.294220686691798210e+09
5.377762165823202133e+09
5.460970401588565826e+09
5.543846734243404388e+09
5.626392499920955658e+09
5.708609028757134438e+09
5.790497643385432243e+09
5.872059659086480141e+09
5.953296384441383362e+09
6.034209124122091293e+09
6.114799177781568527e+09
6.195067835470920563e+09
6.275016382513615608e+09
6.354646099910354614e+09
6.433958264297246933e+09
6.512954143490300179e+09
6.591634999907777786e+09
6.670002092160711288e+09
6.748056674355591774e+09
6.825799993823556900e+09
6.903233293128246307e+09
6.980357810181038857e+09
7.057174775265203476e+09
7.133685415785165787e+09
7.209890953019939423e+09
7.285792602514628410e+09
7.361391576827806473e+09
7.436689082459287643e+09
7.511686321853931427e+09
7.586384492595640182e+09
7.660784786715394974e+09
7.734888392470237732e+09
7.808696492242599487e+09
7.882210263740044594e+09
7.955430879816517830e+09
8.028359507922620773e+09
8.100997311694379807e+09
8.173345449715689659e+09
8.245405075268716812e+09
8.317177337431819916e+09
8.388663382343492508e+09
8.459864350823726654e+09
8.530781379001534462e+09
8.601415597088977814e+09
8.671768131829044342e+09
8.741840104773899078e+09
8.811632632839508057e+09
8.881146829183633804e+09
8.950383802181188583e+09
9.019344655617404938e+09
9.088030489628444672e+09
9.156442399599613190e+09
9.224581477333900452e+09
9.292448809471351624e+09
9.360045478826925278e+09
9.427372563367057800e+09
9.494431138024682999e+09
9.561222272437110901e+09
9.627747031975683212e+09
9.694006477582094193e+09
9.760001665464359283e+09
9.825733647406705856e+09
9.891203471724191666e+09
9.956412182559242249e+09
1.002136082054546547e+10
1.008605042189705276e+10
