0.000000000000000000e+00
1.276585751910618097e+08
3.277290901145287752e+08
5.503079803053457737e+08
7.799064011917088032e+08
1.010120989226398349e+09
1.237844538166420937e+09
1.461428960791167974e+09
1.679961591040847778e+09
1.892935405778425694e+09
2.100082193439910173e+09
2.301281246613197327e+09
2.496506229889397144e+09
2.685792710386949539e+09
2.869217510304798603e+09
3.046885139266507626e+09
3.218918634713089466e+09
3.385453237085420132e+09
3.546631940782201767e+09
3.702602316808494091e+09
3.853514217011683941e+09
3.999518099629526138e+09
4.140763801579344273e+09
4.277399635305688858e+09
4.409571725419425964e+09
4.537423523899860382e+09
4.661095459927206039e+09
4.780724691708806992e+09
4.896444936630621910e+09
5.008386361277547836e+09
5.116675517852320671e+09
5.221435316810399055e+09
5.322785027039690018e+09
5.420840297919067383e+09
5.515713198028720856e+09
5.607512266849902153e+09
5.696342576339325905e+09
5.782305799937191963e+09
5.865500287245296478e+09
5.946021142633630753e+09
6.023960306762737274e+09
6.099406639830814362e+09
6.172446005903133392e+09
6.243161357581501007e+09
6.311632820644720078e+09
6.377937778049366951e+09
6.442150953111287117e+09
6.504344491600238800e+09
6.564588042434095383e+09
6.622948836934772491e+09
6.679491766427440643e+09
6.734279458148594856e+09
6.787372349392899513e+09
6.838828759823271751e+09
6.888704961862998009e+09
6.937055249277235985e+09
6.983932003860885620e+09
7.029385760201763153e+09
7.073465268647304535e+09
7.116217556340801239e+09
7.157687986517213821e+09
7.197920315886146545e+09
7.236956750353642464e+09
7.274837998910766602e+09
7.311603325918013573e+09
7.347290601622272491e+09
7.381936351143187523e+09
7.415575801809180260e+09
7.448242928958503723e+09
7.479970500223176956e+09
7.510790118371807098e+09
7.540732262693180084e+09
7.569826328981508255e+09
7.598100668235132217e+09
7.625582623940727234e+09
7.652298568203009605e+09
7.678273936535936356e+09
7.703533261499210358e+09
7.728100205176631927e+09
7.751997590541136742e+09
7.775247431654785156e+09
7.797870962931079865e+09
7.819888667253692627e+09
7.841320303172513008e+09
7.862184931144371033e+09
7.882500938797031403e+09
7.902286065340038300e+09
7.921557425093090057e+09
7.940331530160765648e+09
7.958624312326633453e+09
7.976451144112155914e+09
7.993826859135667801e+09
8.010765771702198982e+09
8.027281695693904877e+09
8.043387962765487671e+09
8.059097439915882111e+09
8.074422546377247810e+09
8.089375269915628433e+09
8.103967182521884918e+09
8.118209455551128387e+09
8.132112874290778160e+09
8.145687851993257523e+09
8.158944443411643982e+09
8.171892357813014984e+09
8.184540971542039871e+09
8.196899340080214500e+09
8.208976209724791527e+09
8.220780028771270752e+09
8.232318958325061798e+09
8.243600882686588287e+09
8.254633419361846924e+09
8.265423928736273766e+09
8.275979523328047752e+09
8.286307076736343384e+09
8.296413232254472733e+09
8.306304411159927368e+09
8.315986820701041222e+09
8.325466461781532288e+09
8.334749136354959488e+09
8.343840454548619270e+09
8.352745841537650108e+09
8.361470544145868301e+09
