0.000000000000000000e+00
7.585503161571102217e+06
3.838264812866604328e+07
8.453065655988715589e+07
1.396801321574891210e+08
2.004195948668102026e+08
2.648167738307458162e+08
3.316960144571044445e+08
4.002981697023460269e+08
4.701092961359141469e+08
5.407680496480835676e+08
6.120124797226703167e+08
6.836478597000751495e+08
7.555263855416845083e+08
8.275338925715979338e+08
8.995808908319468498e+08
9.715963514325037003e+08
1.043523298579023361e+09
1.115315617489016294e+09
1.186935700939725399e+09
1.258352686606130123e+09
1.329541116093693733e+09
1.400479902995674849e+09
1.471151528552620888e+09
1.541541408347420692e+09
1.611637388257472754e+09
1.681429340360589027e+09
1.750908835809619665e+09
1.820068878154597282e+09
1.888903684587230682e+09
1.957408505030902147e+09
2.025579471825367928e+09
2.093413474237972736e+09
2.160908052753801823e+09
2.228061310194783688e+09
2.294871835992509365e+09
2.361338641995665073e+09
2.427461107435973644e+09
2.493238931695855141e+09
2.558672093771806717e+09
2.623760817081436634e+09
2.688505539122998238e+09
2.752906885018780231e+09
2.816965644469182491e+09
2.880682751693101883e+09
2.944059267750778198e+09
3.007096365104027748e+09
3.069795314033461571e+09
3.132157470680631161e+09
3.194184266419699669e+09
3.255877198460155487e+09
3.317237821660621643e+09
3.378267741108252048e+09
3.438968605530857086e+09
3.499342101593142986e+09
3.559389948635200024e+09
3.619113894001513958e+09
3.678515708986313820e+09
3.737597185116058350e+09
3.796360130802132607e+09
3.854806368408329964e+09
3.912937731601764202e+09
3.970756062945997238e+09
4.028263211751199722e+09
4.085461032169975281e+09
4.142351381470567703e+09
4.198936118478986740e+09
4.255217102174243450e+09
4.311196190426885605e+09
4.366875238881739616e+09
4.422256099957262993e+09
4.477340621920958519e+09
4.532130648019129753e+09
4.586628015797362328e+09
4.640834556431059837e+09
4.694752094112293243e+09
4.748382445526291847e+09
4.801727419388583183e+09
4.854788815960364342e+09
4.907568426741861343e+09
4.960068034107707977e+09
5.012289410969421387e+09
5.064234320574752808e+09
5.115904516207707405e+09
5.167301741025680542e+09
5.218427727858094215e+09
5.269284199037261009e+09
5.319872866320878029e+09
5.370195430697942734e+09
5.420253582338225365e+09
5.470049000494905472e+09
5.519583353422346115e+09
5.568858298364418030e+09
5.617875481476919174e+09
5.666636537806096077e+09
5.715143091264657974e+09
5.763396754631210327e+09
5.811399129546310425e+09
5.859151806509949684e+09
5.906656364891927719e+09
5.953914372959806442e+09
6.000927387906607628e+09
6.047696955867862701e+09
6.094224611971759796e+09
6.140511880369972229e+09
6.186560274266160011e+09
6.232371295993028641e+09
6.277946437049037933e+09
6.323287178158585548e+09
6.368394989305696487e+09
6.413271329826113701e+09
6.457917648425412178e+09
6.502335383299064636e+09
6.546525962134498596e+09
6.590490802229961395e+09
6.634231310531489372e+09
6.677748883701210022e+09
6.721044908210070610e+09
6.764120760386665344e+09
6.806977806489611626e+09
6.849617402800731659e+09
6.892040895680426598e+09
