0.000000000000000000e+00
1.373967134351240396e+08
2.397969151929147542e+08
3.138844817004042268e+08
3.727445339317546487e+08
4.226146950668092370e+08
4.666772852119538188e+08
5.067346907924504280e+08
5.438928375501383543e+08
5.788725073024706841e+08
6.121658365336818695e+08
6.441214335373156071e+08
6.749936803710378408e+08
7.049727812944711447e+08
7.342038886546306610e+08
7.627996840402468443e+08
7.908489387915811539e+08
8.184224715729529858e+08
8.455773901162298918e+08
8.723601873326765299e+08
8.988090326980658770e+08
9.249554813851406574e+08
9.508257920503867865e+08
9.764419376157124043e+08
1.001822391815213919e+09
1.026982755943277955e+09
1.051936253094823241e+09
1.076694126350035191e+09
1.101265968692925215e+09
1.125659974333884954e+09
1.149883166725757837e+09
1.173941565868066549e+09
1.197840345986324072e+09
1.221583952726374626e+09
1.245176212207273006e+09
1.268620419394544125e+09
1.291919405424509048e+09
1.315075610626631737e+09
1.338091127446358204e+09
1.360967758506580830e+09
1.383707042730032682e+09
1.406310301006483555e+09
1.428778660457907677e+09
1.451113080259430647e+09
1.473314374473445415e+09
1.495383231633672476e+09
1.517320230189588547e+09
1.539125856840516090e+09
1.560800515007695198e+09
1.582344537695686102e+09
1.603758197315099955e+09
1.625041718530750751e+09
1.646195278706882238e+09
1.667219020936316013e+09
1.688113054950813055e+09
1.708877464441581726e+09
1.729512312054353476e+09
1.750017642655575275e+09
1.770393488695264339e+09
1.790639872207024574e+09
1.810756808344686508e+09
1.830744307153558731e+09
1.850602377062564850e+09
1.870331024044762373e+09
1.889930255886947155e+09
1.909400082631253481e+09
1.928740518234275818e+09
1.947951581872196436e+09
1.967033298118696213e+09
1.985985699186369181e+09
2.004808825008195877e+09
2.023502723474609137e+09
2.042067452087224483e+09
2.060503077200410843e+09
2.078809674848732233e+09
2.096987330892103434e+09
2.115036142733904362e+09
2.132956219223783731e+09
2.150747680251582623e+09
2.168410654867612839e+09
2.185945283535851002e+09
2.203351718401053905e+09
2.220630123242236137e+09
2.237780673043455124e+09
2.254803553890560627e+09
2.271698963345221519e+09
2.288467110291580200e+09
2.305108215486274242e+09
2.321622511309457779e+09
2.338010239926380634e+09
2.354271655091018200e+09
2.370407020031147480e+09
2.386416609599476337e+09
2.402300708262207985e+09
2.418059611136293888e+09
2.433693623657930851e+09
2.449203061091926098e+09
2.464588248848282814e+09
2.479849521215465546e+09
2.494987222471431732e+09
2.510001705221244812e+09
2.524893332074275970e+09
2.539662474114965439e+09
2.554309511402698040e+09
2.568834832575575352e+09
2.583238833988594532e+09
2.597521920183808327e+09
2.611684502878317833e+09
2.625727002131323338e+09
2.639649844712949276e+09
2.653453464971569538e+09
2.667138304730257034e+09
2.680704812172703743e+09
2.694153443170615196e+09
2.707484659709748745e+09
2.720698929961923122e+09
2.733796728487567425e+09
2.746778536116301537e+09
2.759644839286884785e+09
2.772396130033063889e+09
2.785032905871920586e+09
2.797555669224701881e+09
