0.000000000000000000e+00
1.028990741512846500e+08
1.877538193472786844e+08
2.524630597956404984e+08
3.049045447548505664e+08
3.498079125928526521e+08
3.897608970532424450e+08
4.262795275809658170e+08
4.603135139647007585e+08
4.924908762420139909e+08
5.232451866318240166e+08
5.528863333810269833e+08
5.816421741993168592e+08
6.096842235008987188e+08
6.371441628835151196e+08
6.641247941372987032e+08
6.907075267674547434e+08
7.169576332827714682e+08
7.429280029871356487e+08
7.686618853299462795e+08
7.941949530619685650e+08
8.195568184211082458e+08
8.447722228479423523e+08
8.698619491421991587e+08
8.948435398543469906e+08
9.197318488633844852e+08
9.445395118995287418e+08
9.692772974006226063e+08
9.939544072872563601e+08
1.018578719439869046e+09
1.043156986250584245e+09
1.067694995721815586e+09
1.092197713038729906e+09
1.116669390938388348e+09
1.141113678748089314e+09
1.165533690057413816e+09
1.189932082914323568e+09
1.214311116702887297e+09
1.238672696655911207e+09
1.263018427320667744e+09
1.287349642707654238e+09
1.311667443294118404e+09
1.335972723823362350e+09
1.360266196050444603e+09
1.384548413702332735e+09
1.408819787828706026e+09
1.433080602833676577e+09
1.457331037950925112e+09
1.481571173300633430e+09
1.505801003089529753e+09
1.530020442723261595e+09
1.554229345502441406e+09
1.578427502967048407e+09
1.602614652665282488e+09
1.626790490552928686e+09
1.650954665791481018e+09
1.675106792690284014e+09
1.699246456836888075e+09
1.723373216472507954e+09
1.747486603441271782e+09
1.771586131512625694e+09
1.795671297155370235e+09
1.819741580439434767e+09
1.843796447335280657e+09
1.867835352271408081e+09
1.891857742651523113e+09
1.915863059302581787e+09
1.939850733296676874e+09
1.963820192086730003e+09
1.987770861028614759e+09
2.011702164339983702e+09
2.035613521569341660e+09
2.059504351888648272e+09
2.083374076363348961e+09
2.107222117924531937e+09
2.131047899711264133e+09
2.154850847601954460e+09
2.178630390792455673e+09
2.202385959304838657e+09
2.226116989043304920e+09
2.249822918912230968e+09
2.273503191545207024e+09
2.297157256253054142e+09
2.320784566251580715e+09
2.344384580828250408e+09
2.367956764737545967e+09
2.391500587678133488e+09
2.415015526149359226e+09
2.438501061544657230e+09
2.461956681401819229e+09
2.485381879321612358e+09
2.508776154500275135e+09
2.532139013329961777e+09
2.555469968238770485e+09
2.578768537462621212e+09
2.602034246167161465e+09
2.625266627712281704e+09
2.648465221277416229e+09
2.671629572491584778e+09
2.694759232197049141e+09
2.717853758869238377e+09
2.740912716867290974e+09
2.763935676971644402e+09
2.786922217211874485e+09
2.809871921811216831e+09
2.832784381351244926e+09
2.855659193635416508e+09
2.878495962550574780e+09
2.901294299175314426e+09
2.924053820165656090e+09
2.946774149000812054e+09
2.969454914941646099e+09
2.992095754725618839e+09
3.014696310302611828e+09
3.037256229745721817e+09
3.059775167050604820e+09
3.082252781763150215e+09
3.104688739196634769e+09
3.127082711337525845e+09
3.149434376069631577e+09
3.171743417744733810e+09
3.194009526216626167e+09
