0.000000000000000000e+00
4.126306715165539980e+08
7.644313711876715422e+08
1.086084684716209888e+09
1.391002330886022091e+09
1.683224545213536024e+09
1.964482895089469433e+09
2.235732269100499630e+09
2.497605702699320793e+09
2.750581126343027592e+09
2.995052207200820923e+09
3.231361945692287922e+09
3.459820027227274418e+09
3.680712451419701576e+09
3.894307221400699615e+09
4.100857850716446400e+09
4.300605680606533051e+09
4.493781450793087959e+09
4.680606427618942261e+09
4.861293235060462952e+09
5.036046510985969543e+09
5.205063422561613083e+09
5.368534095835807800e+09
5.526641983481900215e+09
5.679564180097755432e+09
5.827471711704134941e+09
5.970529784285637856e+09
6.108898022034183502e+09
6.242730682441511154e+09
6.372176858919298172e+09
6.497380670945406914e+09
6.618481443430253983e+09
6.735613872450211525e+09
6.848908193561895370e+09
6.958490333030849457e+09
7.064482057238800049e+09
7.167001116431779861e+09
7.266161378205978394e+09
7.362072958373773575e+09
7.454842348003583908e+09
7.544572535986113548e+09
7.631363124099742889e+09
7.715310441497258186e+09
7.796507652585395813e+09
7.875044862222121239e+09
7.951009217191210747e+09
8.024485003383232117e+09
8.095553741143469810e+09
8.164294276705509186e+09
8.230782870219488144e+09
8.295093280794004440e+09
8.357296848761537552e+09
8.417462576130173683e+09
8.475657204097467422e+09
8.531945285905904770e+09
8.586389258772893906e+09
8.639049513008079529e+09
8.689984461021772385e+09
8.739250601348217010e+09
8.786902581768651962e+09
8.832993262865541458e+09
8.877573769974058151e+09
8.920693554273073196e+09
8.962400444495887756e+09
9.002740706356012344e+09
9.041759089623165131e+09
9.079498880102821350e+09
9.116001945939653397e+09
9.151308784021505356e+09
9.185458563901115417e+09
9.218489174044031143e+09
9.250437262076921463e+09
9.281338274862451553e+09
9.311226499572515488e+09
9.340135099995662689e+09
9.368096155167165756e+09
9.395140693315776825e+09
9.421298727688932419e+09
9.446599287914192200e+09
9.471070454374792099e+09
9.494739386273948669e+09
9.517632355803823471e+09
9.539774774569732666e+09
9.561191222405721664e+09
9.581905475027124405e+09
9.601940529022445679e+09
9.621318629117071152e+09
9.640061291818683624e+09
9.658189328406427383e+09
9.675722869394643784e+09
9.692681386010263443e+09
9.709083712393291473e+09
9.724948065913894653e+09
9.740292068568702698e+09
9.755132764768953323e+09
9.769486641496585846e+09
9.783369645993810654e+09
9.796797203043546677e+09
9.809784232677011490e+09
9.822345167041925430e+09
9.834493965297098160e+09
9.846244129747816086e+09
9.857608720544937134e+09
9.868600370305093765e+09
9.879231297947210312e+09
9.889513322408065796e+09
9.899457876400688171e+09
9.909076017453420639e+09
9.918378441887151718e+09
9.927375495201597214e+09
9.936077184456661224e+09
9.944493189799915314e+09
9.952632873831157684e+09
9.960505292669549942e+09
9.968119205791913986e+09
9.975483086294612885e+09
9.982605129818370819e+09
9.989493263528675079e+09
9.996155154699489594e+09
1.000259821936946487e+10
1.000882963099911690e+10
1.001485632822027588e+10
