0.000000000000000000e+00
1.888330535799662024e+07
7.390282382300305367e+07
1.477410906581830680e+08
2.315676762509211302e+08
3.211056746366427541e+08
4.140409464135941267e+08
5.090047388777652979e+08
6.051319578289169073e+08
7.018478076724140644e+08
7.987554322168855667e+08
8.955725221241135597e+08
9.920935007845375538e+08
1.088165911888297319e+09
1.183675101238804102e+09
1.278533952367691278e+09
1.372675815363400459e+09
1.466049516863169909e+09
1.558615764127772331e+09
1.650344505163853645e+09
1.741212958759912491e+09
1.831204122435168505e+09
1.920305627601256371e+09
2.008508850669369698e+09
2.095808215187030554e+09
2.182200638861603260e+09
2.267685091164368629e+09
2.352262236882869244e+09
2.435934146459444046e+09
2.518704059055984497e+09
2.600576187816164494e+09
2.681555558277238846e+09
2.761647874317197323e+09
2.840859405793863297e+09
2.919196894204673290e+09
2.996667473250642776e+09
3.073278601310842514e+09
3.149038004385818481e+09
3.223953627141775608e+09
3.298033591377964020e+09
3.371286160036671162e+09
3.443719706695244789e+09
3.515342688994534492e+09
3.586163625793737888e+09
3.656191077455741405e+09
3.725433628803294659e+09
3.793899874234088898e+09
3.861598404970413208e+09
3.928537797852763653e+09
3.994726605696042061e+09
4.060173348839370728e+09
4.124886507949703217e+09
4.188874517582037449e+09
4.252145760765750885e+09
4.314708564230788231e+09
4.376571194304178238e+09
4.437741853402510643e+09
4.498228676964476585e+09
4.558039730891134262e+09
4.617183009321298599e+09
4.675666432756925583e+09
4.733497846508276939e+09
4.790685019429409981e+09
4.847235642809784889e+09
4.903157329580921173e+09
4.958457613606326103e+09
5.013143949209081650e+09
5.067223710845256805e+09
5.120704192845162392e+09
5.173592609318466187e+09
5.225896094193904877e+09
5.277621701266956329e+09
5.328776404401660919e+09
5.379367097763524055e+09
5.429400596120940208e+09
5.478883635233692169e+09
5.527822872253795624e+09
5.576224886200969696e+09
5.624096178465255737e+09
5.671443173314184189e+09
5.718272218503398895e+09
5.764589585841197968e+09
5.810401471808638573e+09
5.855713998200752258e+09
5.900533212792037010e+09
5.944865089990221977e+09
5.988715531531301498e+09
6.032090367169504166e+09
6.074995355393443108e+09
6.117436184102521896e+09
6.159418471393500328e+09
6.200947766184105873e+09
6.242029549035385132e+09
6.282669232822246552e+09
6.322872163490096092e+09
6.362643620770697594e+09
6.401988818922742844e+09
6.440912907461723328e+09
6.479420971878854752e+09
6.517518034391801834e+09
6.555209054624942780e+09
6.592498930392994881e+09
6.629392498361573219e+09
6.665894534793527603e+09
6.702009756241168022e+09
6.737742820263298035e+09
6.773098326129752159e+09
6.808080815495037079e+09
6.842694773118922234e+09
6.876944627520881653e+09
6.910834751679231644e+09
6.944369463707918167e+09
6.977553027499846458e+09
7.010389653417920113e+09
7.042883498929323196e+09
7.075038669266524315e+09
7.106859218063722610e+09
7.138349147999725342e+09
7.169512411425075531e+09
7.200352910979084969e+09
7.230874500232265472e+09
7.261080984262460709e+09
