0.000000000000000000e+00
1.562800187931206524e+08
3.136997390159177780e+08
4.616255723585872650e+08
6.043122101826758385e+08
7.437203697034519911e+08
8.807182316255478859e+08
1.015739429670215726e+09
1.149024795379055262e+09
1.280720314974884748e+09
1.410921268750567436e+09
1.539693955661429167e+09
1.667087181155575275e+09
1.793138693182768345e+09
1.917878989893434763e+09
2.041333636407938004e+09
2.163524754154981613e+09
2.284471988436122894e+09
2.404193154244002342e+09
2.522704692496530056e+09
2.640021991457978249e+09
2.756159603820309162e+09
2.871131419651643276e+09
2.984950788285081863e+09
3.097630607002244473e+09
3.209183394804881096e+09
3.319621344259191990e+09
3.428956363232904434e+09
3.537200115152369499e+09
3.644364033389869690e+09
3.750459354541922569e+09
3.855497124145305634e+09
3.959488220303521156e+09
4.062443358520237923e+09
4.164373106411946297e+09
4.265287892645186901e+09
4.365198006735351562e+09
4.464113615012450218e+09
4.562044754588133812e+09
4.659001349884544373e+09
4.754993202766703606e+09
4.850030007701728821e+09
4.944121349452442169e+09
5.037276706053168297e+09
5.129505451929186821e+09
5.220816860436966896e+09
5.311220104423677444e+09
5.400724261810929298e+09
5.489338312860458374e+09
5.577071143391728401e+09
5.663931546154470444e+09
5.749928226480453491e+09
5.835069796288919449e+09
5.919364781702066422e+09
6.002821619181601524e+09
6.085448658745759964e+09
6.167254165456864357e+09
6.248246319620052338e+09
6.328433219586399078e+09
6.407822881528323174e+09
6.486423241101612091e+09
6.564242153661835670e+09
6.641287396491974831e+09
6.717566666854547501e+09
6.793087585467868805e+09
6.867857696237579346e+09
6.941884467443357468e+09
7.015175292717453003e+09
7.087737490963858604e+09
7.159578308504835129e+09
7.230704919202100754e+09
7.301124424741565704e+09
7.370843856488885880e+09
7.439870174963934898e+09
7.508210270969672203e+09
7.575870966125795364e+09
7.642859014987699509e+09
7.709181105424753189e+09
7.774843858716838837e+09
7.839853828181797028e+09
7.904217502039249420e+09
7.967941304242252350e+09
8.031031595050874710e+09
8.093494671244207382e+09
8.155336766682598114e+09
8.216564053335443497e+09
8.277182641822881699e+09
8.337198582655778885e+09
8.396617866702900887e+09
8.455446424028902054e+09
8.513690126484518051e+09
8.571354786215253830e+09
8.628446158634860992e+09
8.684969941084453583e+09
8.740931774626390457e+09
8.796337244428628922e+09
8.851191880014669418e+09
8.905501156310005188e+09
8.959270493094320297e+09
9.012505256863233566e+09
9.065210759846187592e+09
9.117392262467269897e+09
9.169054972476539612e+09
9.220204046196226120e+09
9.270844588816743851e+09
9.320981654251892090e+09
9.370620246313560486e+09
9.419765318373355865e+09
9.468421775250246048e+09
9.516594472233831406e+09
9.564288216650800705e+09
9.611507768438175201e+09
9.658257839672550201e+09
9.704543096588535309e+09
9.750368158639072418e+09
9.795737599228446960e+09
9.840655946551290512e+09
9.885127684116027832e+09
9.929157250711959839e+09
9.972749041012149811e+09
1.001590740610418701e+10
1.005863665348716354e+10
