0.000000000000000000e+00
2.849720963254922032e+08
4.367022810731427670e+08
5.357767044108641148e+08
6.110959296943134069e+08
6.731035559871376753e+08
7.266383569230483770e+08
7.743033083093315363e+08
8.176441116584728956e+08
8.576457205646020174e+08
8.949700137609108686e+08
9.300806990790905952e+08
9.633137973378773928e+08
9.949197410327522755e+08
1.025089711095901012e+09
1.053972711449938893e+09
1.081687045893443346e+09
1.108328213707668066e+09
1.133974486836740255e+09
1.158690918251969337e+09
1.182532293974286079e+09
1.205545322932086468e+09
1.227770294256463051e+09
1.249242348176211596e+09
1.269992454678329945e+09
1.290048187804274321e+09
1.309434324358432055e+09
1.328173330325376987e+09
1.346285745810888767e+09
1.363790497641749859e+09
1.380705153093086243e+09
1.397046126619854927e+09
1.412828845410521507e+09
1.428067895642827988e+09
1.442777135002129078e+09
1.456969790388898134e+09
1.470658540092454433e+09
1.483855578268786669e+09
1.496572671128477573e+09
1.508821205369953394e+09
1.520612229223376274e+09
1.531956484268928766e+09
1.542864435594124794e+09
1.553346295003894329e+09
1.563412041577400923e+09
1.573071439141844034e+09
1.582334050271945000e+09
1.591209249543231010e+09
1.599706234271414042e+09
1.607834033284716129e+09
1.615601514366563797e+09
1.623017390612942457e+09
1.630090226737274170e+09
1.636828444274196148e+09
1.643240324042906761e+09
1.649334009495658159e+09
1.655117509147193909e+09
1.660598700820009232e+09
1.665785332700911522e+09
1.670685025427850246e+09
1.675305276348326921e+09
1.679653454087911129e+09
1.683736803919431448e+09
1.687562445585121393e+09
1.691137380437999487e+09
1.694468488000892401e+09
1.697562528959634304e+09
1.700426144130473137e+09
1.703065855063000917e+09
1.705488063677939415e+09
1.707699055672223568e+09
1.709704999383741140e+09
1.711511945880944014e+09
1.713125831337383270e+09
1.714552476054934502e+09
1.715797586964155436e+09
1.716866756779839993e+09
1.717765466189722538e+09
1.718499082737560987e+09
1.719072863833655834e+09
1.719491954619163036e+09
1.719761392872743368e+09
1.719886107316040277e+09
1.719870919233208418e+09
1.719720543882753849e+09
1.719439590225414753e+09
1.719032563777032375e+09
1.718503866725592613e+09
1.717857798245662212e+09
1.717098557068009853e+09
1.716230241898107767e+09
1.715256853257623196e+09
1.714182294211695433e+09
1.713010372874798536e+09
1.711744802003466368e+09
1.710389201580703497e+09
1.708947099616562128e+09
1.707421933127917528e+09
1.705817050155127287e+09
1.704135711490797758e+09
1.702381091006320238e+09
1.700556277754558563e+09
1.698664277133293629e+09
1.696708012492078066e+09
1.694690326405169725e+09
1.692613982327850819e+09
1.690481666675895929e+09
1.688295988682150364e+09
1.686059483562089920e+09
1.683774612515009403e+09
1.681443765094813824e+09
1.679069261063641071e+09
1.676653350503110886e+09
1.674198215933206320e+09
1.671705973537441492e+09
1.669178675134685993e+09
1.666618309117329359e+09
1.664026801747142076e+09
1.661406018344530582e+09
1.658757764820846081e+09
1.656083789461466074e+09
1.653385784074408293e+09
