# r[kpc] vrot[km/s] vstars[km/s]  Sigma_star [Msun/pc2], jstar [kpc km/s] evstar[km/s]
9.1900 248.0000 239.1044 106.0850 0.0000 8.1629
13.7900 264.0000 256.9663 61.7200 2824.8321 7.4946
18.3500 272.0000 268.6706 25.0800 3326.0734 6.1547
22.9400 271.0000 269.1632 10.2900 3694.4693 5.9540
27.5200 264.0000 262.0808 2.5550 3895.4464 5.5859
32.1100 242.0000 239.5188 1.2400 3985.9917 7.7282
36.7000 244.0000 241.1559 0.5650 4043.6826 5.7545
41.4400 241.0000 237.7184 0.2150 4079.7430 6.6794
46.0200 237.0000 233.2667 0.0819 4097.2950 9.0704
