# r[kpc] vrot[km/s] vstars[km/s]  Sigma_star [Msun/pc2], jstar [kpc km/s] evstar[km/s]
1.7400 170.0000 164.7407 1126.1020 0.0000 5.5474
2.6100 174.0000 169.4713 180.7250 316.8527 4.9647
3.5000 170.0000 167.5015 50.5650 352.1767 4.6400
4.3700 170.0000 167.8785 24.2450 376.4073 4.6694
5.3200 171.0000 168.3645 12.1900 398.3204 5.2243
6.2800 174.0000 170.8864 4.5550 413.8344 5.3854
6.8100 177.0000 173.6551 2.5850 419.1745 10.5036
7.3300 178.0000 174.3958 1.9350 423.2979 6.7834
7.8500 180.0000 176.1610 1.4550 426.9977 8.1748
