# r[kpc] vrot[km/s] vstars[km/s]  Sigma_star [Msun/pc2], jstar [kpc km/s] evstar[km/s]
0.8700 24.8000 21.8070 30.2000 0.0000 8.3193
1.7400 46.2000 41.4891 18.9650 48.6006 7.1277
2.6100 60.5000 57.2884 13.4350 82.5052 6.5758
3.5000 69.6000 67.5429 9.6150 121.4761 4.3842
4.3700 77.5000 75.3652 5.8650 157.2665 4.1629
5.2400 82.9000 80.3815 3.7500 189.0228 4.9699
6.1100 84.1000 81.0969 2.4150 216.0118 5.4376
6.9800 85.6000 82.1364 1.7000 239.0382 5.5095
7.8500 87.6000 83.7132 1.0486 258.3646 5.5686
