r[kpc] vrot[km/s] Sigma_HI[Msun/pc2] jHI[kpckm/s]
0.22 14.53 0.42 0.00
0.37 39.02 0.40 10.12
0.52 83.77 0.39 22.67
0.66 84.97 0.39 34.41
0.81 91.36 0.40 45.90
0.96 93.60 0.40 57.15
1.10 92.53 0.37 66.55
1.25 89.58 0.34 75.22
1.40 87.38 0.32 82.95
1.55 85.52 0.32 90.36
1.69 81.35 0.33 96.96
1.84 88.32 0.34 105.05
1.99 96.90 0.33 115.28
2.14 99.58 0.33 126.70
2.28 99.60 0.34 137.60
2.43 98.87 0.34 149.02
2.58 108.51 0.36 161.94
2.73 138.88 0.37 181.08
2.87 188.14 0.39 210.37
3.02 211.16 0.42 252.62
3.17 198.33 0.43 294.00
3.31 166.81 0.48 324.00
3.46 164.13 0.52 350.42
3.61 167.19 0.60 377.81
3.76 169.98 0.68 407.46
3.90 176.63 0.72 436.76
4.05 164.57 0.76 465.11
4.20 154.26 0.81 487.13
4.35 143.71 0.83 503.61
4.49 146.90 0.88 517.58
4.64 149.42 0.93 534.34
4.79 168.75 1.01 557.23
4.94 182.13 1.10 588.56
5.08 190.66 1.15 622.15
5.23 206.40 1.24 663.38
5.38 207.08 1.29 706.72
5.52 217.69 1.44 749.26
5.67 225.36 1.53 798.86
5.82 231.34 1.59 849.28
5.97 239.46 1.62 899.88
6.11 243.51 1.65 946.71
6.26 247.38 1.68 995.65
6.41 249.64 1.69 1042.80
6.56 250.69 1.71 1087.79
6.70 251.69 1.70 1127.72
6.85 252.73 1.68 1168.26
7.00 247.65 1.68 1205.60
7.15 248.56 1.71 1240.75
7.29 245.83 1.81 1273.09
7.44 238.10 1.92 1305.82
7.59 241.33 2.03 1338.15
7.73 241.67 2.19 1369.95
7.88 242.14 2.29 1404.73
8.03 243.77 2.44 1440.34
8.18 245.11 2.57 1477.03
8.32 247.45 2.66 1511.98
8.47 247.09 2.79 1549.64
8.62 247.62 2.85 1586.70
8.77 250.84 2.93 1623.95
8.91 251.23 3.01 1658.99
9.06 254.98 3.11 1697.13
9.21 257.10 3.24 1736.54
9.36 257.44 3.39 1776.42
9.50 259.87 3.55 1814.35
9.65 263.00 3.69 1856.37
9.80 260.57 3.85 1898.11
9.94 260.83 3.96 1935.97
10.09 261.35 4.07 1976.03
10.24 261.25 4.18 2015.44
10.39 259.15 4.33 2053.67
10.53 257.48 4.51 2088.18
10.68 258.99 4.66 2125.01
10.83 256.56 4.86 2161.40
10.98 259.03 4.99 2197.63
11.12 258.57 5.12 2231.60
11.27 259.91 5.23 2267.79
11.42 260.42 5.33 2303.91
11.57 260.76 5.43 2339.68
11.71 260.90 5.48 2372.56
11.86 261.19 5.39 2406.72
12.01 260.15 5.34 2439.31
12.15 259.22 5.23 2468.11
12.30 257.04 5.09 2496.89
12.45 258.21 5.02 2524.45
12.60 257.04 4.89 2551.17
12.74 254.99 4.79 2574.64
12.89 254.62 4.68 2598.60
13.04 252.16 4.57 2621.35
13.19 251.24 4.47 2642.92
13.33 251.32 4.37 2662.52
13.48 251.35 4.27 2683.17
13.63 250.45 4.21 2703.41
13.78 250.44 4.13 2723.29
13.92 252.24 4.14 2742.14
14.07 252.35 4.15 2762.88
14.22 253.56 4.15 2784.01
14.36 254.29 4.22 2804.32
14.51 254.43 4.19 2826.43
14.66 254.34 4.20 2848.56
14.81 255.64 4.15 2870.88
14.95 256.15 4.09 2891.80
15.10 256.86 4.08 2914.32
15.25 258.92 4.04 2937.24
15.40 260.28 3.92 2960.36
15.54 261.92 3.81 2981.84
15.69 263.56 3.66 3004.69
15.84 263.18 3.55 3027.04
15.99 264.03 3.41 3048.80
16.13 265.53 3.28 3068.76
16.28 266.65 3.12 3089.72
16.43 266.97 2.97 3110.02
16.57 267.45 2.82 3128.28
16.72 267.65 2.72 3147.28
16.87 267.08 2.60 3165.69
17.02 266.52 2.52 3183.48
17.16 264.56 2.39 3199.35
17.31 263.47 2.30 3215.49
17.46 261.69 2.22 3230.98
17.61 260.38 2.15 3245.89
17.75 259.45 2.11 3259.46
17.90 259.40 2.05 3273.78
18.05 257.45 2.01 3287.80
18.20 253.93 1.97 3301.27
18.34 252.74 1.93 3313.40
18.49 251.29 1.90 3326.15
18.64 247.27 1.87 3338.43
18.78 247.41 1.83 3349.56
18.93 248.09 1.80 3361.55
19.08 247.54 1.74 3373.45
19.23 245.03 1.70 3384.98
19.37 242.54 1.67 3395.33
19.52 241.05 1.63 3406.06
19.67 239.09 1.62 3416.57
19.82 239.62 1.59 3427.02
19.96 238.71 1.59 3436.85
20.11 236.41 1.56 3447.21
20.26 238.32 1.53 3457.53
20.41 235.88 1.52 3467.87
20.55 232.75 1.49 3477.16
20.70 231.63 1.48 3486.84
20.85 230.66 1.46 3496.45
20.99 230.85 1.46 3505.47
21.14 229.78 1.45 3515.20
21.29 229.23 1.44 3524.91
21.44 229.23 1.41 3534.63
21.58 229.75 1.38 3543.70
21.73 228.18 1.34 3553.26
21.88 227.85 1.33 3562.67
22.03 230.47 1.29 3572.23
22.17 228.95 1.26 3581.13
22.32 227.13 1.22 3590.34
22.47 226.96 1.18 3599.27
22.62 224.43 1.14 3607.88
22.76 225.30 1.11 3615.70
22.91 226.45 1.09 3624.18
23.06 227.94 1.06 3632.76
23.20 225.51 1.04 3640.67
23.35 224.93 1.01 3648.90
23.50 226.17 0.98 3657.06
23.65 226.45 0.97 3665.29
23.79 226.35 0.94 3672.94
23.94 229.35 0.92 3681.21
24.09 229.34 0.89 3689.56
24.24 228.66 0.87 3697.77
24.38 231.52 0.86 3705.53
24.53 230.10 0.84 3713.90
24.68 229.60 0.83 3722.14
24.83 228.78 0.81 3730.30
24.97 229.13 0.80 3737.86
25.12 226.13 0.77 3745.74
25.27 228.30 0.75 3753.45
25.41 229.33 0.73 3760.71
25.56 230.22 0.72 3768.53
25.71 229.30 0.70 3776.30
25.86 228.52 0.67 3783.83
26.00 226.29 0.63 3790.47
26.15 225.64 0.61 3797.24
26.30 226.49 0.60 3803.96
26.45 227.02 0.58 3810.66
26.59 225.69 0.57 3816.82
26.74 224.89 0.55 3823.26
26.89 224.68 0.53 3829.53
27.04 225.43 0.51 3835.68
27.18 226.24 0.49 3841.32
27.33 228.09 0.47 3847.31
27.48 226.27 0.45 3853.14
27.62 226.57 0.43 3858.37
27.77 224.87 0.41 3863.75
27.92 224.28 0.39 3868.89
28.07 224.61 0.38 3873.91
28.21 223.83 0.37 3878.52
28.36 225.41 0.36 3883.42
28.51 226.30 0.34 3888.26
28.66 225.70 0.33 3892.97
28.80 225.19 0.31 3897.20
28.95 226.24 0.30 3901.59
29.10 227.46 0.29 3905.96
29.25 228.52 0.28 3910.30
29.39 227.92 0.27 3914.27
29.54 229.02 0.26 3918.44
29.69 229.91 0.25 3922.54
