nan
3.324399832883679906e-01
2.410237770581322991e-01
1.972544611566304229e-01
1.716179041066535627e-01
1.548589748912897190e-01
1.431112869314819236e-01
1.344645954437944935e-01
1.278636434062667693e-01
1.226768817033336290e-01
1.185028387594321136e-01
1.151005152943586629e-01
1.122328617641794174e-01
1.097930410784868915e-01
1.076846911466048384e-01
1.058358868400701425e-01
1.041920240111182949e-01
1.027110658619730527e-01
1.013602811313148166e-01
1.001139522409718180e-01
9.895173050811940929e-02
9.785743299568945563e-02
9.681814704299726571e-02
9.582355317901983249e-02
9.486540570307315512e-02
9.393712890685644579e-02
9.303349937109135770e-02
9.215039322289575452e-02
9.128458306685732770e-02
9.043357337801527507e-02
8.959546603312404378e-02
8.876884972844631405e-02
8.795270853531973743e-02
8.714634594643003163e-02
8.634932158114634604e-02
8.556139832740917994e-02
8.478249815677137147e-02
8.401266519828155810e-02
8.325203492467700417e-02
8.250080851164023898e-02
8.175923159284943786e-02
8.102757676138586107e-02
8.030612927002976631e-02
7.959517546520514242e-02
7.889499355642384804e-02
7.820584637846529630e-02
7.752797584979016776e-02
7.686159886977497746e-02
7.620690443073538378e-02
7.556405174948749304e-02
7.493844113738282187e-02
7.431951374444828451e-02
7.371271955184800773e-02
7.311809516930435626e-02
7.253564812677737450e-02
7.196535822969479801e-02
7.140717912352670393e-02
7.086104000683660087e-02
7.032684744133921306e-02
6.980448721580931326e-02
6.929382622800749070e-02
6.879471435521686273e-02
6.830698628960099605e-02
6.783046331947865937e-02
6.736495504183782901e-02
6.691026099503466495e-02
6.646617220373342294e-02
6.603247263076167384e-02
6.560894053275956317e-02
6.519534971834380077e-02
6.479147070900570515e-02
6.439707180418942356e-02
6.401192005296961474e-02
6.363578213550770413e-02
6.326842515804076417e-02
6.290961736558017825e-02
6.255912877677666240e-02
6.221673174559423647e-02
6.188220145450851195e-02
6.155531634396220475e-02
6.123585848274738092e-02
6.092361388389069821e-02
6.061837277047062850e-02
6.031992979562553203e-02
6.002808422082644979e-02
5.974264005627138302e-02
5.946340616705491494e-02
5.919019634853265460e-02
5.892282937409201032e-02
5.866112901830958931e-02
5.840492405826566008e-02
5.815404825557929369e-02
5.790834032151524757e-02
5.766764386733521514e-02
5.743180734186848629e-02
5.720068395811241796e-02
5.697413161050398495e-02
5.675201278435224039e-02
5.653419445877724131e-02
5.631855529101269242e-02
5.610899576645328457e-02
5.590336242690761848e-02
5.570153920592006008e-02
5.550341398526074249e-02
5.530887848031570964e-02
5.511782812518006142e-02
5.493016195797430917e-02
5.474578250684214442e-02
5.456459567702483943e-02
5.438651063935098090e-02
5.421143972043203363e-02
5.403929829480706021e-02
5.387000467924184938e-02
5.370348002934832721e-02
5.353964823866166900e-02
5.337843584027893856e-02
5.321977191114214689e-02
5.306358797902326757e-02
5.290981793224872748e-02
5.275839793218480012e-02
5.260926632848945961e-02
5.246236357712242421e-02
