nan
9.787602536382834506e-01
9.626087520555568489e-01
9.450629488711606019e-01
9.267524185036463136e-01
9.080850003170753970e-01
8.893411111326061658e-01
8.707188526497193770e-01
8.523594940584818813e-01
8.343634550986178677e-01
8.168010498458523339e-01
7.998084877024109751e-01
7.832191674473932830e-01
7.671640725423035656e-01
7.516502838805395603e-01
7.366777151298004034e-01
7.222408766175627548e-01
7.083302542604238417e-01
6.949333890100194422e-01
6.820357220109130036e-01
6.696212556389207204e-01
6.576730693289680740e-01
6.461737205728073086e-01
6.351055549420916435e-01
6.244509439568323161e-01
6.141924657039258273e-01
6.043130400465864804e-01
5.947960278549562219e-01
5.856253017828854102e-01
5.767852946042102413e-01
5.682610299184708280e-01
5.600381390755069244e-01
5.521028673998977787e-01
5.444420721802204488e-01
5.370432143935882641e-01
5.298943457383973321e-01
5.229840922284044735e-01
5.163016353437497319e-01
5.098366915271724809e-01
5.035794906466497523e-01
4.975207539111951016e-01
4.916516716183470526e-01
4.859638810248815832e-01
4.804494445624497567e-01
4.751008285638857465e-01
4.699108826212365364e-01
4.648728196609219765e-01
4.599801967931910762e-01
4.552268969707244928e-01
4.506071114737389971e-01
4.460955300175962202e-01
4.417270390169549255e-01
4.374762911124585041e-01
4.333385549211142829e-01
4.293093317517632790e-01
4.253843428705691987e-01
4.215595174681252555e-01
4.178309812976532811e-01
4.141950459530949757e-01
4.106481987558559532e-01
4.071870932191973824e-01
4.038085400598945274e-01
4.005094987275666929e-01
3.972870694230629662e-01
3.941384855783459096e-01
3.910611067715022426e-01
3.880524120516522513e-01
3.851099936497991427e-01
3.822315510528185856e-01
3.794148854190143583e-01
3.766578943148429226e-01
3.739585667535162417e-01
3.713149785173249229e-01
3.687252877465594381e-01
3.661877307789158098e-01
3.637006182242524810e-01
3.612623312604538173e-01
3.588713181370427052e-01
3.565260908739990020e-01
3.542252221440057580e-01
3.519673423270940904e-01
3.497511367273281047e-01
3.475753429418173557e-01
3.454387483729746133e-01
3.433401878754723802e-01
3.412785415299138814e-01
3.392527325357213019e-01
3.372617252162216639e-01
3.353045231293431683e-01
3.333801672777464975e-01
3.314877344126198055e-01
3.296263354256904199e-01
3.277951138243841434e-01
3.259932442853441525e-01
3.242199312818472845e-01
3.224744077809028053e-01
3.207559340060993636e-01
3.190637962624975343e-01
3.173973058200923458e-01
3.157624132754744406e-01
3.141451839747718133e-01
3.125516763995769276e-01
3.109812915343762030e-01
3.094334505190994844e-01
3.079075938218112096e-01
3.064031804508883239e-01
3.049196872045421558e-01
3.034566079557112772e-01
3.020134529704406323e-01
3.005897482579720781e-01
2.991850349508926588e-01
2.977988687137637092e-01
2.964308191787541347e-01
2.950804694068864809e-01
2.937474153735747384e-01
2.924312654772241449e-01
2.911316400697052664e-01
2.898481710076233897e-01
2.885805012233113587e-01
2.873282843145845700e-01
2.860911841523148813e-01
2.848688745049453019e-01
