nan
9.929609013455210631e-01
9.874465285893859745e-01
9.813092508316834106e-01
9.747389350174698874e-01
9.678620677189007093e-01
9.607701804281083557e-01
9.535327873478971483e-01
9.462043225180585271e-01
9.388282830144041302e-01
9.314399014814264133e-01
9.241219158815504597e-01
9.167770151434736503e-01
9.094940537209267317e-01
9.022886069025820577e-01
8.951735235575368765e-01
8.881593445187634384e-01
8.812546471475218857e-01
8.744663316119596352e-01
8.677998606847189267e-01
8.612594620865091644e-01
8.548483003423907878e-01
8.485686235838904024e-01
8.424218895797421780e-01
8.364088744069774206e-01
8.305297665077149283e-01
8.247842483618680332e-01
8.191715676036334104e-01
8.136905990922386200e-01
8.083398991946189049e-01
8.031177533345263964e-01
7.980222176978746251e-01
7.930511558495291213e-01
7.882022709059459675e-01
7.834731338161557979e-01
7.788612082269166237e-01
7.743638723434336235e-01
7.699784381426753033e-01
7.657021682501223836e-01
7.615322907514102679e-01
7.574660121765761644e-01
7.535005288655651778e-01
7.496330368985950621e-01
7.458607407532161782e-01
7.421808608310183075e-01
7.385906399804466060e-01
7.350873491277726268e-01
7.316682921156297814e-01
7.283308098374298156e-01
7.250722837461790471e-01
7.218204220227200096e-01
7.187158772836295118e-01
7.156824947719143681e-01
7.127178574253750787e-01
7.098195979311615611e-01
7.069853998202685341e-01
7.042129982809463007e-01
7.015001807240064391e-01
6.988447871294811709e-01
6.962447102009310385e-01
6.936978953508962098e-01
6.912023405384822849e-01
6.887560959778301628e-01
6.863572637342322258e-01
6.840039972228486587e-01
6.816945006234128579e-01
6.794270282228418445e-01
6.771998836964217006e-01
6.750114193370627680e-01
6.728600352411138186e-01
6.707441784582548472e-01
6.686623421122300792e-01
6.666130644983593312e-01
6.645949281631617911e-01
6.626065589707875736e-01
6.606466251604361517e-01
6.587138363984390566e-01
6.568069428282734545e-01
6.549247341213616513e-01
6.530660385311759519e-01
6.512297219528505599e-01
6.494146869902238661e-01
6.476198720319759072e-01
6.458442503383068356e-01
6.440868291393989642e-01
6.423466487467179853e-01
6.406227816780555306e-01
6.389143317970626956e-01
6.372204334678999160e-01
6.355402507255079048e-01
6.338729764619129847e-01
6.322178316288651345e-01
6.305740644570573261e-01
6.289409496920734810e-01
6.273177878471637436e-01
6.257039044728873733e-01
6.240986494436122634e-01
6.225013962608099138e-01
6.209115413730570410e-01
6.194008170798247503e-01
6.178208825652978797e-01
6.162467824575684761e-01
6.146779938629499673e-01
6.131140138923455440e-01
6.115543590667060769e-01
6.099985647384884579e-01
6.084461845287938431e-01
6.068967897798773770e-01
6.053499690226997743e-01
6.038053274592017905e-01
6.022624864589704030e-01
6.007210830699767357e-01
5.991807695430531044e-01
5.976412128697846660e-01
5.961020943335012534e-01
5.945631090730352231e-01
5.930239656589371133e-01
5.914843856818323697e-01
5.899441033526091616e-01
5.884028651141274269e-01
5.868604292641589337e-01
5.853165655892469399e-01
