nan
9.999981496128617087e-01
9.999929179740011387e-01
9.999830269068704647e-01
9.999674908238823656e-01
9.999454956549914675e-01
9.999163539628931341e-01
9.998794752977129274e-01
9.998343452857030300e-01
9.997805102499688346e-01
9.997175655639047864e-01
9.996452740631469602e-01
9.995628600040495915e-01
9.994703466588972240e-01
9.993674495215866260e-01
9.992539037710015393e-01
9.991294609378428282e-01
9.989938861794070979e-01
9.988469560247309476e-01
9.986884564904675576e-01
9.985181814932511113e-01
9.983359315019810776e-01
9.981415123861488992e-01
9.979347344256648267e-01
9.977154114546635810e-01
9.974833601171171349e-01
9.972383992162369148e-01
9.969803491428895770e-01
9.967090313708272253e-01
9.964242680085888537e-01
9.961258813995754746e-01
9.958136937631533181e-01
9.954875268707298330e-01
9.951472017516485025e-01
9.947925384244987734e-01
9.944233556500546856e-01
9.940394707025813625e-01
9.936406991566882896e-01
9.932268546872844439e-01
9.927977488805108663e-01
9.923531910538149203e-01
9.918929880835641866e-01
9.914169442388265363e-01
9.909248610201332186e-01
9.904165370022185444e-01
9.898917676798967280e-01
9.893503453163833283e-01
9.887920587935149497e-01
9.882166934634541988e-01
9.876240310015967916e-01
9.870094850023782840e-01
9.863821664473351181e-01
9.857368543057417609e-01
9.850733153244984885e-01
9.843913117688903869e-01
9.836906012913916308e-01
9.829709368021282145e-01
9.822320663417132280e-01
9.814737329572531532e-01
9.806956745823990351e-01
9.798976239223849971e-01
9.790793083450680667e-01
9.782404497790334608e-01
9.773807646198910959e-01
9.764999636459189558e-01
9.755977519442518009e-01
9.746738288488294710e-01
9.737278878913291358e-01
9.727596167663102866e-01
9.717686973117836136e-01
9.707548055063911496e-01
9.697176114843532035e-01
9.686567795692829774e-01
9.675719683279203620e-01
9.664628306447567985e-01
9.653290138184568159e-01
9.641701596808860408e-01
9.629859047394674354e-01
9.617758803434879322e-01
9.605397128748704993e-01
9.592770239638243046e-01
9.579874307296736280e-01
9.566705460470597000e-01
9.553259788375982886e-01
9.539533343869744941e-01
9.525522146873465212e-01
9.511222188048394921e-01
9.496629432718050046e-01
9.481739825034420921e-01
9.466549292382822056e-01
9.451053750019670074e-01
9.435249105936643899e-01
9.419131265944064024e-01
9.402696138965546124e-01
9.385939642535426897e-01
9.368857708489753966e-01
9.351446288841078758e-01
9.333701361826616250e-01
9.315618938118803705e-01
9.297386266342350103e-01
9.278599993477691932e-01
9.259464965311118290e-01
9.239977369483889369e-01
9.220133459956366684e-01
9.199929563890855144e-01
9.179362088603645331e-01
9.158427528569913489e-01
9.137122472464525025e-01
9.115443610221189985e-01
9.093387740091883886e-01
9.070951775687929874e-01
9.048132752983776284e-01
9.024927837264106190e-01
9.001334329994626904e-01
8.977349675596830725e-01
8.952971468106811770e-01
8.928197457698323625e-01
8.903025557050388006e-01
8.877453847539957810e-01
8.851480585240486532e-01
8.825104206707734544e-01
8.798323334534582374e-01
