nan
9.736036893613614351e-01
9.247802615907045887e-01
8.707190908630564330e-01
8.201833472100511502e-01
7.755202513213403925e-01
7.367422481416106006e-01
7.031815687001464754e-01
6.740596701092288479e-01
6.486645134204006569e-01
6.263925268574419558e-01
6.068754181532135528e-01
5.894353050762203283e-01
5.738854424522008557e-01
5.599532067020152049e-01
5.474142005696507329e-01
5.360825482770626982e-01
5.258032652797524076e-01
5.164462749214946413e-01
5.079017083257852949e-01
5.000761971558278507e-01
4.928899338255015028e-01
4.862743263136284355e-01
4.801701156051438879e-01
4.745258549668042725e-01
4.692966738656600967e-01
4.644432671595112305e-01
4.599310636603032298e-01
4.557295383872024264e-01
4.518116406063649171e-01
4.481533157096811992e-01
4.447331035679129574e-01
4.415317995406256579e-01
4.385321670860505283e-01
4.357186930749414877e-01
4.330773786133531034e-01
4.305955595253843082e-01
4.282617517178680111e-01
4.260655175054864907e-01
4.239973496631544991e-01
4.220485705284368616e-01
4.202112439278217204e-01
4.184780980683001084e-01
4.168424578366068944e-01
4.152981851958184589e-01
4.138396265731363877e-01
4.124615663017914269e-01
4.111591853206335023e-01
4.099280244523507699e-01
4.087639516795441574e-01
4.076259210215608664e-01
4.065851764982215677e-01
4.056007988660159658e-01
4.046697019609889479e-01
4.037890078745224876e-01
4.029560298556145725e-01
4.021682568662435786e-01
4.014233396065067794e-01
4.007190778490650196e-01
4.000534089421372008e-01
3.994243973573052831e-01
3.988302251731143389e-01
3.982691833982941465e-01
3.977396640495051150e-01
3.972401529082562610e-01
3.967692228901046336e-01
3.963255279666574316e-01
3.959077975874274458e-01
3.955148315542826309e-01
3.951454953062830122e-01
3.947987155771306433e-01
3.944734763913619879e-01
3.941688153689200669e-01
3.938838203107640212e-01
3.936176260409486316e-01
3.933694114830070809e-01
3.931383969506385134e-01
3.929238416346225726e-01
3.927250412696092763e-01
3.925413259659753518e-01
3.923720581932890195e-01
3.922166309032028564e-01
3.920744657806603528e-01
3.919450116133308959e-01
3.918277427700637694e-01
3.917221577799787080e-01
3.916277780045144263e-01
3.915441463954473789e-01
3.914708263324696569e-01
3.914074005344428953e-01
3.913534700389731391e-01
3.913086532453526889e-01
3.912725850163406571e-01
3.912449158346228972e-01
3.912253110101056031e-01
3.912134499345310545e-01
3.912090253801405182e-01
3.912117428394080720e-01
3.912213199030574184e-01
3.912572344300681015e-01
3.912796334023466716e-01
3.913081126524975417e-01
3.913424326105034434e-01
3.913823631861350627e-01
3.914276833292353319e-01
3.914781806139235321e-01
3.915336508452297859e-01
3.915938976867540666e-01
3.916587323080677474e-01
3.917279730506427193e-01
3.918014451111945240e-01
3.918789802413887302e-01
3.919604164629387766e-01
3.920455977971895600e-01
3.921343740083332863e-01
3.922266003594734873e-01
3.923221373807899703e-01
3.924208506491174142e-01
3.925226105782950170e-01
3.926272922196711868e-01
3.927347750722066100e-01
3.928449429016396821e-01
