nan
9.675407999982188478e-01
9.437865099614908271e-01
9.187250205312095241e-01
8.933234864353671867e-01
8.681605609334974716e-01
8.435933455224542410e-01
8.198402432345373025e-01
7.970286694163747354e-01
7.752249607643789675e-01
7.544541035173666366e-01
7.348164855015791863e-01
7.160630021708952464e-01
6.982888903249445667e-01
6.814518669127376249e-01
6.655057170151921220e-01
6.504024693369173660e-01
6.360939124723337112e-01
6.225326332188639844e-01
6.096727086804707429e-01
5.974701482587709833e-01
5.858831558157999719e-01
5.748722634982916802e-01
5.644003749673880410e-01
5.544327456871477322e-01
5.449369204968993463e-01
5.358826432126447825e-01
5.272417489548532066e-01
5.189880469081630254e-01
5.110971990076639271e-01
5.035465984144420482e-01
4.963152504408676613e-01
4.893836577034320623e-01
4.827337106358735030e-01
4.763485840271073912e-01
4.702126399116800526e-01
4.643113369012615288e-01
4.586311458788610018e-01
4.531594718639781472e-01
4.478845817827685760e-01
4.427955378318452206e-01
4.378821360996988932e-01
4.331348501000147899e-01
4.285447788719374262e-01
4.241035993104229074e-01
4.198035224027210077e-01
4.156372530630181861e-01
4.115979532750608239e-01
4.076792082711966914e-01
4.038749954950847654e-01
4.001584670692030499e-01
3.965671889748384471e-01
3.930744337727498094e-01
3.896754869245566133e-01
3.863659049138467028e-01
3.831414966086308937e-01
3.799983061102130688e-01
3.769325969604567783e-01
3.739408375905979298e-01
3.710196879049365570e-01
3.681659869021529641e-01
3.653767412455746211e-01
3.626491147015709071e-01
3.599804183724309992e-01
3.573681016566220281e-01
3.548097438752860766e-01
3.523030465092737984e-01
3.498458259959462135e-01
3.474360070394917899e-01
3.450716163925882651e-01
3.427507770709745105e-01
3.404717029658675398e-01
3.382326938222599000e-01
3.360321305539188397e-01
3.338684708684498403e-01
3.317402451781242823e-01
3.296460527742410829e-01
3.275845582447527438e-01
3.255544881165643445e-01
3.235546277055704745e-01
3.215838181588737132e-01
3.196409536749744151e-01
3.177249788889084936e-01
3.158348864103879827e-01
3.139697145040017956e-01
3.121285449014257196e-01
3.103105007364155843e-01
3.085147445941190392e-01
3.067404766668940241e-01
3.049869330094879261e-01
3.032533838869581611e-01
3.015391322092711990e-01
2.998435120469576387e-01
2.981658872226664592e-01
2.965056499738357720e-01
2.948622196820671060e-01
2.932350416651232083e-01
2.916235860277739400e-01
2.900273465679928386e-01
2.884508781106547848e-01
2.868835083724337043e-01
2.853299699990193838e-01
2.837898416095184784e-01
2.822627207722844256e-01
2.807482231825323971e-01
2.792459818768949220e-01
2.777556464829667449e-01
2.762768825020024965e-01
2.748093706230660405e-01
2.733528060670292748e-01
2.719068979589223112e-01
2.704713687272358169e-01
2.690459535288597381e-01
2.676303996984178424e-01
2.662244662208434476e-01
2.648279232260965510e-01
2.634405515050045610e-01
2.620621420452448058e-01
2.606924955865629889e-01
2.593314221943615050e-01
2.579787408508445457e-01
2.566342790629415616e-01
