nan
9.964941512733517248e-01
9.790733627809941053e-01
9.475694074280355261e-01
9.113041065677613961e-01
8.760508148510238735e-01
8.434849666351746933e-01
8.138948522296181043e-01
7.872120731426277551e-01
7.632420539219821887e-01
7.417221757956108386e-01
7.224593967723872412e-01
7.049757948270357621e-01
6.891253735469590191e-01
6.746921959386196210e-01
6.614949985818437961e-01
6.493824138863447670e-01
6.382274263456321206e-01
6.279223877463111503e-01
6.183750352161394570e-01
6.095054970529305560e-01
6.012440916646596412e-01
5.935296979682441743e-01
5.863085133553125328e-01
5.795330682888348850e-01
5.731614128349944437e-01
5.671564238195061503e-01
5.614852027626044961e-01
5.561185473843703875e-01
5.510304863352099014e-01
5.461978702178034162e-01
5.416000134825112999e-01
5.372183823574468997e-01
5.330363241683238051e-01
5.290388335027730315e-01
5.252123508130239760e-01
5.215445892741803480e-01
5.180243860205022699e-01
5.146415742462409071e-01
5.113868730521956563e-01
5.082517923181864017e-01
5.052285502647468896e-01
5.023100017208800283e-01
4.994895754308955049e-01
4.967612190091958424e-01
4.941193503878082982e-01
4.915588148000382129e-01
4.890748465087014218e-01
4.866630346233062343e-01
4.843192924616427364e-01
4.820315784010222870e-01
4.798126567201007608e-01
4.776512428105122443e-01
4.755442957155947004e-01
4.734889851540803885e-01
4.714826747381184457e-01
4.695229066972976817e-01
4.676073879557820501e-01
4.657339774281392120e-01
4.639006744150487860e-01
4.621056079933685279e-01
4.603470273064624863e-01
4.586232926706044211e-01
4.569328674219286790e-01
4.552743104360005844e-01
4.536462692588318912e-01
4.520474737941356236e-01
4.504767304969742869e-01
4.489329170287373327e-01
4.474149773326830393e-01
4.459219170931465470e-01
4.444527995450071600e-01
4.430067416031358007e-01
4.415829102843958354e-01
4.401805193973150065e-01
4.387988264768709623e-01
4.374371299439059335e-01
4.360947664705891458e-01
4.347711085350314808e-01
4.334655621497073286e-01
4.321775647497267392e-01
4.309065832282456543e-01
4.296521121074573513e-01
4.284136718346055472e-01
4.271908071934159001e-01
4.259830858221545502e-01
4.247900968302957270e-01
4.236114495064637331e-01
4.224467721109261831e-01
4.212957107464910811e-01
4.201579283021615874e-01
4.190331034643651198e-01
4.179209297909960430e-01
4.168211148438928926e-01
4.157333793757153062e-01
4.146574565675019142e-01
4.135930913134804876e-01
4.125400395499602690e-01
4.114980676253817138e-01
4.104640880259758928e-01
4.094436914139563677e-01
4.084337289588290121e-01
4.074340031519896876e-01
4.064443242726795691e-01
4.054645099547241061e-01
4.044943847791008795e-01
4.035337798907333573e-01
4.025825326379977587e-01
4.016404862335552495e-01
4.007074894351880801e-01
3.997833962454324097e-01
3.988680656288623450e-01
3.979613612459546035e-01
3.970631512025495358e-01
3.961733078139612063e-01
3.952917073828759453e-01
3.944182299902100342e-01
3.935527592981661882e-01
3.926951823647663042e-01
3.918453894691840134e-01
3.910032739472469321e-01
3.901687320365085365e-01
