nan
9.999896874104327038e-01
9.999275597475585364e-01
9.997568541328536451e-01
9.994127739621364581e-01
9.988294793606399269e-01
9.979457551618461375e-01
9.967100538181099534e-01
9.950846114168256928e-01
9.930480974000375216e-01
9.905963801727649676e-01
9.877440816088755016e-01
9.845040384482127704e-01
9.809220071996034296e-01
9.770391649714648130e-01
9.728994872780760694e-01
9.685470646737143197e-01
9.640241576313181016e-01
9.593699320627612215e-01
9.546197521519327323e-01
9.498048910927002764e-01
9.449525322119094461e-01
9.400859566026196212e-01
9.352248390177452242e-01
9.303855965654501681e-01
9.255817530021006601e-01
9.208242950808733784e-01
9.161220071391950048e-01
9.114817767456777631e-01
9.069088685782129566e-01
9.024071664313307872e-01
8.979793848609326501e-01
8.936272528399942239e-01
8.893516721828464977e-01
8.851528535794681574e-01
8.810304329867351125e-01
8.769835709310818128e-01
8.730110370379866591e-01
8.691112818501820492e-01
8.652824977476549773e-01
8.615226705490831582e-01
8.578296231616052703e-01
8.542010524558009132e-01
8.506345603753060480e-01
8.471276801444738158e-01
8.436778983110706509e-01
8.402826732521732067e-01
8.369394506781016041e-01
8.336456765894630916e-01
8.303988080743156530e-01
8.271467516743467030e-01
8.239893105934454898e-01
8.208711383425248975e-01
8.177898225536516241e-01
8.147429925677299734e-01
8.117283227801823653e-01
8.087435353081138256e-01
8.057864020857793408e-01
8.028547464791622179e-01
7.999464444968531485e-01
7.970594256628019680e-01
7.941916736066243487e-01
7.913412264187151823e-01
7.885061768102160640e-01
7.856846721117433097e-01
7.828749141395439093e-01
7.800751589532480823e-01
7.772837165255859215e-01
7.744989503411292553e-01
7.717192769383607320e-01
7.689431654069572852e-01
7.661691368501550858e-01
7.633957638203117124e-01
7.606216697343117783e-01
7.578455282741959342e-01
7.550660627773297939e-01
7.522820456195100647e-01
7.494922975936680887e-01
7.466956872861534311e-01
7.438911304520816614e-01
7.410775893907507461e-01
7.382540723217871914e-01
7.354196327623709895e-01
7.325733689056513898e-01
7.297144230002748921e-01
7.268419807307974212e-01
7.239552705986440628e-01
7.210535633032006952e-01
7.181361711225707767e-01
7.152024472934989108e-01
7.122517853899555940e-01
7.092836186998902059e-01
7.062974195996604143e-01
7.032926989257002326e-01
7.002690053430105088e-01
6.972259247101113555e-01
6.941630794401261184e-01
6.910801278577624052e-01
6.879767635519516977e-01
6.849136075113897437e-01
6.817648755241698666e-01
6.785951505380883875e-01
6.754042556032285871e-01
6.721920459536520065e-01
6.689584083211407295e-01
6.657032602453772929e-01
6.624265493807295346e-01
6.591282527998296725e-01
6.558083762941896433e-01
6.524669536721248164e-01
6.491040460542862878e-01
6.457197411671404819e-01
6.423141526347377894e-01
6.388874192691595955e-01
6.354397043600250594e-01
6.319711949634689852e-01
6.284821011910008970e-01
6.249726554986801963e-01
6.214431119770257306e-01
6.178937456420998675e-01
6.143248517282005050e-01
6.107367449825897854e-01
