nan
9.313433283767696969e-01
8.302677608613370230e-01
7.491625111480338939e-01
6.858188329990450027e-01
6.357514065428570005e-01
5.954387275421295644e-01
5.623921905361437545e-01
5.348678398429259628e-01
5.116255837751556568e-01
4.917656734807853702e-01
4.747513060251329908e-01
4.598090466524686337e-01
4.466954142639033010e-01
4.351080839378210219e-01
4.248077523486984974e-01
4.156025509762751868e-01
4.073368530806943388e-01
3.998831012248608152e-01
3.931357485313365374e-01
3.870067037250570774e-01
3.814218624961138726e-01
3.763184347684826458e-01
3.716428627579816402e-01
3.673491828900798950e-01
3.633977249397532527e-01
3.597540700484490594e-01
3.563882094020376368e-01
3.532738598501428684e-01
3.503879033075392169e-01
3.477099245539043149e-01
3.452218278312528810e-01
3.429075169801361067e-01
3.407526271444178967e-01
3.387442985864123068e-01
3.368709850879930134e-01
3.351222909131401639e-01
3.334888314788956865e-01
3.319621138027781249e-01
3.305344335235918529e-01
3.291987858726996286e-01
3.279487884373164519e-01
3.267786139312288674e-01
3.256829314908294415e-01
3.246568552603062985e-01
3.236958992307429339e-01
3.227959374627539235e-01
3.219531689581818790e-01
3.211640865588031857e-01
3.204254493434380291e-01
3.196996169784769859e-01
3.190534667240986777e-01
3.184493927082076015e-01
3.178849989563721778e-01
3.173580564570378515e-01
3.168664890408730006e-01
3.164083606645394786e-01
3.159818639387210748e-01
3.155853097607886903e-01
3.152171179301053172e-01
3.148758086391366673e-01
3.145599947466065638e-01
3.142683747502260094e-01
3.139997263863287258e-01
3.137529007922268964e-01
3.135268171745172472e-01
3.133204579330048922e-01
3.131328641955532510e-01
3.129631317241154953e-01
3.128104071565157018e-01
3.126738845523758803e-01
3.125528022149229312e-01
3.124464397633768820e-01
3.123541154332324377e-01
3.122751835840641976e-01
3.122090323965303615e-01
3.121550817420833956e-01
3.121127812105067845e-01
3.120816082818541615e-01
3.120610666306328218e-01
3.120506845512590610e-01
3.120500134948061555e-01
3.120586267080165954e-01
3.120761179663631979e-01
3.121021003936911287e-01
3.121362053616425491e-01
3.121780814626626266e-01
3.122273935509428666e-01
3.122838218461283510e-01
3.123470610950673243e-01
3.124168197872888575e-01
3.124928194202488685e-01
3.125747938107105162e-01
3.126624884489328515e-01
3.127556598926102827e-01
3.128540751977481604e-01
3.129575113838820588e-01
3.130657549312686472e-01
3.131786013078401432e-01
3.133143960411656770e-01
3.134357754427166132e-01
3.135611948399034121e-01
3.136904814264901420e-01
3.138234694000092140e-01
3.139599996297727236e-01
3.140999193433123282e-01
3.142430818300798179e-01
3.143893461612996543e-01
3.145385769249791075e-01
3.146906439751185891e-01
3.148454221942570963e-01
3.150027912685324227e-01
3.151626354745001302e-01
3.153248434770037356e-01
3.154893081374374186e-01
3.156559263317885722e-01
3.158245987778845465e-01
3.159952298713121221e-01
3.161677275295013967e-01
3.163420030435208918e-01
3.165179709371315764e-01
3.166955488326961832e-01
