nan
9.999999527332373850e-01
9.999996580453474060e-01
9.999988203409894139e-01
9.999970708217106319e-01
9.999939878352149814e-01
9.999891090536713323e-01
9.999819396632471102e-01
9.999719579336009412e-01
9.999586190058551427e-01
9.999413574433212437e-01
9.999195816129639036e-01
9.998926263760734567e-01
9.998599400022657457e-01
9.998208853174678223e-01
9.997748086222666419e-01
9.997210396306419611e-01
9.996588913638423390e-01
9.995876600369919540e-01
9.995066249712518669e-01
9.994150485602145695e-01
9.993121763157637449e-01
9.991972370158045402e-01
9.990694429738745663e-01
9.989279904485171002e-01
9.987720602083024479e-01
9.986008182663524968e-01
9.984134167960746487e-01
9.982089952374227915e-01
9.979866816003091223e-01
9.977455939687368547e-01
9.974848422057430719e-01
9.972035298553583171e-01
9.969007562334655237e-01
9.965756186947489770e-01
9.962272150578924679e-01
9.958546461659467663e-01
9.954570185534304949e-01
9.950334471864518138e-01
9.945830582371086859e-01
9.941049918488762405e-01
9.935984048458542661e-01
9.930624733358749401e-01
9.924963951558101183e-01
9.918993921071922459e-01
9.912707119316790383e-01
9.906096299790776438e-01
9.899154505256976266e-01
9.891875077076986988e-01
9.884251660427496589e-01
9.876240331042699383e-01
9.867919562369381614e-01
9.859237375141781667e-01
9.850188606893472976e-01
9.840768360870740805e-01
9.830971987405109358e-01
9.820795062522031937e-01
9.810233364418462498e-01
9.799282848505143084e-01
9.787939621746225560e-01
9.776199917036559883e-01
9.764060068335257414e-01
9.751516487223336194e-01
9.738565641475847023e-01
9.725204036138446195e-01
9.711428197479938795e-01
9.697234660061738731e-01
9.682619957028983926e-01
9.667580613593100836e-01
9.652113143548702867e-01
9.636214048555111766e-01
9.619879819820164046e-01
9.603106941755754633e-01
9.585891897133994588e-01
9.568231173261575462e-01
9.550121268707740807e-01
9.531558700166646858e-01
9.512540009104075711e-01
9.493061767926441741e-01
9.473120585510501623e-01
9.452713112037670617e-01
9.431836043179588902e-01
9.410486123774006728e-01
9.388660151205082682e-01
9.366354978754298788e-01
9.343567519213626937e-01
9.320294749049713445e-01
9.296533713377884700e-01
9.272281531950848921e-01
9.247535406294828952e-01
9.222292628042828566e-01
9.196550588428846762e-01
9.170306788826885214e-01
9.143558852151771887e-01
9.116304534891692679e-01
9.088541739518378737e-01
9.060268527021412277e-01
9.031483129336267401e-01
9.002183961477345786e-01
8.972625334556022514e-01
8.942268716390459060e-01
8.911395538929447468e-01
8.880005035214079134e-01
8.848096676026626639e-01
8.815670179124193151e-01
8.782725518128911002e-01
8.749262931106502883e-01
8.715282928834366949e-01
8.680786302726755110e-01
8.645774132354463459e-01
8.610247792475235196e-01
8.574208959482051418e-01
8.537659617180780591e-01
8.500602061824568123e-01
8.463038906356215030e-01
8.424973083836811982e-01
8.386407850063714031e-01
8.347346785399705205e-01
8.307793795845076490e-01
8.267753113385228891e-01
8.227229295639979512e-01
8.186227224830061600e-01
