nan
9.872822429304638492e-01
9.643906714329860685e-01
9.382505125233085996e-01
9.125246278444654191e-01
8.885822468914096328e-01
8.668238163654048423e-01
8.472571449793220300e-01
8.297376879198529176e-01
8.140708764792898844e-01
8.000559403359420729e-01
7.876426946814130137e-01
7.763666340627236595e-01
7.662356843748141522e-01
7.571168749359126204e-01
7.488944471326708374e-01
7.414677226355780304e-01
7.347490706678942995e-01
7.286620783822277403e-01
7.231399523205366275e-01
7.181241441493805278e-01
7.135631794684720308e-01
7.094116640289187536e-01
7.056294418966553295e-01
7.021808823025772472e-01
6.990342748160771613e-01
6.961613154304652218e-01
6.935366688757306219e-01
6.911375948715950956e-01
6.889436280840768312e-01
6.869363032737240138e-01
6.850989185607977427e-01
6.834163309233097783e-01
6.818747790272156051e-01
6.804617292993152544e-01
6.791657418226419995e-01
6.779763531866302984e-01
6.768839738812120199e-01
6.758797982023742046e-01
6.749557249509097190e-01
6.741042874674766372e-01
6.733185917652209085e-01
6.725922617036533824e-01
6.719193903004985202e-01
6.712944964069786913e-01
6.707124860805566691e-01
6.701686180809957039e-01
6.696584729934967894e-01
6.691779255489236355e-01
6.687231197676274386e-01
6.682040448265853527e-01
6.677936299181057578e-01
6.673986455977606314e-01
6.670161193900169261e-01
6.666432554253463039e-01
6.662774210302756517e-01
6.659161345519006847e-01
6.655570542871932505e-01
6.651979684024521555e-01
6.648367857412909032e-01
6.644715274310628583e-01
6.641003192076493367e-01
6.637213843873961405e-01
6.633330374227582871e-01
6.629336779850949490e-01
6.625217855240979059e-01
6.620959142587276025e-01
6.616546885592722305e-01
6.611967986843583223e-01
6.607209968404972322e-01
6.602260935350772186e-01
6.597109541966693635e-01
6.591744960391695551e-01
6.586156851486371089e-01
6.580335337738146828e-01
6.574270978031705459e-01
6.567954744130048983e-01
6.561377998726440897e-01
6.554532474941179299e-01
6.547410257148928991e-01
6.540003763033378492e-01
6.532305726775629040e-01
6.524309183291312486e-01
6.516007453439465191e-01
6.507394130133078436e-01
6.498463065287550799e-01
6.489208357549116624e-01
6.479624340750265166e-01
6.469705573043942337e-01
6.459446826672380348e-01
6.448843078330237510e-01
6.437889500085141048e-01
6.426581450821728936e-01
6.414914468178125606e-01
6.402884260946390960e-01
6.390486701910594869e-01
6.377717821098459750e-01
6.364573799424331213e-01
6.351050962702894376e-01
6.337844590884834650e-01
6.323520110454872167e-01
6.308807623728012182e-01
6.293703945421909030e-01
6.278206011721760849e-01
6.262310876096938150e-01
6.246015705387710781e-01
6.229317776151371833e-01
6.212214471257673232e-01
6.194703276724650154e-01
6.176781778786636368e-01
6.158447661187042010e-01
6.139698702689435628e-01
6.120532774801079601e-01
6.100947839703940723e-01
6.080941948388879359e-01
6.060513238989609919e-01
6.039659935313567152e-01
6.018380345567828638e-01
5.996672861278773414e-01
5.974535956405164772e-01
5.951968186644954750e-01
5.928968188937097095e-01
