nan
9.996823749731691411e-01
9.978461313604729543e-01
9.931408923431770397e-01
9.847160166587978214e-01
9.727128859055705901e-01
9.581057533426342587e-01
9.420910308533824162e-01
9.256185349737870993e-01
9.092811766891205627e-01
8.933992741238383495e-01
8.781305512056700735e-01
8.635464689965498541e-01
8.496742488533232107e-01
8.365172023087961151e-01
8.240639585020190783e-01
8.122929474783279202e-01
8.011752408252440505e-01
7.906769133731627042e-01
7.807611703413258608e-01
7.713901764743421596e-01
7.625264990096299877e-01
7.541341380571039421e-01
7.461791783073755679e-01
7.386301302424183035e-01
7.314580392519282048e-01
7.246364361165765766e-01
7.181411900729139930e-01
7.119503112787445298e-01
7.060437358155370324e-01
7.004031147525281442e-01
6.950116197155826736e-01
6.898537708046934558e-01
6.849152882713485102e-01
6.801829666700425214e-01
6.756445687899860220e-01
6.712887361502662964e-01
6.671049128745155654e-01
6.630832801012602751e-01
6.592146985607661991e-01
6.554906574479590908e-01
6.519032281805748896e-01
6.484450220216194660e-01
6.451091508562200039e-01
6.418891906481414278e-01
6.387791472701151996e-01
6.357734245166153375e-01
6.328667941798971075e-01
6.300543681109586069e-01
6.273315722059142896e-01
6.246941222626016810e-01
6.221380016478843533e-01
6.196594407073676702e-01
6.172548978391124708e-01
6.149210421434312401e-01
6.126547375531481432e-01
6.104530283434227433e-01
6.083131259175231786e-01
6.062323967646940925e-01
6.042083514881957385e-01
6.022386348053105909e-01
6.003210164262164916e-01
5.984533827246953930e-01
5.966337291203241966e-01
5.948601530987552843e-01
5.931308478036829701e-01
5.914440961409028752e-01
5.897982653413486043e-01
5.881918019360442562e-01
5.866232271014618638e-01
5.850911323388013896e-01
5.835941754552047556e-01
5.821310768188949769e-01
5.807006158637132431e-01
5.793016278215578074e-01
5.779330006638456751e-01
5.765936722353569577e-01
5.752826275657457744e-01
5.739988963456253979e-01
5.727415505555286668e-01
5.715097022372140900e-01
5.703025013977924829e-01
5.691191340379964103e-01
5.679588202966467936e-01
5.668208127039936484e-01
5.657043945371564853e-01
5.646088782713636345e-01
5.635336041211120861e-01
5.624779386657486890e-01
5.614412735543136135e-01
5.604230242847980659e-01
5.594226290532607893e-01
5.584395476685106718e-01
5.574732605283206910e-01
5.565232676533677925e-01
5.555890877753278945e-01
5.546702574757570448e-01
5.537663303726024777e-01
5.528768763513731699e-01
5.520014808381858984e-01
5.511397441120767793e-01
5.502912806541330193e-01
5.494557185311583769e-01
5.486326988117314896e-01
5.478218750126591097e-01
5.470229125739582976e-01
5.462354883606251876e-01
5.454592901895654045e-01
5.446940163801717860e-01
5.439393753271358767e-01
5.431950850941784648e-01
5.424608730274698143e-01
5.417364753875977268e-01
5.410216369990162866e-01
5.403161109159817510e-01
5.396196581040462181e-01
5.389320471362465392e-01
5.382530539031772365e-01
5.375824613361942506e-01
5.369200591430435265e-01
5.362656435552531908e-01
5.356190170866715894e-01
