nan
9.454659224227028869e-01
8.685794720571514693e-01
7.974152716764549842e-01
7.375059773429589738e-01
6.892551544199034819e-01
6.503543507659601541e-01
6.184463256046773827e-01
5.917893959600375453e-01
5.691691921122964404e-01
5.497196390376195563e-01
5.328003118720392450e-01
5.179250171608659192e-01
5.047187754476605281e-01
4.928893917462287000e-01
4.822072314111058855e-01
4.724902884381538826e-01
4.635930117864988653e-01
4.553979168487433116e-01
4.478092839925641999e-01
4.407484176619261840e-01
4.341500658542525870e-01
4.279596985923970753e-01
4.221314214204970328e-01
4.166263594236416790e-01
4.114113918965487948e-01
4.064581505887738810e-01
4.017422181989517838e-01
3.972424808159212284e-01
3.929406001629303646e-01
3.888205801915862736e-01
3.848684088153799254e-01
3.810717600953302253e-01
3.774197455022594849e-01
3.739027053358291997e-01
3.705120332253993842e-01
3.672400280425882069e-01
3.640797686391413768e-01
3.610250076701325139e-01
3.580700814311415514e-01
3.552098331717355451e-01
3.524395477774998620e-01
3.497548960620719960e-01
3.471518871963385489e-01
3.446268280372049020e-01
3.421762883131440613e-01
3.397970707858128936e-01
3.374861856424706819e-01
3.352408284875407762e-01
3.330583613972498136e-01
3.309362965819431790e-01
3.288722822689023606e-01
3.268640904763118749e-01
3.249096063981142257e-01
3.230068191612223694e-01
3.211538137520771885e-01
3.193487639397901146e-01
3.175899260488972420e-01
3.158756334567356938e-01
3.142042917092058296e-01
3.125743741646712093e-01
3.109844180893854282e-01
3.094330211394555885e-01
3.079188381742560821e-01
3.064405783546366724e-01
3.049970024864420148e-01
3.035869205759575973e-01
3.022091895690742769e-01
3.008627112503544643e-01
2.995464302819041968e-01
2.982593323651003825e-01
2.970004425108820345e-01
2.957688234065538602e-01
2.945635738689392213e-01
2.933838273753038295e-01
2.922287506648013622e-01
2.910975424043065196e-01
2.899894319134284637e-01
2.889036779442749059e-01
2.878395675121790953e-01
2.867964147741377534e-01
2.857735599521507019e-01
2.847703682990160856e-01
2.837862291044391250e-01
2.828205547395567510e-01
2.818727797381863076e-01
2.809423599132704341e-01
2.800287715071281269e-01
2.791315103742331161e-01
2.782500911953316725e-01
2.773840467217870698e-01
2.765329270491004854e-01
2.756962989186080848e-01
2.748737450463983323e-01
2.740648634785293747e-01
2.732692669716567102e-01
2.724865823982104973e-01
2.717164501752839523e-01
2.709585237164186533e-01
2.702124689054903883e-01
2.694779635919208882e-01
2.687546971064580514e-01
2.680423697967845298e-01
2.673406925822348068e-01
2.666493865269153885e-01
2.659681824305420439e-01
2.652968204363257976e-01
2.646350496552555831e-01
2.639826278061440656e-01
2.633393208708209032e-01
2.627049027638751477e-01
2.620791550163658612e-01
2.614618664729392861e-01
2.608528330018060615e-01
2.602518572170530176e-01
2.596587482127775126e-01
2.590733213085538167e-01
2.584953978057546453e-01
2.579248047542697098e-01
2.573613747291799703e-01
2.568049456169609335e-01
2.562553604108062655e-01
