nan
7.135057998168764515e-01
5.960892367007839532e-01
5.193226615385828637e-01
4.663582302993724005e-01
4.279210846875336482e-01
3.989148102627769754e-01
3.763581052659346615e-01
3.584003348816960921e-01
3.438341108402610535e-01
3.318386694797237912e-01
3.219623480965578821e-01
3.135277090920139398e-01
3.063601618256129311e-01
3.002247147931157434e-01
2.949402140446892306e-01
2.903647871777210732e-01
2.863857717772849143e-01
2.829125936083633497e-01
2.798716324223598506e-01
2.772024561804837250e-01
2.748550157488567347e-01
2.727875255706413982e-01
2.709648420591201368e-01
2.693572083440518017e-01
2.679392722405642413e-01
2.666893104543781035e-01
2.655886101966321022e-01
2.646209721786173530e-01
2.637723080960904243e-01
2.630303123213114103e-01
2.623841923545794930e-01
2.618244461605779838e-01
2.613426771833169959e-01
2.609314398447583616e-01
2.605841098616031304e-01
2.602947748872375677e-01
2.600581418917522480e-01
2.598694583980775685e-01
2.597244452448951857e-01
2.596192389829262703e-01
2.595503423572944612e-01
2.595145816050044574e-01
2.595090695185242602e-01
2.595311734056517383e-01
2.595784872212785199e-01
2.596488072652877732e-01
2.597401109380083062e-01
2.598505381246652424e-01
2.599783748464160604e-01
2.600863168534628400e-01
2.602447875146000622e-01
2.604162559977322711e-01
2.605994654130843191e-01
2.607932479156801486e-01
2.609965168671674607e-01
2.612082598525923838e-01
2.614275324467537631e-01
2.616534526388646364e-01
2.618851958362811705e-01
2.621219903784011707e-01
2.623631135006980197e-01
2.626078876965281528e-01
2.628556774309263599e-01
2.631058861663479465e-01
2.633579536652372322e-01
2.636113535386298001e-01
2.638655910137200911e-01
2.641202008965861103e-01
2.643747457091122910e-01
2.646288139816287965e-01
2.648820186849570324e-01
2.651339957874593312e-01
2.653844029243525027e-01
2.656329181680096019e-01
2.658792388892681768e-01
2.661230807008727051e-01
2.663641764752100460e-01
2.666022754293283503e-01
2.668371422710409946e-01
2.670685564005758073e-01
2.672963111628408606e-01
2.675202131459046284e-01
2.677400815217597652e-01
2.679557474258549843e-01
2.681670533722469996e-01
2.683738527015469000e-01
2.685760090591294835e-01
2.687733959013213769e-01
2.689658960275169708e-01
2.691534011363704848e-01
2.693358114043881146e-01
2.695130350854084700e-01
2.696849881295916851e-01
2.698515938206774156e-01
2.700127824303705237e-01
2.701684908888136172e-01
2.703186624702116347e-01
2.704632464927252400e-01
2.706188306636638785e-01
2.707519417222759572e-01
2.708793483963061743e-01
2.710010214223080860e-01
2.711169362689451190e-01
2.712270729077919107e-01
2.713314155939735017e-01
2.714299526561717024e-01
2.715226762955619266e-01
2.716095823932772602e-01
2.716906703260105194e-01
2.717659427893999169e-01
2.718354056288589948e-01
2.718990676775232540e-01
2.719569406010249324e-01
2.720090387487941186e-01
2.720553790116284620e-01
2.720959806852628615e-01
2.721308653397002675e-01
2.721600566940681754e-01
2.721835804967788763e-01
2.722014644107778047e-01
2.722137379036803084e-01
