nan
9.861446091720541540e-01
9.753785117218826128e-01
9.634644338465049307e-01
9.507857044444092409e-01
9.375957393352546410e-01
9.240750920399947166e-01
9.103578780844691076e-01
8.965462244754228704e-01
8.827190731795238055e-01
8.689379653844694351e-01
8.553104549737937656e-01
8.417405523741517959e-01
8.283346254020425015e-01
8.151147763198159923e-01
8.020978839618049250e-01
7.892965744579053533e-01
7.767200036349716230e-01
7.643744920512053342e-01
7.522640434492341432e-01
7.403907700900932420e-01
7.287552430826704786e-01
7.173567818607103908e-01
7.061936939811337410e-01
6.952634741486305447e-01
6.845629696217829796e-01
6.740885177915332260e-01
6.638360606481226167e-01
6.538012399985972944e-01
6.439794766129105508e-01
6.343660359248516345e-01
6.249560824661544167e-01
6.157447248465753864e-01
6.067270527928986246e-01
5.978981675127945650e-01
5.892532064451700968e-01
5.807873632890677706e-01
5.724959040619904682e-01
5.643741798206474147e-01
5.564176365784156975e-01
5.486218228710357803e-01
5.409823953524084406e-01
5.334951227437397803e-01
5.261558884097694566e-01
5.189606917940025044e-01
5.119056489094614415e-01
5.049869920514790111e-01
4.982010688736039916e-01
4.915443409460848456e-01
4.850133818980268408e-01
4.786181509849432580e-01
4.723287403847716837e-01
4.661554602406125514e-01
4.600953094811642829e-01
4.541453859869270526e-01
4.483028836430742459e-01
4.425650893528933483e-01
4.369293800369967173e-01
4.313932196391473406e-01
4.259541561558162770e-01
4.206098187034375546e-01
4.153579146346516038e-01
4.101962267125184858e-01
4.051226103497881370e-01
4.001349909186461828e-01
3.952313611349924649e-01
3.904097785201329773e-01
3.856683629417982928e-01
3.810052942355687811e-01
3.764188099071196780e-01
3.719072029151203607e-01
3.674688195341594965e-01
3.631020572966857651e-01
3.588053630126484261e-01
3.545772308652606064e-01
3.504162005811328751e-01
3.463208556728498699e-01
3.422898217519763642e-01
3.383217649103699154e-01
3.344153901676454321e-01
3.305694399825932495e-01
3.267826928263390385e-01
3.230539618150473080e-01
3.193820933999674261e-01
3.157659661126688833e-01
3.122044893633278417e-01
3.086966022899861883e-01
3.052412726567320100e-01
3.018374957988277374e-01
2.984842936128420665e-01
2.951807135899138790e-01
2.919258278903332227e-01
2.887187324576813707e-01
2.855585461708313733e-01
2.824444100321801820e-01
2.793754863905291708e-01
2.763509581971014262e-01
2.733700282932381986e-01
2.704319187283710235e-01
2.675174186959756173e-01
2.646629767452904347e-01
2.618491252433971517e-01
2.590751569133602494e-01
2.563403806823229547e-01
2.536441211548833841e-01
2.509857181084363398e-01
2.483645260094834994e-01
2.457799135499622589e-01
2.432312632026857047e-01
2.407179707950271863e-01
2.382394451000180713e-01
2.357951074440674255e-01
2.333843913305528595e-01
2.310067420785495151e-01
2.286616164760220948e-01
2.263484824468111056e-01
2.240668187307924275e-01
2.218161145766101849e-01
2.195958694464104632e-01
2.174055927320340809e-01
2.152448034821458911e-01
2.131130301398086457e-01
