nan
9.891358263102980608e-01
9.808228054832386356e-01
9.717344538681063071e-01
9.621776790797037515e-01
9.523522144996365846e-01
9.423977617396033235e-01
9.324159277909138677e-01
9.224822439845731248e-01
9.126534850527417975e-01
9.029724663948106578e-01
8.935449324033741814e-01
8.842315677751735326e-01
8.751425368915011216e-01
8.662894630703112941e-01
8.576800493459665331e-01
8.493188429024671748e-01
8.412078503680757713e-01
8.333470360415822231e-01
8.257347273983470792e-01
8.183679465327038383e-01
8.112426819783361553e-01
8.043541121990643861e-01
7.976967896649963530e-01
7.912647926144846799e-01
7.850518502028543955e-01
7.790514456485296835e-01
7.732569011296800410e-01
7.676614475042841113e-01
7.622582813825447001e-01
7.570406116424364118e-01
7.520016971238893122e-01
7.471348769472471174e-01
7.424335946638881412e-01
7.378914172508603819e-01
7.335020497990407673e-01
7.292593466093179044e-01
7.251573192986261462e-01
7.211901424232708413e-01
7.173521570477591203e-01
7.136378726205794276e-01
7.100419674620764843e-01
7.065592881219164845e-01
7.031848478233102551e-01
6.999138241769351509e-01
6.967415563184582439e-01
6.936635415988712250e-01
6.906754319358719973e-01
6.877730299166808781e-01
6.849522847275176796e-01
6.821328636349174301e-01
6.794676537854972276e-01
6.768725856808796015e-01
6.743441666050877803e-01
6.718790281598380210e-01
6.694739222453119920e-01
6.671257171117571660e-01
6.648313934966436634e-01
6.625880408585728132e-01
6.603928537161551926e-01
6.582431280976009935e-01
6.561362581047307518e-01
6.540697325934234918e-01
6.520411319711613141e-01
6.500481251111798198e-01
6.480884663818894387e-01
6.461599927894708939e-01
6.442606212310504343e-01
6.423883458553861781e-01
6.405412355277482206e-01
6.387174313953877247e-01
6.369151445499195985e-01
6.351326537827985952e-01
6.333683034300909842e-01
6.316205013027125226e-01
6.298877166983829490e-01
6.281684784915971820e-01
6.264613732980033323e-01
6.247650437096976539e-01
6.230781865980440370e-01
6.213995514807688636e-01
6.197279389501922919e-01
6.180621991596038090e-01
6.164012303649153424e-01
6.147439775188539013e-01
6.130894309150931587e-01
6.114366248798409620e-01
6.097846365085347609e-01
6.081325844454033014e-01
6.064796277037710626e-01
6.048249645251034812e-01
6.031678312748787185e-01
6.015075013734825227e-01
5.998432842604141113e-01
5.981745243901890330e-01
5.965006002583984612e-01
5.948209234564785231e-01
5.931349377538073231e-01
5.914421182058404725e-01
5.898133276106289902e-01
5.881021295496714485e-01
5.863828156447848938e-01
5.846549732493016016e-01
5.829182170933941975e-01
5.811721885141216681e-01
5.794165547047812614e-01
5.776510079826766564e-01
5.758752650744682899e-01
5.740890664183100345e-01
5.722921754820303741e-01
5.704843780966423195e-01
5.686654818045238091e-01
5.668353152216306645e-01
5.649937274131520137e-01
5.631405872820485214e-01
5.612757829699391854e-01
5.593992212698497557e-01
5.575108270503441599e-01
5.556105426906136069e-01
5.536983275260984882e-01
5.517741573042671543e-01
5.498380236501920759e-01
