nan
9.667543265132154673e-01
9.420879628114716686e-01
9.158013742657646894e-01
8.888999665412655737e-01
8.620028874709196876e-01
8.355063533645561424e-01
8.096647425236348505e-01
7.846375787866441964e-01
7.605192853798905528e-01
7.373590662013052022e-01
7.152524224664291719e-01
6.940211100972477620e-01
6.737467551886683337e-01
6.543994165070265989e-01
6.359430973623094729e-01
6.183382381780999637e-01
6.015435091911985888e-01
5.855170875269810615e-01
5.702175540856008196e-01
5.556045102510144273e-01
5.416389885370401780e-01
5.282837122323909007e-01
5.155032450182329695e-01
5.032640610704611772e-01
4.915345583647972583e-01
4.802850320807782736e-01
4.694876206431338739e-01
4.591162336731968718e-01
4.491464686733961931e-01
4.395555214302764857e-01
4.303220937436747495e-01
4.214263010578264690e-01
4.128495817991314487e-01
4.045746096508250900e-01
3.965852095687625867e-01
3.888662780283899667e-01
3.814037077632632666e-01
3.741843170893521808e-01
3.671957837910212463e-01
3.604265834620547504e-01
3.538659321393485824e-01
3.475037330309848072e-01
3.413305271191880985e-01
3.353374474081506906e-01
3.295161765839405565e-01
3.238589078564181323e-01
3.183583087596127958e-01
3.130074876960578512e-01
3.077999630212474580e-01
3.027477612352842962e-01
2.978083501865231852e-01
2.929949962877205216e-01
2.883025918596415216e-01
2.837263164342718191e-01
2.792616174575362487e-01
2.749041924312313201e-01
2.706499723800972479e-01
2.664951065390426255e-01
2.624359481639245706e-01
2.584690413771249529e-01
2.545911089663923654e-01
2.507990410620856148e-01
2.470898846241031122e-01
2.434608336754225388e-01
2.399092202243837402e-01
2.364325058225668352e-01
2.330282737095313583e-01
2.296942214996252618e-01
2.264281543697672927e-01
2.232279787104426427e-01
2.200916962052077985e-01
2.170173983068244827e-01
2.140032610806875402e-01
2.110475403885759549e-01
2.081485673878995524e-01
2.053047443235778424e-01
2.025145405915002861e-01
1.997764890541534888e-01
1.970891825905220773e-01
1.944512708637550769e-01
1.918614572913574789e-01
1.893184962038287067e-01
1.868211901787500684e-01
1.843683875382935988e-01
1.819589799990263823e-01
1.795919004637305250e-01
1.772661209456910247e-01
1.749806506166314835e-01
1.727345339701101268e-01
1.705268490927747682e-01
1.683567060364456192e-01
1.662232452844703001e-01
1.641256363062804369e-01
1.620630761945025811e-01
1.600347883793665216e-01
1.580400214155298355e-01
1.560780478367641833e-01
1.541481630742706221e-01
1.522354219157543431e-01
1.503679302665494322e-01
1.485305360779630712e-01
1.467226168450495583e-01
1.449435683706438993e-01
1.431928039916000872e-01
1.414697538459920023e-01
1.397738641788260627e-01
1.381045966839997696e-01
1.364614278803651382e-01
1.348438485199031089e-01
1.332513630261426829e-01
1.316834889610692116e-01
1.301397565188871230e-01
1.286197080450934283e-01
1.271228975794255756e-01
1.256488904213244884e-01
1.241972627166483267e-01
1.227676010644421362e-01
1.213595021426434190e-01
1.199725723516745501e-01
1.186064274749298181e-01
1.172606923552312885e-01
