nan
9.912302707357127929e-01
9.843442649384308574e-01
9.766621347779218532e-01
9.684176777132873504e-01
9.597664189704508964e-01
9.508206958857599034e-01
9.416656472275775069e-01
9.323678011085959616e-01
9.229802135472975344e-01
9.135457887198683569e-01
9.041527165307853275e-01
8.947102892358566040e-01
8.853108234340342220e-01
8.759734249332795653e-01
8.667139031986103026e-01
8.575453003589199596e-01
8.484783234215724779e-01
8.395217006614851263e-01
8.306824779034962525e-01
8.219662666154975428e-01
8.133774529593622571e-01
8.049193749071329451e-01
7.965944730107770155e-01
7.884044192683871133e-01
7.803502276555266404e-01
7.724323492154241411e-01
7.646507540746599885e-01
7.570050023351448942e-01
7.494943054618267153e-01
7.421175795191538027e-01
7.348734913932893908e-01
7.277604989605510610e-01
7.207768860172715231e-01
7.139207926659220105e-01
7.071902417520565809e-01
7.005831618625740775e-01
6.940974073250248955e-01
6.877307755877954953e-01
6.814810223101158693e-01
6.753458744474435393e-01
6.693230415806188383e-01
6.634102257052950646e-01
6.576051296706629801e-01
6.519054644327746395e-01
6.463089552672164340e-01
6.408133470680704713e-01
6.354164088445858338e-01
6.301159375134997020e-01
6.249097610731385588e-01
6.197730205505410650e-01
6.147500442751649974e-01
6.098149976640440117e-01
6.049658592042981287e-01
6.002006470618980183e-01
5.955174198936671326e-01
5.909142774129124698e-01
5.863893607407190123e-01
5.819408525711841085e-01
5.775669771755689297e-01
5.732660002674294653e-01
5.690362287482044756e-01
5.648760103504567587e-01
5.607837331939484748e-01
5.567578252679361572e-01
5.527967538514962920e-01
5.488990248822774864e-01
5.450631822828442274e-01
5.412878072526582374e-01
5.375715175327778761e-01
5.339129666494824011e-01
5.303108431422552949e-01
5.267638697808827430e-01
5.232708027758121716e-01
5.198304309853837291e-01
5.164415751230631013e-01
5.131030869673911532e-01
5.098138485769765360e-01
5.065727715125458719e-01
5.033787960677487128e-01
5.002308905101757741e-01
4.971280503337990320e-01
4.940692975238594742e-01
4.910536798350308429e-01
4.880802700835358277e-01
4.851481654537614374e-01
4.822564868197757870e-01
4.794043780820693712e-01
4.765910055197187245e-01
4.738155571581190162e-01
4.710772421523323206e-01
4.683752901860558926e-01
4.657089508861524396e-01
4.630774932526369181e-01
4.604802051039785793e-01
4.579163925375350774e-01
4.553853794049216308e-01
4.528865068020728191e-01
4.504191325737509355e-01
4.479895818275676511e-01
4.455832231248460507e-01
4.432065359652988534e-01
4.408589403446687705e-01
4.385398707456801826e-01
4.362487757226815033e-01
4.339851174986911198e-01
4.317483715745285000e-01
4.295380263497092788e-01
4.273535827547938482e-01
4.251945538948698755e-01
4.230604647038643251e-01
4.209508516093690145e-01
4.188652622076893262e-01
4.168032549488115412e-01
4.147643988309939744e-01
4.127482731047014686e-01
4.107544669856033059e-01
4.087825793763519289e-01
4.068322185968828442e-01
4.049030021229703680e-01
4.029945563327829161e-01
4.011065162611919810e-01
