nan
9.997186866617231438e-01
9.989537599309801230e-01
9.975624056487863989e-01
9.954699387299030811e-01
9.926497063298821422e-01
9.891139411567974049e-01
9.849052834305229709e-01
9.800883968728506535e-01
9.747419156776228055e-01
9.689512074429356137e-01
9.628186087430370410e-01
9.563846833653766311e-01
9.497522988910165331e-01
9.429881873570834516e-01
9.361499842788940651e-01
9.292863228174116363e-01
9.224374204762859630e-01
9.156359369269407855e-01
9.089079409797844455e-01
9.022738788582912450e-01
8.957494793658058452e-01
8.893465631875016042e-01
8.830737447589779299e-01
8.769370281124294619e-01
8.709403052020601166e-01
8.650857683871164827e-01
8.593742495168696927e-01
8.538054974733650937e-01
8.483784047786168125e-01
8.430911923895816340e-01
8.379415603290941705e-01
8.329268104570179965e-01
8.280439465231461682e-01
8.232897556701100905e-01
8.186608747573342892e-01
8.141538442330941150e-01
8.097651517657961096e-01
8.054912674337784129e-01
8.013286719442980210e-01
7.972738790894069449e-01
7.933234534350493972e-01
7.894740240687232458e-01
7.857222950918095750e-01
7.820650534284691036e-01
7.784991744286879900e-01
7.750216256647265434e-01
7.716294692548079093e-01
7.683198629930648726e-01
7.650900605186652381e-01
7.619123167423502707e-01
7.588347454504119627e-01
7.558292781202139432e-01
7.528935425273634019e-01
7.500252542719982873e-01
7.472222143012088313e-01
7.444823062944557757e-01
7.418034939618175505e-01
7.391838182952604752e-01
7.366213948051388849e-01
7.341144107674955066e-01
7.316611225022676690e-01
7.292598526979934270e-01
7.269089877949264089e-01
7.246069754354416137e-01
7.223523219881738955e-01
7.201435901503281389e-01
7.179793966310092923e-01
7.158584099171356740e-01
7.137793481224717906e-01
7.117409769195169877e-01
7.097421075533507651e-01
7.077815949360453107e-01
7.058583358198913249e-01
7.039712670473936562e-01
7.021193638758009836e-01
7.003016383737921124e-01
6.985171378878435311e-01
6.967649435757595766e-01
6.950441690048237975e-01
6.933539588120322117e-01
6.916934874238941378e-01
6.900619578333306858e-01
6.884586004312449603e-01
6.868826718904016415e-01
6.853334540993221147e-01
6.838102531439670395e-01
6.823123983350597443e-01
6.808392412789717740e-01
6.793901549901836256e-01
6.779645330433887729e-01
6.765617887634151062e-01
6.751813544511866549e-01
6.738226806440452687e-01
6.724852354088139972e-01
6.711685036660541837e-01
6.698719865440528887e-01
6.685952007611213332e-01
6.673376780348739823e-01
6.661131845355372505e-01
6.648927580917127766e-01
6.636902759176009914e-01
6.625053242606185888e-01
6.613375017786845556e-01
6.601864190863860893e-01
6.590516983203754675e-01
6.579329727230995850e-01
6.568298862439977404e-01
6.557420931573564316e-01
6.546692576960391197e-01
6.536110537003588794e-01
6.525671642813899442e-01
6.515372814980512350e-01
6.505211060473330420e-01
6.495183469670613441e-01
6.485287213506298887e-01
6.475519540731557999e-01
6.465877775285432394e-01
6.456359313769640673e-01
6.446961623022887666e-01
6.437682237790199880e-01
6.428518758483153794e-01
