nan
6.906226697465859266e-01
5.712772860239778705e-01
4.933102454432422568e-01
4.393205640896550856e-01
3.998893414751447106e-01
3.698878498696066552e-01
3.463309607238785337e-01
3.273711730431676514e-01
3.118052801631781557e-01
2.988161645897006169e-01
2.879098162235564362e-01
2.785059974033848862e-01
2.703805593132008744e-01
2.632995414107299759e-01
2.570823642938376286e-01
2.515873889521066942e-01
2.467019321904705964e-01
2.423352106520983706e-01
2.384132567381241630e-01
2.348751912413684917e-01
2.316704476827656511e-01
2.287566759985559806e-01
2.260981388942990278e-01
2.236644706601316479e-01
2.214297061831238256e-01
2.193715138228237438e-01
2.174705838189732732e-01
2.157101365819671102e-01
2.140755242701329886e-01
2.125539056019374040e-01
2.111339786360872661e-01
2.098057597888263737e-01
2.085603999975708944e-01
2.073900309291867861e-01
2.062876356433061276e-01
2.052469392800041481e-01
2.042623162363543243e-01
2.033287109929351466e-01
2.024415702970911168e-01
2.015967848401583051e-01
2.007906389073848274e-01
2.000197667519040823e-01
1.992811146629349939e-01
1.985719078749784705e-01
1.978896216079820136e-01
1.972319556451799516e-01
1.965968119508632872e-01
1.959822749089253358e-01
1.953865938279207015e-01
1.948003806081034517e-01
1.942377312012978086e-01
1.936895348832663177e-01
1.931545607599360614e-01
1.926316803501573194e-01
1.921198587095784560e-01
1.916181464423339920e-01
1.911256724970859244e-01
1.906416376575788274e-01
1.901653086495497524e-01
1.896960127958115527e-01
1.892331331598942901e-01
1.887761041260201389e-01
1.883244073695344856e-01
1.878775681774475514e-01
1.874351520834856011e-01
1.869967617862201559e-01
1.865620343224401179e-01
1.861306384710821049e-01
1.857022723657908436e-01
1.852766612965875137e-01
1.848535556832400228e-01
1.844327292047883149e-01
1.840139770713130896e-01
1.835971144254837650e-01
1.831819748626901667e-01
1.827684090596972122e-01
1.823562835027612572e-01
1.819454793070325316e-01
1.815358911198559355e-01
1.811274261012945641e-01
1.807200029758159465e-01
1.803135511496463117e-01
1.799080098887990975e-01
1.795033275532325612e-01
1.790994608829865886e-01
1.786963743325205856e-01
1.782940394497883052e-01
1.778924342968843109e-01
1.774915429093572028e-01
1.770913547915240749e-01
1.766918644453307485e-01
1.762930709305064181e-01
1.758949774539237398e-01
1.754975909862514782e-01
1.751009219041175791e-01
1.747049836561395952e-01
1.743097924513027919e-01
1.739153669682670933e-01
1.735203423658456534e-01
1.731275122161479996e-01
1.727355164121525954e-01
1.723443809881879674e-01
1.719541332641195963e-01
1.715648016557526356e-01
1.711764154986487318e-01
1.707890048845449871e-01
1.704026005096233587e-01
1.700172335339164009e-01
1.696329354511846577e-01
1.692497379686374037e-01
1.688676728959140616e-01
1.684867720427629667e-01
1.681070671249085824e-01
1.677285896776073426e-01
1.673513709764346824e-01
1.669754419648661614e-01
1.666008331882423421e-01
1.662275747337271514e-01
1.658556961758993753e-01
1.654852265276230694e-01
1.651161941958802226e-01
