nan
4.859072786174145064e-01
3.770761760594540934e-01
3.167680653479727493e-01
2.787594928978792685e-01
2.527564837154963606e-01
2.339556905817531118e-01
2.198154373811725126e-01
2.088633373601834486e-01
2.001865762980507557e-01
1.931886738102144285e-01
1.875351064551448177e-01
1.827928626334716922e-01
1.788285961394146528e-01
1.754876596054892879e-01
1.726527280449985380e-01
1.702331963169733953e-01
1.681580010732227348e-01
1.663706408412861659e-01
1.648256459695772447e-01
1.634860281266458659e-01
1.623214058939587701e-01
1.613066060115050659e-01
1.604206050719111931e-01
1.596457187179934067e-01
1.589669733415404185e-01
1.583716141056663307e-01
1.578487160125740252e-01
1.573888737169463203e-01
1.569839521246776948e-01
1.566268843524961096e-01
1.563115069093852505e-01
1.560324243675437206e-01
1.557848975726049412e-01
1.555647507752875025e-01
1.553682940722441175e-01
1.551922583093759134e-01
1.550337401884260558e-01
1.548901557720781530e-01
1.547592009368339572e-01
1.546388176006595339e-01
1.545271647717302022e-01
1.544225936388235743e-01
1.543236260632144807e-01
1.542289359438706597e-01
1.541373330182082280e-01
1.540477487341640472e-01
1.539592238893124632e-01
1.538708977819376322e-01
1.537819986594847477e-01
1.536823395457419250e-01
1.535903991352325360e-01
1.534960261126639136e-01
1.533987288381273295e-01
1.532980708978356754e-01
1.531936663588454872e-01
1.530851755021029048e-01
1.529723009743559348e-01
1.528547843077718016e-01
1.527324027631815351e-01
1.526049664588752519e-01
1.524723157520363193e-01
1.523343188442882745e-01
1.521908695866021066e-01
1.520418854620560756e-01
1.518873057277106697e-01
1.517270896992694018e-01
1.515612151642484751e-01
1.513896769111700569e-01
1.512124853638231736e-01
1.510296653109730325e-01
1.508412547230432166e-01
1.506473036483060579e-01
1.504478731819601234e-01
1.502430345022461033e-01
1.500328679683856914e-01
1.498174622757078300e-01
1.495969136638115038e-01
1.493713251740438064e-01
1.491408059529531482e-01
1.489054705986965210e-01
1.486654385476690599e-01
1.484208334988718347e-01
1.481717828737581233e-01
1.479184173094834076e-01
1.476608701836591708e-01
1.473992771688577286e-01
1.471337758152463093e-01
1.468645051598483076e-01
1.465916053610292202e-01
1.463152173569021441e-01
1.460354825464246498e-01
1.457525424920379786e-01
1.454665386427650142e-01
1.451776120767388489e-01
1.448859032621998000e-01
1.445915518360331442e-01
1.442946963989819587e-01
1.439954743266977089e-01
1.436929642713277999e-01
1.433893885278336444e-01
1.430838506435570534e-01
1.427764814731784238e-01
1.424674099115757209e-01
1.421567627845535253e-01
1.418446647505376135e-01
1.415312382126531487e-01
1.412166032406249605e-01
1.409008775019670867e-01
1.405841762019442165e-01
1.402666120318120935e-01
1.399482951248650353e-01
1.396293330198337679e-01
1.393098306311995604e-01
1.389898902260068847e-01
1.386696114067741126e-01
1.383490911001190038e-01
1.380284235507311386e-01
1.377077003203410754e-01
1.373870102913502533e-01
1.370664396747963421e-01
1.367460720223552251e-01
