nan
9.496123477768360077e-01
9.140523482868302407e-01
8.775439678163852175e-01
8.415244782320326911e-01
8.067623960859857668e-01
7.736572058274528985e-01
7.423908735632975819e-01
7.130143231967706052e-01
6.854998860717532727e-01
6.597740994479694976e-01
6.358180398651900322e-01
6.133461807896112283e-01
5.923444018227478347e-01
5.726993680534135933e-01
5.543026847563280457e-01
5.370524732610154617e-01
5.208541083949568273e-01
5.056204209455893439e-01
4.912715676581529967e-01
4.777347033413282817e-01
4.649435438470684301e-01
4.528378778050298759e-01
4.413630641919818465e-01
4.304695388507104314e-01
4.201123437445260511e-01
4.102506865533234737e-01
4.008475341729580421e-01
3.918692410817168903e-01
3.832852119152454495e-01
3.750675966232355774e-01
3.671910160479968099e-01
3.596323155172732600e-01
3.523703439795096148e-01
3.453857562604439879e-01
3.386608361389817912e-01
3.321793380969372267e-01
3.259263457711072398e-01
3.198881453141836917e-01
3.140521120450260883e-01
3.084066089339878580e-01
3.029408956225893568e-01
2.976450468177492814e-01
2.925098790286879136e-01
2.875268847298578234e-01
2.826881731365366579e-01
2.779864168718177986e-01
2.734148038856935581e-01
2.689669940596294273e-01
2.646370799944256502e-01
2.604351014046050183e-01
2.563243675469373817e-01
2.523160866616178111e-01
2.484057578184441228e-01
2.445891656587496077e-01
2.408623584972607035e-01
2.372216283663438341e-01
2.336634928081513241e-01
2.301846782413802528e-01
2.267821047481134722e-01
2.234528721428503950e-01
2.201942472005352092e-01
2.170036519334579139e-01
2.138786528184668245e-01
2.108169508862180463e-01
2.078163725933126482e-01
2.048748614062893270e-01
2.019904700336574987e-01
1.991613532485935478e-01
1.963857612506381967e-01
1.936620335198518672e-01
1.909885931214344024e-01
1.883639414228962805e-01
1.857866531894926954e-01
1.832553720269046171e-01
1.807688061430512416e-01
1.783257244035391653e-01
1.759249526575896450e-01
1.735653703133943626e-01
1.712459071437354152e-01
1.689655403044057480e-01
1.667232915494963885e-01
1.645182246289964845e-01
1.623494428553863000e-01
1.602160868270455785e-01
1.581173322972891371e-01
1.560523881787781730e-01
1.540204946738804870e-01
1.520209215223012056e-01
1.500529663579996120e-01
1.481159531680213692e-01
1.462092308464447987e-01
1.443321718371500251e-01
1.424841708595992462e-01
1.406646437122306970e-01
1.388730261484755479e-01
1.371087728207525391e-01
1.353713562881354027e-01
1.336602660836776202e-01
1.319619321393897260e-01
1.303022278230141773e-01
1.286674081410721926e-01
1.270570223713811953e-01
1.254706328696069406e-01
1.239078144247444946e-01
1.223681536528153230e-01
1.208512484264641501e-01
1.193567073382898469e-01
1.178841491958747129e-01
1.164332025466130183e-01
1.150035052305464905e-01
1.135947039595295444e-01
1.122064539211482248e-01
1.108384184059130750e-01
1.094902684563299061e-01
1.081616825365463302e-01
1.068523462213348540e-01
1.055619519032608422e-01
1.042901985169416429e-01
1.030367912793724861e-01
1.018014414453539407e-01
1.005838660771082721e-01
