nan
9.971250914381510899e-01
9.948392938768234606e-01
9.922639575473078954e-01
9.894709691504497417e-01
9.865079017364007941e-01
9.834092154528267793e-01
9.802012893230678259e-01
9.769050780030652525e-01
9.735376711539226458e-01
9.701132803874203958e-01
9.666691373711716606e-01
9.631585309537242789e-01
9.596230464430085538e-01
9.560701211043738379e-01
9.525062734695489697e-01
9.489372358908209071e-01
9.453680625912745938e-01
9.418032185805267353e-01
9.382466535186146928e-01
9.347018636346073883e-01
9.311719440767909362e-01
9.276596335270351767e-01
9.241673525045749349e-01
9.206972364775405371e-01
9.172511646675696184e-01
9.138307852544114152e-01
9.104375375496543965e-01
9.070726716014003710e-01
9.037372656074375010e-01
9.004322414477710090e-01
8.971583785941723566e-01
8.939163266116801898e-01
8.907066164324173307e-01
8.875296705539493791e-01
8.843858122913554887e-01
8.812752741931809686e-01
8.781982057156946242e-01
8.751546802367567990e-01
8.721447014796118724e-01
8.691682094076795817e-01
8.662250856435950164e-01
8.633151584591164385e-01
8.604382073768509498e-01
8.575939674199092311e-01
8.547821330414288044e-01
8.520023617623075918e-01
8.492542775423866930e-01
8.465374739076045874e-01
8.438515168532968458e-01
8.411485591006980789e-01
8.385257819815522540e-01
8.359322559140391906e-01
8.333674718121555358e-01
8.308309040442166671e-01
8.283220123844425853e-01
8.258402438289703662e-01
8.233850342862713001e-01
8.209558101510472383e-01
8.185519897698887437e-01
8.161729848062538872e-01
8.138182015116961487e-01
8.114870419096952281e-01
8.091789048979229904e-01
8.068931872743319023e-01
8.046292846920115593e-01
8.023865925474027438e-01
8.001645068061052912e-01
7.979624247702000739e-01
7.957797457907397343e-01
7.936158719287838004e-01
7.914702085681358801e-01
7.893421649827120357e-01
7.872311548612829224e-01
7.851365967921389855e-01
7.830579147100756865e-01
7.809945383079259784e-01
7.789459034147402372e-01
7.769114523425737495e-01
7.748906342037240602e-01
7.728829052001489064e-01
7.708877288866901045e-01
7.689045764096344993e-01
7.669329267220491575e-01
7.649722667772498319e-01
7.630220917016772297e-01
7.610819049483934506e-01
7.591512184323273571e-01
7.572295526483505679e-01
7.553164367731952655e-01
7.534114087521748271e-01
7.515140153716106663e-01
7.496238123178259327e-01
7.477403642235183057e-01
7.458632447022753853e-01
7.439920363719660923e-01
7.421263308676915305e-01
7.402657288449503437e-01
7.384098399736358509e-01
7.366175131382728392e-01
7.347671204801585754e-01
7.329204265069030333e-01
7.310770725868317443e-01
7.292367091394598155e-01
7.273989955764386117e-01
7.255636002373802018e-01
7.237302003209414858e-01
7.218984818115036228e-01
7.200681394017902637e-01
7.182388764117273450e-01
7.164104047038555301e-01
7.145824445955710758e-01
7.127547247684666853e-01
7.109269821750288099e-01
7.090989619429327595e-01
7.072704172771645537e-01
7.054411093601903326e-01
7.036108072503756139e-01
7.017792877788511241e-01
6.999463354450107255e-01
6.981117423108158526e-01
6.962753078940694396e-01
