nan
9.743166947081065565e-01
9.064317097176153304e-01
8.387221395869961516e-01
7.805875590907076500e-01
7.320529547057473829e-01
6.915284118104618738e-01
6.574242261438365542e-01
6.284421551260416239e-01
6.035731301217015510e-01
5.820403547328467653e-01
5.633761001418778891e-01
5.468345072023791387e-01
5.321938346950304544e-01
5.191590770507525932e-01
5.074926292680251860e-01
4.970011503943903564e-01
4.875258105731283820e-01
4.789349730177905884e-01
4.711186433949417496e-01
4.639842149475186250e-01
4.574531735207901795e-01
4.514585211369813167e-01
4.459427429309707480e-01
4.408561889941293721e-01
4.361557759964716507e-01
4.318039374502474770e-01
4.277677689222093571e-01
4.240183273060756930e-01
4.205300527526131815e-01
4.172802889449679364e-01
4.142488827518031047e-01
4.114178483529409847e-01
4.087710840434914950e-01
4.062941323231250568e-01
4.039739757426079048e-01
4.017988624390365082e-01
3.997581564401360144e-01
3.978422087280417130e-01
3.960422457780712890e-01
3.943502728688692560e-01
3.927589899281440089e-01
3.912617180569459285e-01
3.898523351834444206e-01
3.885252195489080629e-01
3.872751999351818908e-01
3.860975117132732781e-01
3.849877579336016264e-01
3.839418747955791744e-01
3.829561009318786513e-01
3.819899557896955788e-01
3.811145859359736932e-01
3.802895848188248551e-01
3.795121549685095408e-01
3.787796902376295849e-01
3.780897598983740115e-01
3.774400942959026395e-01
3.768285718831283493e-01
3.762532074842390717e-01
3.757121416532934743e-01
3.752036310105859029e-01
3.747260394536285899e-01
3.742778301518601691e-01
3.738575582448091517e-01
3.734638641727276442e-01
3.730954675767625406e-01
3.727511617127868271e-01
3.724298083292136852e-01
3.721303329644982116e-01
3.718517206248256324e-01
3.715930118066613219e-01
3.713532988325436990e-01
3.711317224717679553e-01
3.709274688205090320e-01
3.707397664184761132e-01
3.705678835815027217e-01
3.704111259314770699e-01
3.702688341068215427e-01
3.701403816383647127e-01
3.700251729768631037e-01
3.699226416597186096e-01
3.698322486056097036e-01
3.697534805267687075e-01
3.696858484495742503e-01
3.696288863349604936e-01
3.695821497909079212e-01
3.695452148699319705e-01
3.695176769451358201e-01
3.694991496589110636e-01
3.694892639388911437e-01
3.694876670762141102e-01
3.694940218615485605e-01
3.695080057747272551e-01
3.695293102241646865e-01
3.695576398325247092e-01
3.695927117654368432e-01
3.696342551002359533e-01
3.696820102320172441e-01
3.697357283144498408e-01
3.698147682545964710e-01
3.698796092908621658e-01
3.699497273124717212e-01
3.700249115131282740e-01
3.701049594950343025e-01
3.701896768748799693e-01
3.702788769114578882e-01
3.703723801535606097e-01
3.704700141068762997e-01
3.705716129187054397e-01
3.706770170794108088e-01
3.707860731395690168e-01
3.708986334418818420e-01
3.710145558669566968e-01
3.711337035921351557e-01
3.712559448625967762e-01
3.713811527740235041e-01
3.715092050661471523e-01
3.716399839265603355e-01
3.717733758042027215e-01
3.719092712319688743e-01
3.720475646579337048e-01
3.721881542847074176e-01
