nan
7.873413037443593998e-01
6.679502824697272079e-01
5.857958896745801836e-01
5.269564488154682147e-01
4.829967211731235333e-01
4.489940949637716283e-01
4.219551287852682520e-01
3.999699663482254031e-01
3.817664603747590313e-01
3.664654680780483620e-01
3.535327678983391508e-01
3.423200791175150526e-01
3.325809956148101376e-01
3.240526313051042551e-01
3.165306466480419245e-01
3.098537772596048900e-01
3.038930292013372059e-01
2.985439765417339797e-01
2.937211686761260765e-01
2.893540019940857300e-01
2.853836267748287581e-01
2.817605982160524825e-01
2.784430705026040842e-01
2.753953926711512623e-01
2.725870055469926667e-01
2.699915669169197785e-01
2.675862515881762271e-01
2.653511867903749488e-01
2.632689932870990179e-01
2.613244097624420892e-01
2.595039833353035563e-01
2.577958129787391583e-01
2.561893355628935276e-01
2.546751464644772533e-01
2.532448483825546770e-01
2.518909233051292440e-01
2.506066235819092158e-01
2.493858788474613841e-01
2.482232161586880315e-01
2.471136912005603148e-01
2.460528288038077993e-01
2.450365713301075887e-01
2.440612337311859614e-01
2.431234642910832244e-01
2.422202102257050016e-01
2.413486874483759537e-01
2.405063539205232470e-01
2.396908860975626165e-01
2.389001580552919946e-01
2.381236583573221877e-01
2.373767005900641880e-01
2.366491230183470629e-01
2.359394229993264647e-01
2.352462207478840384e-01
2.345682486969475622e-01
2.339043419168607973e-01
2.332534294714002920e-01
2.326145266040487991e-01
2.319867276618408636e-01
2.313691996758363845e-01
2.307611765273778759e-01
2.301619536379776176e-01
2.295708831282029794e-01
2.289873693974309454e-01
2.284108650819804132e-01
2.278408673540467944e-01
2.272769145281427206e-01
2.267185829454680945e-01
2.261654841099243751e-01
2.256172620523274885e-01
2.250735909019106196e-01
2.245341726464093746e-01
2.239987350639743857e-01
2.234670298118851262e-01
2.229388306585561308e-01
2.224139318466787363e-01
2.218921465765407719e-01
2.213733055996260635e-01
2.208572559135491276e-01
2.203438595502208441e-01
2.198329924498936272e-01
2.193245434144129591e-01
2.188184131336026184e-01
2.183145132792496668e-01
2.178127656616462016e-01
2.173131014440780884e-01
2.168154604110436590e-01
2.163197902863414901e-01
2.158260460974852912e-01
2.153341895831938357e-01
2.148441886409619139e-01
2.143560168119647280e-01
2.138696528007501818e-01
2.133850800273823511e-01
2.129022862098645386e-01
2.124212629748467307e-01
2.119420054947555032e-01
2.114645121496324942e-01
2.109872039800822219e-01
2.105132520203279178e-01
2.100410757916240378e-01
2.095706835768873233e-01
2.091020854923238970e-01
2.086352932677709160e-01
2.081703200426349432e-01
2.077071801764593939e-01
2.072458890732029879e-01
2.067864630183851860e-01
2.063289190282992791e-01
2.058732747105441740e-01
2.054195481351777097e-01
2.049677577158321162e-01
2.045179221001752756e-01
2.040700600691374433e-01
2.036241904443621686e-01
2.031803320033663818e-01
2.027385034019263677e-01
2.022987231032411792e-01
2.018610093134465266e-01
2.014253799230715236e-01
2.009918524540669493e-01
