nan
9.977683574288747081e-01
9.920215891251767948e-01
9.823562287369352886e-01
9.692620232053250628e-01
9.536723703798541951e-01
9.365897716017603791e-01
9.188560809168608845e-01
9.010797396600987996e-01
8.836566811545673028e-01
8.668229332238374107e-01
8.507658041823989992e-01
8.354115102275951887e-01
8.208474403673671205e-01
8.070600395093942003e-01
7.940205658004583222e-01
7.816919067085923434e-01
7.700328941707420549e-01
7.590010348540441321e-01
7.485542219426531974e-01
7.386517822410205714e-01
7.292550845984772101e-01
7.203278578016276690e-01
7.118363172242793135e-01
7.037491677651346311e-01
6.960375292810752068e-01
6.886748160646901651e-01
6.816365916981930173e-01
6.749004134636672481e-01
6.684456754963468139e-01
6.622534564106208332e-01
6.563063747656068259e-01
6.505884541497711782e-01
6.450849986214086673e-01
6.397824785771542011e-01
6.346684267147537639e-01
6.297313435243718782e-01
6.249606116255351784e-01
6.203464182233450197e-01
6.158796849599684764e-01
6.115520044668791844e-01
6.073555829675564288e-01
6.032831883314304644e-01
5.993281030328430070e-01
5.954840815206512428e-01
5.917453115532380625e-01
5.881063790991647444e-01
5.845622364452596198e-01
5.811081731915191950e-01
5.777397898459917247e-01
5.744472515119780631e-01
5.712378937925358668e-01
5.681026662290702411e-01
5.650381916150295503e-01
5.620413025898163273e-01
5.591090262911474484e-01
5.562385702866591286e-01
5.534273096656338042e-01
5.506727751838125240e-01
5.479726423650054246e-01
5.453247214728486059e-01
5.427269482746344131e-01
5.401773755268421962e-01
5.376741651188639004e-01
5.352155808175773632e-01
5.327999815609387735e-01
5.304258152537129067e-01
5.280916130228897609e-01
5.257959838943279118e-01
5.235376098557381619e-01
5.213152412743395914e-01
5.191276926404183589e-01
5.169738386106178529e-01
5.148526103271500176e-01
5.127629919912203293e-01
5.107040176708864676e-01
5.086747683252818009e-01
5.066743690287092150e-01
5.047019863795150219e-01
5.027568260799292199e-01
5.008381306742325512e-01
4.989451774336364775e-01
4.970772763772477454e-01
4.952337684193234280e-01
4.934140236338447894e-01
4.916174396281260406e-01
4.898434400178495740e-01
4.880914729965074028e-01
4.863610099927709873e-01
4.846515444098118963e-01
4.829625904410574933e-01
4.812936819572642411e-01
4.796443714601899555e-01
4.780142290984881748e-01
4.764028417417668915e-01
4.748098121090503776e-01
4.732347579481540611e-01
4.716773112627293263e-01
4.701371175839638705e-01
4.686090835034807944e-01
4.671025011199688159e-01
4.656121806016819131e-01
4.641378151840855892e-01
4.626791085629014533e-01
4.612357743814185507e-01
4.598075357464224133e-01
4.583941247710286993e-01
4.569952821428127643e-01
4.556107567157432481e-01
4.542403051245051948e-01
4.528836914199104169e-01
4.515406867241561484e-01
4.502110689047815750e-01
4.488946222662460461e-01
4.475911372581045655e-01
4.463004101988422012e-01
4.450222430144647467e-01
4.437564429910108577e-01
4.425028225401980153e-01
4.412611989774616328e-01
4.400313943116898052e-01
4.388132350460004494e-01
