nan
9.993121359408241311e-01
9.955832773162567317e-01
9.869979079693307344e-01
9.736347810890801924e-01
9.570328378480081888e-01
9.388938319539917865e-01
9.204605476353474591e-01
9.024862606801030696e-01
8.853743714344032290e-01
8.693105300467324215e-01
8.544448857497054517e-01
8.405666834389667885e-01
8.277380968100240821e-01
8.158909856411270534e-01
8.049507682756291693e-01
7.948424897196432193e-01
7.854940761035462682e-01
7.768379516216797898e-01
7.688117106005738499e-01
7.613582535666216788e-01
7.544256290008753973e-01
7.479667234130805697e-01
7.419388833403985917e-01
7.363035175463875648e-01
7.310257065057057524e-01
7.260738335689231882e-01
7.214192446500943268e-01
7.170359388485179064e-01
7.129002898826202195e-01
7.089907968323081455e-01
7.052878619992428710e-01
7.017735934210306281e-01
6.984316295421597598e-01
6.952469836452683793e-01
6.922059058161219580e-01
6.892957604153708839e-01
6.865049172367515551e-01
6.838226547317054482e-01
6.812390738675518920e-01
6.787450213571193380e-01
6.763320211511107960e-01
6.739922132208228112e-01
6.717182987791450177e-01
6.695034911933761546e-01
6.673414719358189418e-01
6.652263509988252110e-01
6.631526312712997528e-01
6.611151764350363669e-01
6.591091819926565565e-01
6.570483757599756558e-01
6.550962306188943263e-01
6.531626950643157903e-01
6.512440649151545191e-01
6.493368583734373534e-01
6.474378000115168508e-01
6.455438061833590480e-01
6.436519717164679300e-01
6.417595577568636633e-01
6.398639806534783814e-01
6.379628017806397988e-01
6.360537182081889007e-01
6.341345541383588413e-01
6.322032530370621517e-01
6.302578703947567806e-01
6.282965670587397078e-01
6.263176030846587805e-01
6.243193320603062091e-01
6.223001958594540639e-01
6.202587197876777703e-01
6.181935080858544929e-01
6.161032397603419808e-01
6.139866647118368270e-01
6.118426001375788514e-01
6.096699271839358669e-01
6.074675878285735742e-01
6.052345819733109256e-01
6.029699647305009069e-01
6.006728438873301101e-01
5.983423775338090334e-01
5.959777718415140146e-01
5.935782789812493743e-01
5.911431951688398412e-01
5.886718588291945942e-01
5.861636488696030378e-01
5.836179830540182412e-01
5.810343164707416630e-01
5.784121400865838147e-01
5.757509793811272925e-01
5.730503930552545144e-01
5.703099718085820058e-01
5.675293371808866061e-01
5.647081404530037707e-01
5.618460616030755972e-01
5.589428083143523907e-01
5.559981150310904230e-01
5.530117420593939626e-01
5.499834747101303156e-01
5.469131224813241765e-01
5.438660276543781924e-01
5.407068460725703574e-01
5.375052860966715862e-01
5.342612412534231137e-01
5.309746259112555489e-01
5.276453746485769702e-01
5.242734416511353190e-01
5.208588001378559040e-01
5.174014418148543681e-01
5.139013763576251170e-01
5.103586309217413852e-01
5.067732496827620503e-01
5.031452934064513105e-01
4.994748390508351732e-01
4.957619794021290160e-01
4.920068227471121047e-01
4.882094925851366285e-01
4.843701273836609755e-01
4.804888803819677423e-01
4.765659194486226991e-01
4.726014269992223626e-01
4.685955999821005968e-01
4.645486499409451353e-01
