nan
9.998113013406056959e-01
9.992921553279390245e-01
9.983385541829284948e-01
9.968895488663538362e-01
9.949149591179412555e-01
9.924103073181491652e-01
9.893922539838312380e-01
9.858940036471081081e-01
9.819607067420481616e-01
9.776450978044612938e-01
9.730176603433657867e-01
9.680984926618594333e-01
9.629671494249556485e-01
9.576749643752522356e-01
9.522687320808858047e-01
9.467901723590131935e-01
9.412757866380457861e-01
9.357569870115697297e-01
9.302604003132224353e-01
9.248082723121453519e-01
9.194189177593971030e-01
9.141071790621976279e-01
9.088848695666078559e-01
9.037611871528331564e-01
8.987430907011255687e-01
8.938356366153694665e-01
8.890422755729462390e-01
8.843651114752485443e-01
8.798051255674812499e-01
8.753623691490370895e-01
8.710361284002999804e-01
8.668250647433831668e-01
8.627273339248701101e-01
8.587406867190112703e-01
8.548625538390454137e-01
8.510901173364600059e-01
8.474203704770467693e-01
8.438501678158791819e-01
8.403762669539036612e-01
8.369953632471170968e-01
8.337041185541075317e-01
8.304991849471510257e-01
8.273772241735919408e-01
8.243349235354947568e-01
8.213690087540180818e-01
8.184762542984675981e-01
8.156534915863583590e-01
8.128976153983377140e-01
8.102055887987789085e-01
8.075189237185702584e-01
8.049487295973123402e-01
8.024335645131612793e-01
7.999707022978952420e-01
7.975574937702566425e-01
7.951913667933898644e-01
7.928698259258171177e-01
7.905904517421831201e-01
7.883508998879433793e-01
7.861488999219898854e-01
7.839822539925591638e-01
7.818488353844638139e-01
7.797465869694806262e-01
7.776735195864910022e-01
7.756277103735108591e-01
7.736073010699975327e-01
7.716104963046099829e-01
7.696355618809403998e-01
7.676808230714070591e-01
7.657446629276219996e-01
7.638255206138803155e-01
7.619218897690761549e-01
7.600323169011833357e-01
7.581553998174704878e-01
7.562897860928213811e-01
7.544341715778363211e-01
7.525872989478368247e-01
7.507479562934281647e-01
7.489149757528740237e-01
7.470872321862471743e-01
7.452636418910228988e-01
7.434431613586155452e-01
7.416247860711583373e-01
7.398075493377140877e-01
7.379905211689976596e-01
7.361728071896173065e-01
7.343535475867790652e-01
7.325319160943792873e-01
7.307071190113707537e-01
7.288783942532833793e-01
7.270450104357825127e-01
7.252062659891611585e-01
7.233614883026581177e-01
7.215100328975371236e-01
7.196512826278722574e-01
7.177846469080172431e-01
7.159095609657565307e-01
7.140254851201877084e-01
7.121319040833936631e-01
7.102907569924775677e-01
7.083736206400846891e-01
7.064456794676847728e-01
7.045065051022662006e-01
7.025556905812683217e-01
7.005928497699809299e-01
6.986176167977065088e-01
6.966296455119675990e-01
6.946286089500832706e-01
6.926141988274592265e-01
6.905861250419657038e-01
6.885441151938097581e-01
6.864879141203367174e-01
6.844172834451970333e-01
6.823320011413779307e-01
6.802318611075778287e-01
6.781166727574550190e-01
6.759862606212813096e-01
6.738404639595572121e-01
6.716791363881646770e-01
6.695021455146367151e-01
6.673093725851561020e-01
6.651007121418907042e-01
