nan
7.144842446457144725e-01
6.145936721713417539e-01
5.468585669016269302e-01
4.987690509908960235e-01
4.631718078933029781e-01
4.359407359270381921e-01
4.145676415670270787e-01
3.974484839937992287e-01
3.835118805880798343e-01
3.720156333493622181e-01
3.625731761459666247e-01
3.544991664886984473e-01
3.476567770141499869e-01
3.418229107303763503e-01
3.368242196722858184e-01
3.325240095762962977e-01
3.288130749642377282e-01
3.256031532287841923e-01
3.228221637137782540e-01
3.204106882094627795e-01
3.183193306730741079e-01
3.165067099932118433e-01
3.149379154185463769e-01
3.135833047778845972e-01
3.124175598753113348e-01
3.114189370612575058e-01
3.105686675084110560e-01
3.098504734492820711e-01
3.092501750612564049e-01
3.087553688152678832e-01
3.083551626122291722e-01
3.080399563806210939e-01
3.078012593210986414e-01
3.076315368856976096e-01
3.075240820309673717e-01
3.074729064013985713e-01
3.074726479655175426e-01
3.075184923032047157e-01
3.076061052743004898e-01
3.077315752190195042e-01
3.078913631753663060e-01
3.080822598666480561e-01
3.083013484277973282e-01
3.085459720137522788e-01
3.088137055750465598e-01
3.091023312017326385e-01
3.094098165320069427e-01
3.097342958004121738e-01
3.100740531655349352e-01
3.103864801021566366e-01
3.107526719178559382e-01
3.111297431149250281e-01
3.115164471800139778e-01
3.119116290428822769e-01
3.123142170070209445e-01
3.127232155499915511e-01
3.131376988875818057e-01
3.135568052098857139e-01
3.139797315094376984e-01
3.144057289318508697e-01
3.148340985882776000e-01
3.152641877766875211e-01
3.156953865655440228e-01
3.161271246992316541e-01
3.165588687895286579e-01
3.169901197617678301e-01
3.174204105280747923e-01
3.178493038633734558e-01
3.182763904627020635e-01
3.187012871609051778e-01
3.191236352979563984e-01
3.195430992150867788e-01
3.199593648686063774e-01
3.203721385497655394e-01
3.207811457003276745e-01
3.211861298146745369e-01
3.215868514202669393e-01
3.219830871291977648e-01
3.223746287543449163e-01
3.227612824843451023e-01
3.231428681122118785e-01
3.235192183129839694e-01
3.238901779662565761e-01
3.242556035198864706e-01
3.246153623915415398e-01
3.249693324050943466e-01
3.253174012591682485e-01
3.256594660254031326e-01
3.259954326742489639e-01
3.263252156263000137e-01
3.266487373273784800e-01
3.269659278457294760e-01
3.272767244898595052e-01
3.275810714456546813e-01
3.278789194315596678e-01
3.281702253706934025e-01
3.284549520788714316e-01
3.287330679675869449e-01
3.290238527258214640e-01
3.292884900391063741e-01
3.295464546332039779e-01
3.297977345804801730e-01
3.300423222607010154e-01
3.302802141377413903e-01
3.305114105464214136e-01
3.307359154889546460e-01
3.309537364405452653e-01
3.311648841636839480e-01
3.313693725307286786e-01
3.315672183543851292e-01
3.317584412257123527e-01
3.319430633593167812e-01
3.321211094454072921e-01
3.322926065083978697e-01
3.324575837717798077e-01
3.326160725289730169e-01
3.327681060199101926e-01
3.329137193130940475e-01
3.330529491929032915e-01
3.331858340519119333e-01
3.333124137880170146e-01
