nan
8.615980707571451180e-01
7.530475105214432530e-01
6.709799851755601230e-01
6.088654915089821706e-01
5.607930774839861021e-01
5.226800522707305552e-01
4.918041425025220237e-01
4.663245019764434285e-01
4.449647606397505450e-01
4.268165820766121055e-01
4.113130900107845322e-01
3.977650404171748089e-01
3.858985757201248146e-01
3.754235328784471526e-01
3.661121780123248182e-01
3.577833091635180818e-01
3.502909696725980959e-01
3.435162893439454024e-01
3.373614893533519732e-01
3.317454110193922001e-01
3.266001355168345888e-01
3.218683964177809220e-01
3.175015764110967198e-01
3.134581399603695862e-01
3.097023951108158202e-01
3.062035065228347896e-01
3.029347021936288908e-01
2.998726309076986674e-01
2.969968380103511496e-01
2.942893348232507589e-01
2.917342427348359468e-01
2.893174972662359012e-01
2.870266006305025042e-01
2.848504137490879828e-01
2.827789805646060972e-01
2.808033789372754718e-01
2.789155935393599628e-01
2.771084070447140113e-01
2.753753066065990351e-01
2.737104031691697248e-01
2.721083615986700233e-01
2.705643399739766641e-01
2.690739366613839056e-01
2.676331440297392561e-01
2.662383078504819700e-01
2.648860915812719097e-01
2.635734448586666834e-01
2.622975756299003591e-01
2.610559254405427909e-01
2.598397818571293594e-01
2.586596532725765618e-01
2.575072714342110936e-01
2.563808141870301260e-01
2.552786043602155441e-01
2.541990971494844653e-01
2.531408687561159110e-01
2.521026061383636052e-01
2.510830977497082728e-01
2.500812251544282105e-01
2.490959554247336172e-01
2.481263342355422563e-01
2.471714795832066491e-01
2.462305760633368701e-01
2.453028696504996053e-01
2.443876629292666691e-01
2.434843107318420130e-01
2.425922161425701495e-01
2.417108268340399380e-01
2.408396317033693335e-01
2.399781577806496258e-01
2.391259673845208544e-01
2.382826555024709358e-01
2.374478473757760388e-01
2.366211962710609851e-01
2.358023814222575676e-01
2.349911061283658786e-01
2.341870959938418817e-01
2.333900972997265122e-01
2.325998754947428693e-01
2.318162137966217617e-01
2.310389118948082687e-01
2.302677847465200156e-01
2.295026614588481229e-01
2.287433842502510639e-01
2.279898074853670409e-01
2.272417967776117764e-01
2.264992281544893626e-01
2.257619872809865924e-01
2.250299687367965096e-01
2.243030753434767099e-01
2.235812175379606193e-01
2.228643127891317688e-01
2.221522850544257743e-01
2.214450642736764674e-01
2.207425858976173327e-01
2.200447904486707296e-01
2.193516231118256277e-01
2.186630333535569681e-01
2.179758647229528834e-01
2.172963224468963117e-01
2.166212282917328313e-01
2.159505455573408339e-01
2.152842402769536145e-01
2.146222809694280087e-01
2.139646384088957354e-01
2.133112854106701817e-01
2.126621966323523905e-01
2.120173483891710786e-01
2.113767184826229328e-01
2.107402860415791834e-01
2.101080313750496587e-01
2.094799358358618580e-01
2.088559816945570469e-01
2.082361520228504792e-01
2.076204305860437915e-01
2.070088017438199424e-01
2.064012503588751324e-01
2.057977617128953218e-01
2.051983214293976454e-01
2.046029154029940234e-01
2.040115297346629386e-01
