nan
8.791700575463115008e-01
7.644154078592321211e-01
6.799547060759698613e-01
6.168078801378551468e-01
5.682440755924949016e-01
5.298826189841892020e-01
4.988825613486518318e-01
4.733516957799347447e-01
4.519897897386550567e-01
4.338766799277035124e-01
4.184628566042435382e-01
4.050039479125822073e-01
3.932526649196051438e-01
3.829171330930165595e-01
3.737683471834987170e-01
3.656240885707177091e-01
3.583375392781138480e-01
3.517890684906556098e-01
3.458802065496287548e-01
3.405291556385038332e-01
3.356673984568378510e-01
3.312371036542610114e-01
3.271891176771895005e-01
3.234813938537506317e-01
3.200777514088837816e-01
3.169468861980810348e-01
3.140615754588668151e-01
3.113980335288965007e-01
3.089353860718929146e-01
3.066552380990323345e-01
3.045413167988991199e-01
3.025791744632894686e-01
3.007559400166441854e-01
2.990601101047847821e-01
2.974813725746534021e-01
2.960104566256189229e-01
2.946390050401754834e-01
2.933594647848807857e-01
2.921649929687278879e-01
2.910493756985835234e-01
2.900069578122904668e-01
2.890325818238952960e-01
2.881215347010103178e-01
2.872695013258964036e-01
2.864725236805265030e-01
2.857269649504059483e-01
2.850294778689347330e-01
2.843769767290055261e-01
2.837666125755112789e-01
2.831683637259818087e-01
2.826347600953451611e-01
2.821359553470259018e-01
2.816698498278869534e-01
2.812344917526595767e-01
2.808280645970918088e-01
2.804488757565101187e-01
2.800953463241466768e-01
2.797660018624442135e-01
2.794594640566809285e-01
2.791744431541430815e-01
2.789097311040085736e-01
2.786641953234100799e-01
2.784367730240789318e-01
2.782264660416908786e-01
2.780323361167757468e-01
2.778535005819026127e-01
2.776891284149645145e-01
2.775384366228696997e-01
2.774006869238520023e-01
2.772751827000758396e-01
2.771612661952175816e-01
2.770583159343942281e-01
2.769657443461552848e-01
2.768829955683441146e-01
2.768095434214785100e-01
2.767448895349398086e-01
2.766885616127184866e-01
2.766401118267554082e-01
2.765991153270835334e-01
2.765651688589824686e-01
2.765378894783157016e-01
2.765169133570156701e-01
2.765018946714338788e-01
2.764925045669369141e-01
2.764884301927262866e-01
2.764893738013933788e-01
2.764950519082089442e-01
2.765051945055768123e-01
2.765195443284869659e-01
2.765378561671451019e-01
2.765598962232895253e-01
2.765854415069867178e-01
2.766142792709833653e-01
2.766462064799017351e-01
2.766810293118152630e-01
2.767185626899184014e-01
2.767586298421950142e-01
2.768010618871518114e-01
2.768579195092775169e-01
2.769045576428968425e-01
2.769530976545483969e-01
2.770033985575562352e-01
2.770553255167713669e-01
2.771087495577805315e-01
2.771635472922354682e-01
2.772196006582443584e-01
2.772767966748888591e-01
2.773350272099711078e-01
2.773941887601686918e-01
2.774541822428264748e-01
2.775149127986832887e-01
2.775762896048521444e-01
2.776382256974618823e-01
2.777006378033553546e-01
2.777634461803332733e-01
2.778265744654222491e-01
2.778899495307199929e-01
2.779535013463581561e-01
2.780171628501938996e-01
2.780808698238410592e-01
2.781445607746784177e-01
