nan
9.998668042740529449e-01
9.990843625351526480e-01
9.970106798423985506e-01
9.930644270359324510e-01
9.869262662045779066e-01
9.786493696728665315e-01
9.686140229062040197e-01
9.573607989997858780e-01
9.454172087366523591e-01
9.332002324356284406e-01
9.210341271921062001e-01
9.090151593112737460e-01
8.973030007952259579e-01
8.859581476754250229e-01
8.750133350610347360e-01
8.644846536398753667e-01
8.543778188865532863e-01
8.446915787215522053e-01
8.354196151460132613e-01
8.265517448165290437e-01
8.180748308967736859e-01
8.099735768502999145e-01
8.022312466564628375e-01
7.948303045600355610e-01
7.877529567672771904e-01
7.809815841684107918e-01
7.744990660152082373e-01
7.682890035607076173e-01
7.623358582286605678e-01
7.566250211497684841e-01
7.511428307681871086e-01
7.458765536083672432e-01
7.408143409335095075e-01
7.359451714348453910e-01
7.312587875908682644e-01
7.267456311137124869e-01
7.223967810449484217e-01
7.182038965978545519e-01
7.141591657481327626e-01
7.102552598054266975e-01
7.064852936974763686e-01
7.028427914083952288e-01
6.993216558772900049e-01
6.959161426355319202e-01
6.926208365016464086e-01
6.894306307323059269e-01
6.863407081247089314e-01
6.833465236651107277e-01
6.804437884112515267e-01
6.775980554317667659e-01
6.748667391894243028e-01
6.722153757442401734e-01
6.696405585358701229e-01
6.671390688582826689e-01
6.647078642151560413e-01
6.623440672636875526e-01
6.600449553438146877e-01
6.578079505913608793e-01
6.556306106321979632e-01
6.535106198512770082e-01
6.514457812262427483e-01
6.494340087109077286e-01
6.474733201496459811e-01
6.455618307000641209e-01
6.436977467383165896e-01
6.418793602192088832e-01
6.401050434618198448e-01
6.383732443307194027e-01
6.366824817828525829e-01
6.350313417507521541e-01
6.334184733337869799e-01
6.318425852705505941e-01
6.303024426671768321e-01
6.287968639581642538e-01
6.273247180782306476e-01
6.258849218256309355e-01
6.244764373992699458e-01
6.230982700937582885e-01
6.217494661382771959e-01
6.204291106666885991e-01
6.191363258077898779e-01
6.178702688859027958e-01
6.166301307231517592e-01
6.154151340358159361e-01
6.142245319180107410e-01
6.130576064067496667e-01
6.119136671230829272e-01
6.107920499845750362e-01
6.096921159848673888e-01
6.086132500364596076e-01
6.075548598731993488e-01
6.065163750092334993e-01
6.054972457514313788e-01
6.044969422624771882e-01
6.035149536720025853e-01
6.025507872332920289e-01
6.016039675231941164e-01
6.006740356830195804e-01
5.997767152303582483e-01
5.988791609596310073e-01
5.979972116355497525e-01
5.971304677790029158e-01
5.962785432243900008e-01
5.954410645646853739e-01
5.946176706243905263e-01
5.938080119588333705e-01
5.930117503783327582e-01
5.922285584958362215e-01
5.914581192966935630e-01
5.907001257293186258e-01
5.899542803155471971e-01
5.892202947795678325e-01
5.884978896943788840e-01
5.877867941447691980e-01
5.870867454058961155e-01
5.863974886365844741e-01
5.857187765865254914e-01
5.850503693166093644e-01
5.843920339316701629e-01
5.837435443249733291e-01
5.831046809338169545e-01
