nan
6.466907781154058732e-01
5.307260239394802070e-01
4.579099710673915635e-01
4.088709473077409839e-01
3.738529105959059184e-01
3.477381698562594936e-01
3.276181077311257628e-01
3.117229178670689604e-01
2.989149096932141036e-01
2.884295324528420856e-01
2.798452742596463927e-01
2.725501927733838259e-01
2.663811687757754454e-01
2.611255607267906065e-01
2.566202190831658458e-01
2.527379038459170446e-01
2.493779468070688454e-01
2.464596856167553807e-01
2.439177537624020453e-01
2.416986411723994199e-01
2.397581422346173607e-01
2.380594348006502270e-01
2.365716151770586306e-01
2.352685675294781953e-01
2.341280818585864398e-01
2.331311590313265014e-01
2.322614581779879339e-01
2.315048535802494145e-01
2.308490765844544712e-01
2.302834241359057732e-01
2.297985199507487364e-01
2.293861176015706826e-01
2.290389372207482788e-01
2.287505293513020510e-01
2.285151608602112583e-01
2.283277188889223652e-01
2.281836296330081448e-01
2.280787893778370434e-01
2.280095057138022407e-01
2.279724472458767026e-01
2.279646004223120359e-01
2.279832323545002148e-01
2.280258586983033298e-01
2.280902158269743352e-01
2.281742366553869417e-01
2.282760295808136108e-01
2.283938600918813122e-01
2.285261346683653549e-01
2.286713866531158434e-01
2.287998226813899305e-01
2.289673594911005583e-01
2.291441127783885034e-01
2.293290130486023426e-01
2.295210684365926734e-01
2.297193579482598169e-01
2.299230254387921724e-01
2.301312742359240271e-01
2.303433623289313781e-01
2.305585980546506208e-01
2.307763362208728741e-01
2.309959746152206450e-01
2.312169508543316376e-01
2.314387395339130016e-01
2.316608496452333132e-01
2.318828222279207263e-01
2.321042282326749306e-01
2.323246665707555947e-01
2.325437623299179135e-01
2.327611651389389358e-01
2.329765476650120237e-01
2.331896042301630223e-01
2.334000495344749626e-01
2.336076174753403956e-01
2.338120600532117010e-01
2.340131463554231683e-01
2.342106616106106043e-01
2.344044063071179518e-01
2.345941953695060145e-01
2.347798573879447959e-01
2.349612338958391999e-01
2.351381786915474059e-01
2.353105572004990931e-01
2.354782458744063556e-01
2.356411316246199150e-01
2.357991112869774197e-01
2.359520911157713952e-01
2.360999863046943092e-01
2.362427205328392898e-01
2.363802255340170799e-01
2.365124406878167940e-01
2.366393126309864203e-01
2.367607948878387991e-01
2.368768475185045186e-01
2.369874367839620855e-01
2.370925348268566601e-01
2.371921193672111572e-01
2.372861734122024835e-01
2.373746849792412739e-01
2.374685890367875807e-01
2.375458896014741861e-01
2.376176402598028092e-01
2.376838465503716136e-01
2.377445178132846781e-01
2.377996669799775087e-01
2.378493103723556823e-01
2.378934675108279329e-01
2.379321609308210628e-01
2.379654160074039793e-01
2.379932607876604489e-01
2.380157258304727019e-01
2.380328440533963086e-01
2.380446505863224316e-01
2.380511826316397961e-01
2.380524793306221798e-01
2.380485816357775786e-01
2.380395321889215710e-01
2.380253752047187810e-01
2.380061563594865759e-01
2.379819226850321823e-01
2.379527224673168295e-01
2.379186051497566567e-01
