nan
5.374545642131320911e-01
4.344931607457395706e-01
3.735642248141001764e-01
3.337000568180059079e-01
3.057684378414776138e-01
2.852355767310460477e-01
2.696016569732205825e-01
2.573753835331642481e-01
2.476116559603446510e-01
2.396822746309612562e-01
2.332420007759298530e-01
2.278006232610208515e-01
2.232241176608046329e-01
2.193427516109462960e-01
2.160269486064110844e-01
2.131761153910242124e-01
2.107110058258901131e-01
2.085683792837267903e-01
2.066971867162794296e-01
2.050557973687665569e-01
2.036099489972806043e-01
2.023312103981459165e-01
2.011958127554036857e-01
2.001837505187811783e-01
1.992780819661517933e-01
1.984643795681914902e-01
1.977302940338994397e-01
1.970652055450575202e-01
1.964599425202019911e-01
1.959065531591535902e-01
1.953981185905079854e-01
1.949285990707745053e-01
1.944927066351066214e-01
1.940857990634023145e-01
1.937037911335784957e-01
1.933430799797646038e-01
1.930004820241283114e-01
1.926731794557753896e-01
1.923586746243498291e-01
1.920547510258429624e-01
1.917594398033549419e-01
1.914709908807620820e-01
1.911878480035877903e-01
1.909086270872363822e-01
1.906320973746634118e-01
1.903571649884206463e-01
1.900828585298068030e-01
1.898083164334599116e-01
1.895327758316462941e-01
1.892457055387111453e-01
1.889663642489481377e-01
1.886842355364158619e-01
1.883988631946721115e-01
1.881098504458983134e-01
1.878168544378373550e-01
1.875195813062942307e-01
1.872177817339494288e-01
1.869112469457645809e-01
1.865998050893594995e-01
1.862833179556699914e-01
1.859616780011049408e-01
1.856348056375039246e-01
1.853026467605496108e-01
1.849651704910401095e-01
1.846223671066536398e-01
1.842742461446259805e-01
1.839208346581685249e-01
1.835621756115418390e-01
1.831983264005020151e-01
1.828293574864057747e-01
1.824553511336251543e-01
1.820764002410946991e-01
1.816926072598637476e-01
1.813040831894064120e-01
1.809109466462386628e-01
1.805133229990719956e-01
1.801113435653370343e-01
1.797051448644280680e-01
1.792948679234912246e-01
1.788806576319759145e-01
1.784626621415292269e-01
1.780410323081237367e-01
1.776159211735919563e-01
1.771874834839792801e-01
1.767558752423492308e-01
1.763212532938660537e-01
1.758837749411482632e-01
1.754435975880447862e-01
1.750008784101207693e-01
1.745557740502589050e-01
1.741084403378944379e-01
1.736590320305063107e-01
1.732077025760675459e-01
1.727546038952464669e-01
1.722998861822196692e-01
1.718436977230322626e-01
1.713861847304892772e-01
1.709274911946393471e-01
1.704657044995590565e-01
1.700050540989655468e-01
1.695436419762310909e-01
1.690816019861327846e-01
1.686190652164422932e-01
1.681561599147311237e-01
1.676930114253787352e-01
1.672297421361510772e-01
1.667664714337735721e-01
1.663033156679229740e-01
1.658403881231135524e-01
1.653777989979630381e-01
1.649156553913538326e-01
1.644540612950338709e-01
1.639931175922105244e-01
1.635329220617263157e-01
1.630735693874155179e-01
1.626151511722653820e-01
1.621577559570230587e-01
1.617014692429046274e-01
1.612463735180837687e-01
1.607925482876529366e-01
1.603400701067607959e-01
