nan
9.964949006630109407e-01
9.790826530203724509e-01
9.476362454466332741e-01
9.114635132392073791e-01
8.762594572824167205e-01
8.437018633384671951e-01
8.141010267938770806e-01
7.874016931280000131e-01
7.634147845826466661e-01
7.418795213933438992e-01
7.225079370783794586e-01
7.050203437628594916e-01
6.891656130438043038e-01
6.747281644917046961e-01
6.615268886031384632e-01
6.494104791467110172e-01
6.382519411118507957e-01
6.279436287094282143e-01
6.183932728210826957e-01
6.095209906082941220e-01
6.012570861694478408e-01
5.935404220146230925e-01
5.863171779201115097e-01
5.795398663087264479e-01
5.731665194388909645e-01
5.671599970662597467e-01
5.614873847275818619e-01
5.561194654529266757e-01
5.510302545862516554e-01
5.461965908091219735e-01
5.415977779766040223e-01
5.372152729496137979e-01
5.330324147970297854e-01
5.290341908356376299e-01
5.252070351109426882e-01
5.215386551417711125e-01
5.180178830541347645e-01
5.146345475920985901e-01
5.113793638867628610e-01
5.082438382627312290e-01
5.052201857441542820e-01
5.023012582758102917e-01
4.994804819908745808e-01
4.967518021329774824e-01
4.941096344762189174e-01
4.915488222855580736e-01
4.890645980252382174e-01
4.866525491589569485e-01
4.843085874967184012e-01
4.820289216337957927e-01
4.798100321006664726e-01
4.776486489023402116e-01
4.755417311738727171e-01
4.734864487182675608e-01
4.714801652252363917e-01
4.695204229958728215e-01
4.676049290203629361e-01
4.657315422743258382e-01
4.638982621149768115e-01
4.621032176715988982e-01
4.603446581362335976e-01
4.586209438704104135e-01
4.569305382523870529e-01
4.552720001969853270e-01
4.536439772868403053e-01
4.520451994598703171e-01
4.504744732031180088e-01
4.489306762079022239e-01
4.474127524455183136e-01
4.459197076265919990e-01
4.444506050106756812e-01
4.430045615358176869e-01
4.415807442406707861e-01
4.401783669542655431e-01
4.387966872308851074e-01
4.374350035095659894e-01
4.360926524796350789e-01
4.347690066353964711e-01
4.334634720046185996e-01
4.321754860368639539e-01
4.309045156389579301e-01
4.296500553460270710e-01
4.284116256175631299e-01
4.271887712488953714e-01
4.259810598892903588e-01
4.247880806586580293e-01
4.236094428555257085e-01
4.224447747495658767e-01
4.212937224525225011e-01
4.201559488618926141e-01
4.190311326721820606e-01
4.179189674489728890e-01
4.168191607614224470e-01
4.157314333691609076e-01
4.146555184598693100e-01
4.135911609341078043e-01
4.125381167342259681e-01
4.114961522144273132e-01
4.104650435492772087e-01
4.094445761781450033e-01
4.084345442832537088e-01
4.074347502991776948e-01
4.064450044517849969e-01
4.054651243247592851e-01
4.044949344519699896e-01
4.035342659340757088e-01
4.025829560778587113e-01
4.016408480568881001e-01
4.007077905922051264e-01
3.997836376518091317e-01
3.988682481678037517e-01
3.979614857701373465e-01
3.970632185359403432e-01
3.961733187535258494e-01
3.952916627001792360e-01
3.944181304329184568e-01
3.935526055914562171e-01
3.926949752126446258e-01
3.918451295557263681e-01
3.910029619377579646e-01
3.901683685786098699e-01
