6.811054780216224458e+00 9.643695355211580278e+00 1.200585622522269524e+01 1.805638412805041071e+01 2.010939445762948807e+01 2.293878757590317363e+01 2.498999841671853872e+01 3.102885197835620801e+01 3.338580061420996259e+01 3.620905941485273871e+01
7.679728657947150872e+00 1.087386261755735894e+01 1.353740599009557855e+01 2.035958239148090598e+01 2.267425062433867566e+01 2.586401681420014853e+01 2.817624918988884986e+01 3.498172820787145554e+01 3.763699689140384663e+01 4.081675084937655384e+01
8.659249511527477239e+00 1.226102696770261247e+01 1.526442353027176857e+01 2.295671295796277178e+01 2.556640605293542379e+01 2.916246773437852013e+01 3.176894619970016009e+01 3.943819794170788384e+01 4.242920971469465030e+01 4.600965939607214494e+01
9.763754197713311100e+00 1.382521763606079901e+01 1.721185037652000460e+01 2.588529184955054419e+01 2.882763767237238284e+01 3.288178033759090368e+01 3.581996967654439601e+01 4.446250048478863448e+01 4.783136412303991847e+01 5.186203400581112533e+01
1.100918225702757347e+01 1.558901850058738248e+01 1.940780981677599826e+01 2.918762322453242319e+01 3.250505527778945947e+01 3.707567741430100483e+01 4.038782545286454706e+01 5.012708886343295234e+01 5.392120306621159642e+01 5.845758894691978469e+01
1.241350541043648548e+01 1.757789390729145396e+01 2.188401264395108470e+01 3.291141027110073480e+01 3.665178207293398316e+01 4.180474106152369274e+01 4.553849102361142798e+01 5.651368069396234972e+01 6.078641959341473466e+01 6.589072959811635144e+01
1.399698638032306519e+01 1.982055608115609502e+01 2.467621471090944141e+01 3.711044399227183277e+01 4.132772198032256483e+01 4.713728823729299222e+01 5.134636953194402764e+01 6.371444309632296665e+01 6.852593331042804436e+01 7.426793826074249694e+01
1.578247066717849023e+01 2.234937931699246860e+01 2.782473288443229364e+01 4.184537980800546109e+01 4.660042477818695517e+01 5.315035794806213687e+01 5.789536541032165928e+01 7.183332870175424034e+01 7.725132931179854268e+01 8.370933955642681212e+01
1.779571481840361713e+01 2.520086689650014833e+01 3.137502678297363801e+01 4.718461315198850770e+01 5.254606151795049129e+01 5.993082427108411991e+01 6.528009714381866502e+01 8.098758194928019805e+01 8.708848014446409991e+01 9.435046716649839027e+01
2.006575509857186290e+01 2.841617754448394706e+01 3.537835465075063013e+01 5.320526667978523960e+01 5.925052425635035291e+01 6.757665121558403598e+01 7.360726458164313613e+01 9.130943727668189069e+01 9.817937398858697406e+01 1.063442562525817863e+02
2.262532081955295382e+01 3.204171901746086348e+01 3.989251281936684990e+01 5.999430331539745254e+01 6.681066592723954045e+01 7.619830745495291069e+01 8.299719043036408550e+01 1.029480335229077781e+02 1.106841751792677684e+02 1.198632889346214228e+02
2.551129804388879307e+01 3.612981733223292480e+01 4.498266944158863367e+01 6.764978117062375418e+01 7.533569819241758125e+01 8.592036125078840314e+01 9.358555804886071883e+01 1.160715719107314783e+02 1.247835464777075316e+02 1.351023237312646188e+02
2.876525180753562339e+01 4.073947118209871832e+01 5.072230451065510692e+01 7.628226840376433415e+01 8.494876738189314835e+01 9.688327847115688485e+01 1.055253704668450609e+02 1.308697484166151241e+02 1.406812661805642222e+02 1.522811439091287298e+02
3.243401764259928655e+01 4.593720215176013255e+01 5.719426968092034258e+01 8.601643837038983520e+01 9.578873119256365953e+01 1.092454495160046690e+02 1.189891587096036005e+02 1.475564952116381789e+02 1.586071772904956276e+02 1.716477642593350481e+02
3.657037454901347218e+01 5.179801229103199489e+01 6.449198314647445329e+01 9.699286800795339047e+01 1.080121616930619410e+02 1.231854742470529658e+02 1.341714710789806020e+02 1.663730702339292407e+02 1.788205106289209994e+02 1.934820409510992079e+02
4.123381163011024597e+01 5.840646171587295754e+01 7.272077675820042941e+01 1.093700653273658645e+02 1.217956034293414831e+02 1.389047377277189241e+02 1.512916790694169720e+02 1.875915389004941005e+02 2.016136290363136254e+02 2.180997348580719972e+02
4.649140246000375498e+01 6.585788075370487604e+01 8.199941455052446315e+01 1.233267551880405790e+02 1.373381190970118837e+02 1.566303137655704347e+02 1.705971401521878477e+02 2.115186975683557193e+02 2.273162457725316870e+02 2.458570852038158705e+02
5.241880608713282896e+01 7.425973399905997496e+01 9.246180390934075888e+01 1.390644562542376548e+02 1.548641593987533156e+02 1.766182379804378684e+02 1.923667628142609090e+02 2.385004947097822026e+02 2.563001770135434754e+02 2.771559576586446383e+02
5.910141642100807502e+01 8.373315707817354792e+01 1.042589229397823658e+02 1.568103862375739936e+02 1.746267983970393800e+02 1.991571974721896936e+02 2.169150250739100443e+02 2.689270129888158749e+02 2.889846960738261146e+02 3.124496393119612776e+02
6.663567868316366116e+01 9.441469053114549581e+01 1.175609905825066335e+02 1.768207372924909748e+02 1.969113809760881963e+02 2.245726902218395367e+02 2.445965043084381421e+02 3.032380836479396180e+02 3.258425658177832247e+02 3.522493624497669202e+02
7.513058764906695330e+01 1.064582397873796396e+02 1.325599099848255094e+02 1.993843688162744741e+02 2.220396350293957255e+02 2.532317142259169600e+02 2.758109837269971649e+02 3.419296139820311282e+02 3.674068358282874556e+02 3.971316500214330745e+02
8.470938192099683306e+01 1.200372965680150372e+02 1.494720205146595902e+02 2.248269709910664744e+02 2.503743077824673264e+02 2.855480541428030961e+02 3.110092093223905181e+02 3.855607193508330965e+02 4.142785024569532197e+02 4.477465883306134629e+02
9.551144812142506169e+01 1.353474634687756861e+02 1.685411998377128953e+02 2.535157592489544811e+02 2.823243933442391267e+02 3.219882420360119113e+02 3.506993807672194521e+02 4.347617633240619739e+02 4.671351430706268957e+02 5.048271470681641517e+02
1.076944493282171464e+02 1.526093275395722060e+02 1.900423654152521351e+02 2.858647674529324263e+02 3.183510272659077032e+02 3.630782787549769637e+02 3.954544706130616305e+02 4.902434233216951611e+02 5.267406507981025925e+02 5.691996835135835227e+02
1.214366965781246392e+02 1.720717305939017194e+02 2.142854344174084531e+02 3.223408159882420136e+02 3.589741336723196810e+02 4.094112137202078543e+02 4.459204784343792767e+02 5.528069146399868714e+02 5.939562129989080859e+02 6.417957866744600324e+02
1.369397884457991950e+02 1.940154844498497084e+02 2.416198107116071299e+02 3.634702402731542747e+02 4.047799214748586678e+02 4.616556934879210985e+02 5.028257403412504800e+02 6.233555231200544995e+02 6.697526955672732356e+02 7.236656382580941909e+02
1.544315503858201453e+02 2.187575786180963178e+02 2.724394758347660854e+02 4.098464756645713010e+02 4.564293382641627659e+02 5.205656035170479754e+02 5.669914295996937881e+02 7.029076158249305308e+02 7.552246158508872895e+02 8.159930902086590550e+02
1.741693127655245803e+02 2.466559279467110457e+02 3.071887668932406541e+02 4.621386066623418856e+02 5.146676035760967807e+02 5.869909428769334454e+02 6.393434006738971220e+02 7.926113192169018475e+02 8.516059083574848501e+02 9.201126812804116071e+02
1.964435735319756873e+02 2.781147103755351395e+02 3.463689277676260190e+02 5.211010019173918408e+02 5.803349567375760216e+02 6.618900872034212171e+02 7.209255454882110143e+02 8.937610725713918782e+02 9.602877056094141608e+02 1.037528831514630610e+03
2.215820980680242371e+02 3.135903512774241335e+02 3.905455215052141966e+02 5.875841709528526735e+02 6.543787663237304741e+02 7.463436074148504531e+02 8.129148424156617239e+02 1.007816271288720145e+03 1.082838358975042183e+03 1.169937444501532809e+03
2.499545151042549378e+02 3.535982208143860817e+02 4.403567925320680843e+02 6.625469891774599773e+02 7.378671520395323569e+02 8.415698100925795870e+02 9.166382720385124685e+02 1.136422184245066546e+03 1.221025876954816340e+03 1.319250062608330381e+03
2.819774738382968167e+02 3.987201229606029074e+02 4.965230673945512763e+02 7.470704319377224465e+02 8.320042492586259186e+02 9.489421245690854221e+02 1.033591716638691423e+03 1.281433199950503649e+03 1.376842782340983376e+03 1.487620447263457891e+03
3.181204340093044038e+02 4.496126667981134801e+02 5.598572788387441506e+02 8.423729085396519167e+02 9.381471662393154247e+02 1.070008329297377941e+03 1.165460786393657145e+03 1.444938107288132642e+03 1.552532932907319719e+03 1.677472786867792820e+03
3.589121679984666002e+02 5.070166185544269410e+02 6.312766809299630495e+02 9.498271451038552868e+02 1.057824481302518052e+03 1.206511296747667529e+03 1.314143112901612312e+03 1.629286355777790732e+03 1.750618878365629826e+03 1.891529368752479058e+03
4.049480625382631160e+02 5.717673312468717768e+02 7.118157760847716418e+02 1.070978262505052044e+03 1.192755712840738170e+03 1.360410321929609381e+03 1.481770873966333284e+03 1.837112840591067197e+03 1.973926579281958766e+03 2.132833201538796857e+03
4.568983178297656877e+02 6.448063306168892268e+02 8.026403760717561227e+02 1.207562161346496623e+03 1.344870478978643860e+03 1.533901075974385094e+03 1.670731039606849208e+03 2.071356583570708608e+03 2.225601677218424811e+03 2.404757724584218067e+03
5.155171543700762413e+02 7.271940929820457313e+02 9.050625463969508928e+02 1.361522526352104023e+03 1.516325013917857859e+03 1.729430783587493579e+03 1.883679073067318086e+03 2.335265908490734091e+03 2.509108287209728132e+03 2.710992011984013971e+03
5.816531532349691815e+02 8.201239750086940603e+02 1.020555926563516209e+03 1.535023759167263506e+03 1.709512430928111144e+03 1.949703564228233517e+03 2.123539875528513676e+03 2.632380046862817380e+03 2.828198466822355840e+03 3.055487278290969243e+03
6.562608746550604337e+02 9.249371430735593549e+02 1.150770591294477072e+03 1.730456146412637281e+03 1.927061925440502137e+03 2.197669490585680705e+03 2.393488280690442934e+03 2.966475853927935077e+03 3.186839751863453785e+03 3.442351227438880414e+03
7.404139231129305472e+02 1.043138203506426180e+03 1.297546266966730855e+03 1.950428918419215961e+03 2.171821492833669708e+03 2.476490531723988624e+03 2.696901307022294077e+03 3.341470029733317460e+03 3.589091273464980532e+03 3.875682902948781248e+03
8.353196550384665215e+02 1.176411066242661718e+03 1.462922421947701878e+03 2.197746970356874954e+03 2.446819253644811397e+03 2.789477908420608401e+03 3.037276543561570179e+03 3.761273062589624715e+03 4.038927060748471376e+03 4.359352745962208246e+03
9.423357560832237141e+02 1.326634403779945842e+03 1.649143604321008979e+03 2.475368236189440722e+03 2.755200529588441441e+03 3.139998909856043610e+03 3.418115862605202437e+03 4.229600892498323446e+03 4.540017478254503658e+03 4.896748457024310483e+03
1.062988943533623342e+03 1.495895921264980871e+03 1.858658490556631932e+03 2.786341107009544885e+03 3.100141386503886679e+03 3.531356651418482215e+03 3.842780596438597968e+03 4.749762071629450475e+03 5.095493393020976328e+03 5.490522209928094526e+03
1.198996061861774024e+03 1.686504559085243955e+03 2.094111479409609728e+03 3.133724576828977661e+03 3.484743901620275210e+03 3.966652539932036234e+03 4.314331855773792086e+03 5.324448479609451169e+03 5.707728059779924479e+03 6.142382865587897868e+03
1.352287806653468351e+03 1.900999728379423686e+03 2.358326301231180423e+03 3.520497323749578300e+03 3.911922890038693822e+03 4.448646705151663809e+03 4.835375628756374681e+03 5.955562581937660980e+03 6.378174451834914180e+03 6.852973713011418113e+03
1.525035181918673516e+03 2.142156747574092151e+03 2.654281936031512032e+03 3.949464822830750563e+03 4.384297007160581416e+03 4.979634628593190428e+03 5.407934612124003252e+03 6.644111266815533781e+03 7.107288700107121258e+03 7.621861526225238777e+03
1.719678485640350118e+03 2.412987822988589414e+03 2.985082036593229077e+03 4.423175013159619084e+03 4.904098000031067386e+03 5.561357492114141678e+03 6.033366269775985529e+03 7.390185554695249266e+03 7.894554826178837175e+03 8.447640568364011415e+03
1.938958013144730785e+03 2.716738232407590203e+03 3.353919981573418681e+03 4.943852504044386478e+03 5.473109945759752918e+03 6.194959252956694399e+03 6.712339736959222137e+03 8.193029844899512682e+03 8.738606630360418421e+03 9.328132657133273824e+03
2.185944664538374127e+03 3.056877779776821626e+03 3.764042724024649033e+03 5.513358881269324229e+03 6.092645871374059425e+03 6.880996082778534401e+03 7.444874611992044265e+03 9.051188406755789401e+03 9.637425233852069141e+03 1.026064830163644910e+04
2.464067478568594652e+03 3.437087494989814331e+03 4.218717676464978467e+03 6.133183388955390001e+03 6.763563293403920397e+03 7.619495164728939017e+03 8.230434748338728241e+03 9.962704897316949427e+03 1.058858001271301691e+04 1.124226795699172726e+04
