3.643801554330454717e-01 4.530794707895989815e-01 5.192092945731773268e-01 6.722762449286899811e-01 7.200394851175020428e-01 7.822522116444231566e-01 8.243267536998449829e-01 9.271373073870864401e-01 9.551561065182396781e-01 9.784625239263176066e-01
3.462316281814366570e-01 4.340456684854294145e-01 5.000956893750231336e-01 6.544078375105105705e-01 7.029835667704367186e-01 7.666560112066317378e-01 8.100625541355207515e-01 9.183220722752901688e-01 9.489301015289421937e-01 9.751079579757425675e-01
3.287846055267693024e-01 4.156007376688875543e-01 4.814627517046024541e-01 6.367002035336598587e-01 6.859669318673404792e-01 7.509232288227746244e-01 7.955315246955044772e-01 9.089359758596794459e-01 9.421391564202232782e-01 9.713484873346823756e-01
3.120437912985993267e-01 3.977660230196694569e-01 4.633431442335679828e-01 6.192091590979573734e-01 6.690512845494058780e-01 7.351210330192287090e-01 7.808017682751832167e-01 8.990170297239886699e-01 9.347911607909454856e-01 9.671645832091231298e-01
2.960099991849228229e-01 3.805578939073603340e-01 4.457642814411127974e-01 6.019860158766811020e-01 6.522945931562464938e-01 7.193145187392852025e-01 7.659411140859153644e-01 8.886118316538557105e-01 9.269043452915812775e-01 9.625425086404003627e-01
2.806801902004778526e-01 3.639881089751727528e-01 4.287486950178077683e-01 5.850776546326259542e-01 6.357509900955689019e-01 7.035663062503604293e-01 7.510164474271937562e-01 8.777745094909913393e-01 9.185072563068117368e-01 9.574755783715519497e-01
2.660479596122707346e-01 3.480642734143632455e-01 4.123144306432720563e-01 5.685266613145971704e-01 6.194707608185827663e-01 6.879362581654406839e-01 7.360931710991521770e-01 8.665655479032544628e-01 9.096383501958432705e-01 9.519652474443798251e-01
2.521040862534904003e-01 3.327902967389009814e-01 3.964754643474637241e-01 5.523715139173573929e-01 6.035004017934610943e-01 6.724812951992100718e-01 7.212347848342197665e-01 8.550505684472092804e-01 9.003452567263495743e-01 9.460219445305441122e-01
2.388368685405448943e-01 3.181668105197267282e-01 3.812421055408170556e-01 5.366468061140742263e-01 5.878827322597632854e-01 6.572552927126961153e-01 7.065025667510909102e-01 8.432991203104203137e-01 8.906837803463807379e-01 9.396655837490119900e-01
2.262325174694109486e-01 3.041915822797312541e-01 3.666213936184699040e-01 5.213834945066329052e-01 5.726570448747069220e-01 6.423090415558775357e-01 6.919553404447582601e-01 8.313835241199130088e-01 8.807167161817880396e-01 9.329257142323360563e-01
2.142754941053697237e-01 2.908599045072559619e-01 3.526174800059909686e-01 5.066091593285035888e-01 5.578592826743977717e-01 6.276902579108888380e-01 6.776493115938129197e-01 8.193777963309631929e-01 8.705125560991334721e-01 9.258412958857079600e-01
2.029488262702961732e-01 2.781649610131956551e-01 3.392319929603622719e-01 4.923482693551026745e-01 5.435222312350171947e-01 6.134436282020714337e-01 6.636379585619828214e-01 8.073566683586052006e-01 8.601441511229518389e-01 9.184601180315966618e-01
1.922344235306985560e-01 2.660981679925110699e-01 3.264643819813827785e-01 4.786224429336196629e-01 5.296757160650957807e-01 5.996108762433771666e-01 6.499719621647461754e-01 7.953947034981335706e-01 8.496873827630144760e-01 9.108379009183197317e-01
1.821133908817373914e-01 2.546494883585680435e-01 3.143122392147834621e-01 4.654506977937216683e-01 5.163467960805269152e-01 5.862308406155355422e-01 6.366991603914350373e-01 7.835655060018574813e-01 8.392198801121792950e-01 9.030371357594032533e-01
1.725663337007536657e-01 2.438077172076320853e-01 3.027715959505959953e-01 4.528496829011999236e-01 5.035599445090542803e-01 5.733395508232900228e-01 6.238645143427261619e-01 7.719410103209612961e-01 8.288198041470141719e-01 8.951257261825132927e-01
1.635736334769070099e-01 2.335607375819748477e-01 2.918371923374963872e-01 4.408338859639133744e-01 4.913372088725632691e-01 5.609702911290659344e-01 6.115100719807298191e-01 7.605908342315179649e-01 8.185647070910063716e-01 8.871754934608807597e-01
1.551156873070813069e-01 2.238957488368891469e-01 2.815027178200049107e-01 4.294158102835522461e-01 4.796983418862967863e-01 5.491536411917847804e-01 5.996749165978346729e-01 7.495816770970298304e-01 8.085304639696859752e-01 8.792606016265354096e-01
1.471731171773952573e-01 2.147994721707454369e-01 2.717610193178006672e-01 4.186061146116898390e-01 4.686608952629547353e-01 5.379174829205992658e-01 5.883950873585613861e-01 7.389767437298085939e-01 7.987902661177362917e-01 8.714559490851804258e-01
1.397269482056881784e-01 2.062583367525016864e-01 2.626042744074859048e-01 4.084137096999557737e-01 4.582402686391334190e-01 5.272869634941267369e-01 5.777034600881008064e-01 7.288351751932382605e-01 7.894136626071730500e-01 8.638355632952651186e-01
1.327587419232846566e-01 1.982586465653131125e-01 2.540241278748810450e-01 3.988458054627126437e-01 4.484497063591785793e-01 5.172844055474001834e-01 5.676295779609531467e-01 7.192114705617081993e-01 7.804656354008255859e-01 8.564710267137224387e-01
1.262506766562191962e-01 1.907867264932832096e-01 2.460117911358724319e-01 3.899079032508733778e-01 4.393002359050782735e-01 5.079291573672327642e-01 5.581994242089000080e-01 7.101548883286853409e-01 7.720056974413743722e-01 8.494299571923951131e-01
1.201855814635341135e-01 1.838290462066186903e-01 2.385581041340615049e-01 3.816037288859205900e-01 4.308005435959629814e-01 4.992373788497737608e-01 5.494351327440128996e-01 7.017088230132131343e-01 7.640870096883075613e-01 8.427745651815041761e-01
1.145469348106130936e-01 1.773723176103193799e-01 2.316535590571769387e-01 3.739351040135845405e-01 4.229567860462143392e-01 4.912217632254393118e-01 5.413546379385745233e-01 6.939101615990440619e-01 7.567555229254427918e-01 8.365603134218067005e-01
1.093188411819940586e-01 1.714035567602048282e-01 2.252882855912106963e-01 3.669017561769987168e-01 4.157723399784859497e-01 4.838912003128991723e-01 5.339712718282803028e-01 6.867886354825575301e-01 7.500491622379996670e-01 8.308347113271631335e-01
1.044859997755846204e-01 1.659100992226408000e-01 2.194519974584188127e-01 3.605010720050258466e-01 4.092474984191205034e-01 4.772503943068210353e-01 5.272933255686614862e-01 6.803661958892178729e-01 7.439970851686962261e-01 8.256362841444511158e-01
1.000336746413156286e-01 1.608795594477708535e-01 2.141338988083469064e-01 3.547278032655791224e-01 4.033791279463980750e-01 4.712994575450718537e-01 5.213236015954298974e-01 6.746564529859838677e-01 7.386190569285893126e-01 8.209937637148220224e-01
9.594766901915054158e-02 1.562997285517357116e-01 2.093225481700133339e-01 3.495737422206788847e-01 3.981603091845801745e-01 4.660335107091541085e-01 5.160589927280806455e-01 6.696642293917954847e-01 7.339249954320976599e-01 8.169255504367224363e-01
9.221430066681052251e-02 1.521584107795625473e-01 2.050056788166790267e-01 3.450273903872843606e-01 3.935799905628309947e-01 4.614423284732017683e-01 5.114901331109044103e-01 6.653852853468561479e-01 7.299147429587071745e-01 8.134394923161559765e-01
8.882037064266679049e-02 1.484432056264879118e-01 2.011699782979490536e-01 3.410736527698659537e-01 3.896226926029493498e-01 4.575100763395313908e-01 5.076011717575620308e-01 6.618062732867867615e-01 7.265781178131278661e-01 8.105330151994335486e-01
8.575311605187690978e-02 1.451412488667525036e-01 1.978008368058411515e-01 3.376935966442844994e-01 3.862683054005510153e-01 4.542151875534671257e-01 5.043697206661592602e-01 6.589049721456230468e-01 7.238952870949382223e-01 8.081936182854126960e-01
8.300013773644211723e-02 1.422389309784768963e-01 1.948820831626419114e-01 3.348643180374531458e-01 3.834920238176300344e-01 4.515304265642116066e-01 5.017670239688239997e-01 6.566508351106611352e-01 7.218374802031493065e-01 8.063997221690738515e-01
8.054929652534108253e-02 1.397216156156060873e-01 1.923957366798193791e-01 3.325589575810940501e-01 3.812644609270164353e-01 4.494231752387152778e-01 4.997583802402705278e-01 6.550058580581912260e-01 7.203680324157095693e-01 8.051218252527704289e-01
7.838857607367037683e-02 1.375733839827511795e-01 1.903218102801435274e-01 3.307468976037103991e-01 3.795519675368274060e-01 4.478559575636489876e-01 4.983038247716943814e-01 6.539257391963250177e-01 7.194437096245531738e-01 8.043238906203389327e-01
7.650591607602449939e-02 1.357768328783256206e-01 1.886382020743649635e-01 3.293941516454053087e-01 3.783171611472619933e-01 4.467871858590314882e-01 4.973590406432527034e-01 6.533612537750949079e-01 7.190162201878308457e-01 8.039648510898510514e-01
7.488902611921290087e-02 1.343129535834970689e-01 1.873207062276609214e-01 3.284639247974401322e-01 3.775196296731609391e-01 4.461720661332335691e-01 4.968764169416869936e-01 6.532597131052990669e-01 7.190337703190455843e-01 8.040000871553372175e-01
7.352519662371706510e-02 1.331611137274394396e-01 1.863431576407795498e-01 3.279172799862279386e-01 3.771167254563000948e-01 4.459635454494098594e-01 4.968061138476493332e-01 6.535663208737729768e-01 7.194424717364160671e-01 8.043827057567854988e-01
7.240112764484729624e-02 1.322991528321571797e-01 1.856776990445341280e-01 3.277137978203372715e-01 3.770643112738881753e-01 4.461131296078514330e-01 4.970969388414018808e-01 6.542251952841278140e-01 7.201873773247504662e-01 8.050644376303672800e-01
7.150279681416329969e-02 1.317035839721504287e-01 1.852951272734607302e-01 3.278120778122510792e-01 3.773172770968505896e-01 4.465713618611272806e-01 4.976968048839079395e-01 6.551798137520195020e-01 7.212129219118139645e-01 8.059959928322560918e-01
7.081538280582364009e-02 1.313498713911217253e-01 1.851652453712711588e-01 3.281699126347364937e-01 3.778296338130543441e-01 4.472877538973129008e-01 4.985525529710381765e-01 6.563726808136763902e-01 7.224626015917584576e-01 8.071267823279369980e-01
7.032325050355267559e-02 1.312127330643015899e-01 1.852571290245087210e-01 3.287439894660946216e-01 3.785540254408272243e-01 4.482100166389059170e-01 4.996089955794032478e-01 6.577441335043217041e-01 7.238778464624910924e-01 8.084040307265925041e-01
7.000999162896108519e-02 1.312664061264432191e-01 1.855392186960821421e-01 3.294890397308015695e-01 3.794405905044340721e-01 4.492825542537647321e-01 5.008071750403165767e-01 6.592303732520310433e-01 7.253962150094266370e-01 8.097714516910557991e-01
6.985850603715257345e-02 1.314848178197397244e-01 1.859791755356215714e-01 3.303564621642939847e-01 3.804352336217599606e-01 4.504443421912027179e-01 5.020820079171577355e-01 6.607610113043708155e-01 7.269492217984309113e-01 8.111677906724250597e-01
6.985111033385947577e-02 1.318416245201524395e-01 1.865434829280704920e-01 3.312925603914412820e-01 3.814775090050563366e-01 4.516264702377678630e-01 5.033596567619068596e-01 6.622565749340638686e-01 7.284602422441730507e-01 8.125256070576895029e-01
6.996967287660810220e-02 1.323101077938795000e-01 1.871968220962244855e-01 3.322366333650362269e-01 3.824984285834897579e-01 4.527497464454622311e-01 5.045550798729826480e-01 6.636264818307974211e-01 7.298429617444553985e-01 8.137706313822706816e-01
7.019578968100066707e-02 1.328629373499782274e-01 1.879012850849031691e-01 3.331192071252329634e-01 3.834185546057213845e-01 4.537227878552793636e-01 5.055702165899930156e-01 6.647679146662782701e-01 7.310007265845903657e-01 8.148218913956076781e-01
7.051102057962502223e-02 1.334718196860349704e-01 1.886155053596947073e-01 3.338606851344701476e-01 3.841467037011923602e-01 4.544409539723430203e-01 5.062931597517548177e-01 6.655658284553117587e-01 7.318269355866119374e-01 8.155925954327079008e-01
7.089718872769808222e-02 1.341070522899556194e-01 1.892937895769837009e-01 3.343706245016359047e-01 3.845794826585028359e-01 4.547863237032289674e-01 5.065984740211268988e-01 6.658940588604411737e-01 7.322063535739296025e-01 8.159915629579159724e-01
7.133670666531925775e-02 1.347370058995780440e-01 1.898853352978201736e-01 3.345477341523586667e-01 3.846017205827774732e-01 4.546287148666712241e-01 5.063485918775747496e-01 6.656172541852447555e-01 7.320170162870816011e-01 8.159248685640069221e-01
7.181282966459415218e-02 1.353275587550012149e-01 1.903336284322737493e-01 3.342805700175640604e-01 3.840876949865271728e-01 4.538275464728384057e-01 5.053960192793355288e-01 6.645932044245319581e-01 7.311322994674622766e-01 8.152973549685138543e-01
7.230967029149740211e-02 1.358414666995080566e-01 1.905761118968238577e-01 3.334488274523432771e-01 3.829029215378191853e-01 4.522341898496266555e-01 5.035859561314393051e-01 6.626751305280746962e-01 7.294227686769082508e-01 8.140137681421590887e-01
