1.129495839231224041e-01 1.646456616504422266e-01 2.131130301398086457e-01 3.509596718245128200e-01 4.011065162611919810e-01 4.727551145002351074e-01 5.265950239743431016e-01 6.962753078940694396e-01 7.689820026287089716e-01 8.655157120651623126e-01
1.087356542560510564e-01 1.597232464940118724e-01 2.077752312105893562e-01 3.449883750530713944e-01 3.950366392156648976e-01 4.666518860446329242e-01 5.205535618517630470e-01 6.910313967713621608e-01 7.644628440104987988e-01 8.624633529405746346e-01
1.046617247082983204e-01 1.549444336233436470e-01 2.025780815715336747e-01 3.391361242492940686e-01 3.890750183298584131e-01 4.606394926157562630e-01 5.145885025897981579e-01 6.858137107155813927e-01 7.599494412004561550e-01 8.593990663873886104e-01
1.007255235820407741e-01 1.503082512276560923e-01 1.975216822099355451e-01 3.334056672883358718e-01 3.832252491357912572e-01 4.547226182404110473e-01 5.087052295604097552e-01 6.806287545336663358e-01 7.554479435527673425e-01 8.563273297333535705e-01
9.692474233986289600e-02 1.458136679380324652e-01 1.926060764583220619e-01 3.277997455295339480e-01 3.774909499320536765e-01 4.489060199503929760e-01 5.029092432068198448e-01 6.754833160023216987e-01 7.509648478859097809e-01 8.532529755364445245e-01
9.325703821120032155e-02 1.414595972576923877e-01 1.878312548982125907e-01 3.223210982839830319e-01 3.718757658012277756e-01 4.431945310735195265e-01 4.972061638309319687e-01 6.703844690462836819e-01 7.465070039953435321e-01 8.501812016388505810e-01
8.972003814788082066e-02 1.372449033463028767e-01 1.831971615539341181e-01 3.169724680919674409e-01 3.663833731784109649e-01 4.375930646367482413e-01 4.916017341090280213e-01 6.653395751577909634e-01 7.420816177716549333e-01 8.471175785811625447e-01
8.631134389233491300e-02 1.331684079177961610e-01 1.787037011035707834e-01 3.117566064121327640e-01 3.610174845229600638e-01 4.321066163600738030e-01 4.861018207572472272e-01 6.603562822776268826e-01 7.376962510470488343e-01 8.440680534423025128e-01
8.302853795497527889e-02 1.292288980233667062e-01 1.743507468256245141e-01 3.066762792567833129e-01 3.557818525570028978e-01 4.267402666018484947e-01 4.807124146289513122e-01 6.554425201611824292e-01 7.333588170806660811e-01 8.410389489620414549e-01
7.986919032550859887e-02 1.254251344964001647e-01 1.701381489814261516e-01 3.017342722222916551e-01 3.506802734249941933e-01 4.214991804737712178e-01 4.754396283597958628e-01 6.506064910234750087e-01 7.290775703481060521e-01 8.380369565674682386e-01
7.683086576668288203e-02 1.217558608333410008e-01 1.660657433035760411e-01 2.969333942585323238e-01 3.457165879971804134e-01 4.163886051759598250e-01 4.702896904825484281e-01 6.458566539964356590e-01 7.248610890258305739e-01 8.350691216679942963e-01
7.391113155808184954e-02 1.182198122729529038e-01 1.621333592184130146e-01 2.922764793959063412e-01 3.408946803860511410e-01 4.114138634100887870e-01 4.652689347141100162e-01 6.412017016461876162e-01 7.207182482652779720e-01 8.321428193173031618e-01
7.110756557195223315e-02 1.148157248151530918e-01 1.583408273747048678e-01 2.877663855037503882e-01 3.362184725707944022e-01 4.065803415156925560e-01 4.603837828778817864e-01 6.366505265002299074e-01 7.166581820508713951e-01 8.292657180853511001e-01
6.841776457235219933e-02 1.115423438886029295e-01 1.546879859810050273e-01 2.834059889933421283e-01 3.316919138361809627e-01 4.018934707504880355e-01 4.556407196773882284e-01 6.322121752469896938e-01 7.126902311581316818e-01 8.264457297712927142e-01
6.583935263267044757e-02 1.083984323327521343e-01 1.511746853707764959e-01 2.791981742099626240e-01 3.273189635400938213e-01 3.973586999162903588e-01 4.510462573026766675e-01 6.278957880287311388e-01 7.088238745149919584e-01 8.236909424660470158e-01
6.336998956407978445e-02 1.053827773046623617e-01 1.478007901196512763e-01 2.751458160949183940e-01 3.231035655465748224e-01 3.929814573438030201e-01 4.466068876615151839e-01 6.237105201057867587e-01 7.050686411816022847e-01 8.210095345056899196e-01
6.100737923788632222e-02 1.024941956541469135e-01 1.445661779374576850e-01 2.712517545611846659e-01 3.190496125266703009e-01 3.887671001306740037e-01 4.423290199293345437e-01 6.196654431974462085e-01 7.014340002825644182e-01 8.184096671269677215e-01
5.874927766688460562e-02 9.973153723426764206e-02 1.414707344568871539e-01 2.675187589459771531e-01 3.151608982773365097e-01 3.847208485305856351e-01 4.382189011679942792e-01 6.157694240950232212e-01 6.979292266520705779e-01 8.158993542423809142e-01
5.659350068347066692e-02 9.709368553176594974e-02 1.385143429533215453e-01 2.639494809217064475e-01 3.114410562914659564e-01 3.808477035844758940e-01 4.342825180527634110e-01 6.120309788048707844e-01 6.945632408029451810e-01 8.134863087994381736e-01
5.453793101409351585e-02 9.457955492010085286e-02 1.356968679744355866e-01 2.605463944155359535e-01 3.078934830937989364e-01 3.771523465481861903e-01 4.305254783601216162e-01 6.084581016291449318e-01 6.913444232218940444e-01 8.111777667699701100e-01
5.258052449938059592e-02 9.218808376652276593e-02 1.330181318579047034e-01 2.573117214672049902e-01 3.045212454089213372e-01 3.736390194879457005e-01 4.269528718983215398e-01 6.050580703314077935e-01 6.882804050177601107e-01 8.089802919830241246e-01
5.071931514617465664e-02 8.991822257852145894e-02 1.304778832009101108e-01 2.542473436058216296e-01 3.013269711163426012e-01 3.703113876594651410e-01 4.235691120824066069e-01 6.018372309176444057e-01 6.853778396371295045e-01 8.068995677396723076e-01
4.895241862176510916e-02 8.776891637317658923e-02 1.280757565500731388e-01 2.513546992984652673e-01 2.983127252214955449e-01 3.671723859971807724e-01 4.203777613938143309e-01 5.988007685553441428e-01 6.826421636313162455e-01 8.049401842734088541e-01
4.727803371329763332e-02 8.573908051881998227e-02 1.258112229388217984e-01 2.486346693368966243e-01 2.954798737350006199e-01 3.642240541919171126e-01 4.173813464682075147e-01 5.959524745792416089e-01 6.800773580685162134e-01 8.031054343214776292e-01
4.569444118048024417e-02 8.382756945802530280e-02 1.236835314378388478e-01 2.460874536523207923e-01 2.928289403402545288e-01 3.614673673049136338e-01 4.145811713516186492e-01 5.932945230379175205e-01 6.776857256961889009e-01 8.013971318443148251e-01
4.419999933435475592e-02 8.203313799975432696e-02 1.216916426138546364e-01 2.437124448775741525e-01 2.903594628815194811e-01 3.589020714074014906e-01 4.119771402386177006e-01 5.908272732756443268e-01 6.754677017400063654e-01 7.998154706195352848e-01
4.279313559052416033e-02 8.035439528641451223e-02 1.198341556962947974e-01 2.415081058184996021e-01 2.880698587541846156e-01 3.565265359715933391e-01 4.095676032983984749e-01 5.885491169219241314e-01 6.734217175163296210e-01 7.983589393454506578e-01
4.147233318864371882e-02 7.878975210628463843e-02 1.181092322761737590e-01 2.394718595694392271e-01 2.859573098591383644e-01 3.543376361886877990e-01 4.073492404422575652e-01 5.864563876275502574e-01 6.715441350761354178e-01 7.970243074332591382e-01
4.023611226389500056e-02 7.733736292067633356e-02 1.165145204074634760e-01 2.376000019545758124e-01 2.840176784555021872e-01 3.523306785131619656e-01 4.053169974888185534e-01 5.845433492717742041e-01 6.698292672917992574e-01 7.958066905427328974e-01
3.908300452884758136e-02 7.599506476716533232e-02 1.150470838968848108e-01 2.358876458833993883e-01 2.822454645278270613e-01 3.504993809770641788e-01 4.034640865590727876e-01 5.828022726711247214e-01 6.682694908037013493e-01 7.946996971623374595e-01
3.801152100742879320e-02 7.476031600687317591e-02 1.137033421458809590e-01 2.343287055956215781e-01 2.806338126340350292e-01 3.488359155897501895e-01 4.017820570798253388e-01 5.812236016390319726e-01 6.668554488735638497e-01 7.936956473688301372e-01
3.702011258821796130e-02 7.363013858100216080e-02 1.124790258726055675e-01 2.329159250248081514e-01 2.791745709165703304e-01 3.473310126476509829e-01 4.002609346718769556e-01 5.797961959307240676e-01 6.655763270279536625e-01 7.927858422892807289e-01
3.610712365638883703e-02 7.260106785236096483e-02 1.113691530315901873e-01 2.316409477653358640e-01 2.778583960111618567e-01 3.459741147989581211e-01 3.988894111166028655e-01 5.785076198340617371e-01 6.644201652904860866e-01 7.919608469883309132e-01
3.527073973042642308e-02 7.166911399933510729e-02 1.103680268152819610e-01 2.304944152333361918e-01 2.766748835771304926e-01 3.447535505351326246e-01 3.976550476506543474e-01 5.773444189390576353e-01 6.633741450085717251e-01 7.912107292313999007e-01
3.450893085169107199e-02 7.082973803125136580e-02 1.094692532870769619e-01 2.294660634637481211e-01 2.756126838049989813e-01 3.436566709243741302e-01 3.965444244695717213e-01 5.762922926540710034e-01 6.624247548816705189e-01 7.905251716336416656e-01
3.381939339346010792e-02 7.007784354382813607e-02 1.086657696404091933e-01 2.285447675059908701e-01 2.746595346943465077e-01 3.426698604938829829e-01 3.955431325990255154e-01 5.753360291311728769e-01 6.615577033601408585e-01 7.898933493160390507e-01
3.319949386530880037e-02 6.940778217255041960e-02 1.079498654816623687e-01 2.277184581262857166e-01 2.738021169013220013e-01 3.417782988608938921e-01 3.946354673453226769e-01 5.744590337915843614e-01 6.607574156340599858e-01 7.893034515676230489e-01
3.264621903325321678e-02 6.881336639971735725e-02 1.073131699777687548e-01 2.269738152217916083e-01 2.730256118243386543e-01 3.409653270695935934e-01 3.938036611801161158e-01 5.736422751213086091e-01 6.600059564336868689e-01 7.887417447215966382e-01
3.215613705957001689e-02 6.828787834149410707e-02 1.067465694319388037e-01 2.262956370924301686e-01 2.723128440973239806e-01 3.402112814685119280e-01 3.930265114637502832e-01 5.728625217852005846e-01 6.592812841621410458e-01 7.881911467601054877e-01
3.172537417188744935e-02 6.782405819373296674e-02 1.062400161021719858e-01 2.256658076162218196e-01 2.716429274401500060e-01 3.394917193545630152e-01 3.922773383492513255e-01 5.720898781815372258e-01 6.585548884350568288e-01 7.876294217551541577e-01
3.134961039526615312e-02 6.741405229842711844e-02 1.057821934415319187e-01 2.250618445657313060e-01 2.709894202748994174e-01 3.387750863114121769e-01 3.915213614422504151e-01 5.712848421687786171e-01 6.577890848575337346e-01 7.870272849589475817e-01
3.102409597541335926e-02 6.704929964039899049e-02 1.053600182693088805e-01 2.244551127674609958e-01 2.703181324680064557e-01 3.380200564786440265e-01 3.907127954079960275e-01 5.703953697272048373e-01 6.569344884193440981e-01 7.863468820776200463e-01
3.074368723919380930e-02 6.672033831300289153e-02 1.049579876949702922e-01 2.238089127569738157e-01 2.695848856528563209e-01 3.371729784087545423e-01 3.897921877897515541e-01 5.693546565988490959e-01 6.559283723925337650e-01 7.855411907736047361e-01
3.050289687603101318e-02 6.641652121188056090e-02 1.045574163443837856e-01 2.230767820736291596e-01 2.687336772443284505e-01 3.361660224497260430e-01 3.886846851749783394e-01 5.680804369676485388e-01 6.546946455412566701e-01 7.845548209293987663e-01
3.029594924826293015e-02 6.612564366853489195e-02 1.041356532492462850e-01 2.222014363193252073e-01 2.676957835789587903e-01 3.349166855446588653e-01 3.872999419072677973e-01 5.664764759951574913e-01 6.531459853373536850e-01 7.833264451530983496e-01
3.011682680583678898e-02 6.583350511212870959e-02 1.036654109105151073e-01 2.211147950022948616e-01 2.663903173501587229e-01 3.333292172416638111e-01 3.855342309356540875e-01 5.644365826304131861e-01 6.511882636087518161e-01 7.817927271081125395e-01
2.995928965251761986e-02 6.552345149558826132e-02 1.031143730509209433e-01 2.197394591782886319e-01 2.647266071163595358e-01 3.312982763327841362e-01 3.832749831216889502e-01 5.618509623422554000e-01 6.487268939820506342e-01 7.798932450528532900e-01
2.981684771321236466e-02 6.517597317734205586e-02 1.024452630656434299e-01 2.179918311921375251e-01 2.626085033667916457e-01 3.287147498510289978e-01 3.804075329731184674e-01 5.586142043861813677e-01 6.456742701078469482e-01 7.775756545980683221e-01
2.968266512566768156e-02 6.476846036268155138e-02 1.016165430311797568e-01 2.157868137122062879e-01 2.599403817305626085e-01 3.254732465200095293e-01 3.768233928663142773e-01 5.546338095826043313e-01 6.419571928951939288e-01 7.748002773133628729e-01
2.954938139015718390e-02 6.427523889964785464e-02 1.005838660771082721e-01 2.130437403834592180e-01 2.566342790629415616e-01 3.214804160118787113e-01 3.724290318109287345e-01 5.498380236501920759e-01 6.375231793483424614e-01 7.715434447725358913e-01
