6.814488838598018461e+00 9.650558974787765365e+00 1.201601121544924489e+01 1.807360102504620158e+01 2.012786748503003764e+01 2.295745385513185610e+01 2.500733179827967234e+01 3.102995826855628181e+01 3.337200276926442655e+01 3.616927646086062964e+01
7.683447690386541851e+00 1.088141935953541406e+01 1.354876012155264675e+01 2.037953018760195789e+01 2.269599017842768163e+01 2.588668212168320437e+01 2.819810778226430159e+01 3.498868346429547671e+01 3.762901316062036727e+01 4.078202458249616313e+01
8.663281204923222845e+00 1.226933340491287794e+01 1.527709037211769783e+01 2.297972706570245904e+01 2.559184576008824763e+01 2.918972904329685392e+01 3.179607711712528229e+01 3.945254510786313062e+01 4.242916263362479157e+01 4.598316499515915723e+01
9.768132439980387716e+00 1.383433631740539305e+01 1.722595399255770587e+01 2.591174069534073965e+01 2.885725554547773797e+01 3.291429950448319630e+01 3.585320535775549899e+01 4.448600907302665064e+01 4.784176377043350215e+01 5.184777435847180982e+01
1.101394858601844184e+01 1.559901912612565766e+01 1.942348621283994703e+01 2.921791113901555548e+01 3.253937729910730781e+01 3.711418606189999991e+01 4.042808980374898908e+01 5.016176947551921472e+01 5.394497642945141536e+01 5.846051261768460705e+01
1.241871109527111727e+01 1.758885469635973919e+01 2.190141151734162506e+01 3.294598069541144270e+01 3.669138605904304740e+01 4.185004567017104193e+01 4.558680569860081278e+01 5.656179885929680040e+01 6.082693711721586283e+01 6.591684667804527464e+01
1.400269516508442180e+01 1.983256532613447121e+01 2.469550148446837667e+01 3.714978306171134648e+01 4.137324179250364153e+01 4.719027547158147939e+01 5.140386035663389208e+01 6.377853235847705804e+01 6.858703246786230068e+01 7.432443029854363203e+01
1.578876231992347279e+01 2.236253722958980106e+01 2.784609102079804899e+01 4.189002038603823763e+01 4.665255495048762668e+01 5.321200027480956152e+01 5.796326897101230458e+01 7.191620290409275640e+01 7.733733519044109528e+01 8.380466011401392734e+01
1.780269031412230873e+01 2.521528788744849336e+01 3.139866043677131202e+01 4.723513941367254176e+01 5.260556239905810116e+01 6.000218595505326391e+01 6.535976760632206606e+01 8.109234671371217473e+01 8.720422317553067160e+01 9.449443021903105944e+01
2.007354511605744918e+01 2.843199300770505289e+01 3.540449176065830983e+01 5.326231935819583185e+01 5.931822779415836777e+01 6.765889481964231322e+01 7.370018085185971302e+01 9.143950074572907738e+01 9.833020507844051394e+01 1.065481105888452049e+02
2.263410034176024865e+01 3.205908069983436803e+01 3.992140875843057302e+01 6.005858573822400359e+01 6.688748225860933871e+01 7.629270102565448042e+01 8.310496383542886178e+01 1.031071165536900338e+02 1.108759786541425711e+02 1.201397778114324240e+02
2.552131019081835106e+01 3.614890143579533088e+01 4.501461133476666987e+01 6.772206623527783620e+01 7.542262324026515330e+01 8.602828643883651694e+01 9.370994080438504170e+01 1.162637180791948595e+02 1.250227514514786833e+02 1.354657302060053041e+02
2.877684270965024993e+01 4.076048346491311491e+01 5.075761635222968238e+01 7.636340667501761459e+01 8.504689170863331071e+01 9.700623991986957151e+01 1.056682653074715859e+02 1.310993344198942907e+02 1.409748572295135887e+02 1.527473234586744866e+02
3.244768107803121637e+01 4.596038458321482523e+01 5.723331844146058245e+01 8.610736754247292879e+01 9.589925041697942731e+01 1.093850859528625108e+02 1.191526301992625179e+02 1.478282425534972901e+02 1.589627056924915678e+02 1.722341674747272009e+02
3.658680159669579268e+01 5.182365254885012007e+01 6.453518610736014693e+01 9.709462404592061091e+01 1.081363888558758077e+02 1.233435718352076265e+02 1.343577592860429206e+02 1.666920594484429898e+02 1.792461079150936882e+02 1.942077302976584861e+02
4.125393816113074053e+01 5.843490800403375829e+01 7.276861038993848751e+01 1.094837956821280045e+02 1.219349837952917142e+02 1.390832463768837783e+02 1.515032164915912460e+02 1.879632280145437164e+02 2.021180252195680964e+02 2.189854007570993986e+02
4.651644425534767890e+01 6.588956553328992527e+01 8.205242554228718177e+01 1.234537345712799663e+02 1.374942480043503679e+02 1.568313672668461436e+02 1.708365730048299724e+02 2.119489470198072354e+02 2.279087953546629706e+02 2.469250680733586591e+02
5.245026490752682236e+01 7.429521048335294608e+01 9.252062367415739175e+01 1.392061055722694789e+02 1.550388039059322978e+02 1.768441790177944313e+02 1.926369780483008753e+02 2.389956015112000500e+02 2.569908967095007029e+02 2.784302840725331976e+02
5.914103263734084948e+01 8.377315142088069422e+01 1.043242881141944025e+02 1.569682954137022932e+02 1.748219236296851022e+02 1.994106087700615149e+02 2.172191847555850472e+02 2.694937575279254247e+02 2.897843190835659470e+02 3.139560820765270250e+02
6.668530321550018414e+01 9.446017064285612719e+01 1.176337734078818897e+02 1.769966928453971491e+02 1.971291822416816046e+02 2.248564333012609779e+02 2.449380892557229856e+02 3.038837930991569465e+02 3.267626183512588796e+02 3.540155360676154714e+02
7.519194907550728146e+01 1.065104980179735037e+02 1.326411634376105155e+02 1.995803871992318363e+02 2.222825769301585126e+02 2.535489774405523065e+02 2.761938485319419669e+02 3.426622468003114932e+02 3.684597423444294009e+02 3.991871545445684433e+02
8.478373049500864056e+01 1.200980366668605939e+02 1.495630431775793170e+02 2.250453388246361612e+02 2.506451717012690210e+02 2.859024118243987687e+02 3.114376510594134402e+02 3.863889756410086989e+02 4.154777265803144246e+02 4.501232157582159630e+02
9.559906723240490578e+01 1.354188726311247706e+02 1.686436241370673486e+02 2.537590817187159189e+02 2.826263347819570981e+02 3.223837266631643388e+02 3.511782237507819673e+02 4.356952259222563839e+02 4.684953712467860782e+02 5.075591649191096622e+02
1.077940362006524850e+02 1.526941047881456655e+02 1.901582686653346457e+02 2.861360263983565346e+02 3.186876445434254492e+02 3.635194680328627328e+02 3.959891694765493639e+02 4.912927340865530823e+02 5.282780252894907562e+02 5.723242096911467343e+02
1.215446240262044029e+02 1.721730358986002614e+02 2.144174640615396470e+02 3.226434397644735554e+02 3.593495494607809633e+02 4.099033342895250485e+02 4.465172415148733194e+02 5.539839896507393178e+02 5.956886196916709650e+02 6.453532679910620118e+02
1.370492670238129733e+02 1.941367708921131339e+02 2.417713039325178670e+02 3.638081884952551377e+02 4.051988785288843360e+02 4.622047426509373054e+02 5.034916748531215376e+02 6.246738091930974406e+02 6.717001102251639395e+02 7.277004419008802643e+02
1.545317152702467354e+02 2.189022743752162512e+02 2.726145415541724333e+02 4.102243434716629054e+02 4.568973107547442964e+02 5.211784898862324553e+02 5.677347093841736978e+02 7.043823890607314979e+02 7.574095100140870045e+02 8.205542131404176871e+02
1.742442621411825883e+02 2.468269459617855262e+02 3.073922881952487387e+02 4.625617548899463713e+02 5.151909258002802972e+02 5.876756462670950896e+02 6.401734565002648196e+02 7.942600243656504517e+02 8.540537133098258664e+02 9.252545775213659454e+02
1.964713859520529979e+02 2.783137794505141756e+02 3.466064384770219249e+02 5.215757206890925772e+02 5.809209719782282946e+02 6.626558375152892495e+02 7.218532771017441974e+02 8.956037001794239814e+02 9.630273301653256794e+02 1.043312352161595982e+03
2.215338562895564678e+02 3.138171801379615431e+02 3.908229146866404449e+02 5.881178831611426858e+02 6.550360003251605576e+02 7.472010819075584322e+02 8.139528509905024976e+02 1.009875768286275274e+03 1.085902754835658698e+03 1.176430881104631908e+03
2.497933643177723013e+02 3.538495235566056749e+02 4.406798317652364858e+02 6.631484953422774424e+02 7.386055175430848294e+02 8.425313486520121842e+02 9.178011116605860025e+02 1.138724893345361806e+03 1.224452644665023627e+03 1.326530281973901083e+03
2.816577438791317149e+02 3.989885482149887821e+02 4.968966922695330481e+02 7.477501879130652469e+02 8.328352891372295517e+02 9.500219637983636858e+02 1.034896164199635678e+03 1.284009324441079798e+03 1.380674812014069403e+03 1.495774105354897301e+03
3.175868586748263169e+02 4.498856832945021438e+02 5.602847209285816916e+02 8.431433130996427963e+02 9.390843411869681177e+02 1.071222858936696639e+03 1.166926131126624796e+03 1.447822200980207981e+03 1.556819077347831353e+03 1.686597611094884542e+03
3.580992402781897681e+02 5.072754171826157972e+02 6.317584317645117835e+02 9.507027985571866111e+02 1.058883502065535595e+03 1.207879346263518755e+03 1.315791470080065210e+03 1.632517843513260459e+03 1.755414662429131567e+03 1.901735500820566131e+03
4.037795722469126645e+02 5.719858096628406656e+02 7.123484713872985594e+02 1.071976145252055403e+03 1.193954906120472970e+03 1.361953490628808368e+03 1.483627532395297976e+03 1.840736583238811818e+03 1.979294958629134726e+03 2.144244596156144326e+03
4.552871271067118073e+02 6.449502327050091708e+02 8.032156793238049204e+02 1.208701678579828922e+03 1.346231162093229841e+03 1.535644125201934685e+03 1.672824859658184323e+03 2.075423512949185806e+03 2.231613872031084611e+03 2.417513601902969185e+03
5.133652752613046459e+02 7.272203835402605137e+02 9.056661298993948321e+02 1.362825376445174925e+03 1.517871840144271800e+03 1.731402111820263144e+03 1.886042960481310274e+03 2.339833770770505907e+03 2.515844730338289082e+03 2.725248362962038755e+03
5.788521974195576831e+02 8.199805405899562629e+02 1.021166660863956054e+03 1.536513609734643296e+03 1.711273660372867653e+03 1.951935781603009673e+03 2.126211363235880071e+03 2.637514302982466234e+03 2.835749915764735761e+03 3.071418419949757208e+03
6.526929438997160560e+02 9.245629223717996865e+02 1.151360065557582857e+03 1.732158139837162253e+03 1.929069579197552230e+03 2.200200094520183939e+03 2.396510250127838844e+03 2.972250782109708325e+03 3.195308608113838545e+03 3.460151392598169423e+03
7.359529933815834966e+02 1.042463862339148591e+03 1.298078773874460921e+03 1.952369069513186560e+03 2.174111360772651096e+03 2.479362655765390627e+03 2.700322861333953824e+03 3.347970042112058763e+03 3.598593112789727456e+03 3.895567813812678196e+03
8.298334674275579346e+02 1.175360337366061003e+03 1.463355548836034586e+03 2.199951551432180167e+03 2.449430742170440226e+03 2.792741069130187952e+03 3.041153995112491430e+03 3.768594167339741944e+03 4.049592284555446895e+03 4.381561048035090607e+03
9.356881509913539503e+02 1.325126200760758138e+03 1.649429571437613959e+03 2.477863257201650868e+03 2.758176343743871257e+03 3.143709610678008630e+03 3.422513707287168018e+03 4.237852095115279553e+03 4.551992841604199384e+03 4.921542772874820912e+03
1.055042446965145473e+03 1.493847294200091710e+03 1.858746357023397650e+03 2.789151980974538674e+03 3.103527028391414660e+03 3.535578622175571581e+03 3.847772219972006496e+03 4.759066326295645922e+03 5.108942967504966873e+03 5.518189426483565512e+03
1.189614346378599748e+03 1.683834470499738472e+03 2.093950284138885763e+03 3.136876010140400467e+03 3.488586927442861452e+03 3.971456307238230238e+03 4.319999573957032226e+03 5.334942615985816701e+03 5.722833001157368926e+03 6.173233135131894414e+03
1.341337415143447288e+03 1.897633472524128365e+03 2.357869107646148223e+03 3.524013397241021266e+03 3.916271808269254961e+03 4.454108122406560142e+03 4.841809544417694269e+03 5.967395510407627626e+03 6.395130836057965098e+03 6.887337580769132728e+03
1.512385672162780338e+03 2.138030600455732838e+03 2.653490599646024293e+03 3.953369166098560527e+03 4.389199651242267464e+03 4.985831971549702757e+03 5.415229723862141327e+03 6.657439772337133036e+03 7.126302730547956344e+03 7.660084634764516522e+03
1.705200051666459331e+03 2.408053172605313193e+03 2.983932299193587369e+03 4.427490991067617870e+03 4.909599237128692039e+03 5.568366782411977510e+03 6.041617326662580126e+03 7.405167159247406744e+03 7.915834917443714403e+03 8.490075528238516199e+03
1.922515897486897529e+03 2.710963951247710156e+03 3.352406123635252698e+03 4.948603530212438272e+03 5.479248804734092118e+03 6.202847663365057997e+03 6.721633507543805536e+03 8.209812528502576242e+03 8.762352195780946204e+03 9.375127867373199479e+03
2.167390628153662874e+03 3.050248966476392980e+03 3.762180183008659242e+03 5.518569381601982059e+03 6.099452751081220413e+03 6.889813731919517522e+03 7.455279526307723245e+03 9.069897353440017469e+03 9.663812355582324017e+03 1.031253368795301503e+04
2.443230349011404542e+03 3.429598522913608576e+03 4.216540463768666086e+03 6.138881055280201508e+03 6.771058877507995931e+03 7.629266667943443281e+03 8.241988405620119011e+03 9.983426784492865409e+03 1.061774446720275046e+04 1.129933772750749631e+04
