3.144301965203943894e-01 3.977220614148341826e-01 4.612210930617411941e-01 6.116837058502587743e-01 6.597288946096649953e-01 7.234858508577944880e-01 7.677170828093788923e-01 8.842348933561332558e-01 9.211382117596111918e-01 9.557316347016273639e-01
3.009753050816429409e-01 3.831648346988876241e-01 4.462276091703790692e-01 5.965439887147232501e-01 6.447877447530590000e-01 7.090397415522055047e-01 7.538193383699719474e-01 8.732829543370655978e-01 9.120816598235449435e-01 9.494463672857745840e-01
2.880055016636716148e-01 3.690557112259169603e-01 4.316350829885187146e-01 5.816432240042977986e-01 6.300171356249691934e-01 6.946572927696611499e-01 7.398976840937834254e-01 8.620023142225520241e-01 9.025821540523331077e-01 9.426613756709724123e-01
2.755184322786692896e-01 3.553973300270287794e-01 4.174524020874842423e-01 5.670059021002404887e-01 6.154467948911199748e-01 6.803755380714621159e-01 7.259943770073828961e-01 8.504449892566018354e-01 8.926863956732250527e-01 9.354008413856232940e-01
2.634991197711634703e-01 3.421897995980801022e-01 4.036863298025248348e-01 5.526542859270927588e-01 6.011044249506212189e-01 6.662298098926998646e-01 7.121502751987860425e-01 8.386641776368338741e-01 8.824449753246647044e-01 9.276968083409599108e-01
2.519394773056810588e-01 3.294342286278543197e-01 3.903429363621910841e-01 5.386089022219243683e-01 5.870159138987974812e-01 6.522537020266502283e-01 6.984047205332816199e-01 8.267136699417099166e-01 8.719114287880294079e-01 9.195882981560079550e-01
2.408322800541968511e-01 3.171295035931639417e-01 3.774263130925171184e-01 5.248885214972087709e-01 5.732053974235056248e-01 6.384791115145684870e-01 6.847954862505958307e-01 8.146473367724316184e-01 8.611413689485053480e-01 9.111203056944722212e-01
2.301694395775728541e-01 3.052737007600349051e-01 3.649394090525662770e-01 5.115102832437207203e-01 5.596953150748309458e-01 6.249362493871979396e-01 6.713587364988474748e-01 8.025186860352367946e-01 8.501917032313365263e-01 9.023427401157425587e-01
2.199463507673957152e-01 2.938637185458989887e-01 3.528840419516263149e-01 4.984898180903283849e-01 5.465065096046048954e-01 6.116536751461345567e-01 6.581290035308182684e-01 7.903804822433583288e-01 8.391199375992069998e-01 8.933093629627653076e-01
2.101569329825928034e-01 2.828950663978901381e-01 3.412610699580831408e-01 4.858413398895402024e-01 5.336583066857529811e-01 5.986583326409061767e-01 6.451391764538565443e-01 7.782844186943718157e-01 8.279835624732837518e-01 8.840767599954633127e-01
2.007932698847825770e-01 2.723621983492706122e-01 3.300705136832600139e-01 4.735777441157363876e-01 5.211685994711169334e-01 5.859755889216294866e-01 6.324204959145630633e-01 7.662808329023796938e-01 8.168395119189255649e-01 8.747033695251759111e-01
1.918451479671054727e-01 2.622588128878406422e-01 3.193115826942887758e-01 4.617106978748782287e-01 5.090539222647282314e-01 5.736292703249114000e-01 6.200025508108741867e-01 7.544184551810901862e-01 8.057436847986827466e-01 8.652485780130141357e-01
1.833019447376607047e-01 2.525784381451092742e-01 3.089826635083471329e-01 4.502507276602636388e-01 4.973295140255462599e-01 5.616416930235417215e-01 6.079132712182170328e-01 7.427441799553954338e-01 7.947505149680245129e-01 8.557718841352326411e-01
1.751541862416043926e-01 2.433147762386081991e-01 2.990813183449131385e-01 4.392072936566042696e-01 4.860093712474916616e-01 5.500336827502171344e-01 5.961789119217941746e-01 7.313028491919768559e-01 7.839125767353368746e-01 8.463321254705357122e-01
1.673932092429344654e-01 2.344616038948634518e-01 2.896044056477184436e-01 4.285888445518853396e-01 4.751062873407532194e-01 5.388245779993154905e-01 5.848240211811533973e-01 7.201370373409617942e-01 7.732802116015259353e-01 8.369867573068232591e-01
1.600097919101674260e-01 2.260124407814524117e-01 2.805483351461648955e-01 4.184028547272368170e-01 4.646318725029506269e-01 5.280322116872867566e-01 5.738713889042290628e-01 7.092868274696408903e-01 7.629011627283166508e-01 8.277911706251910307e-01
1.529939677499979334e-01 2.179605267770738930e-01 2.719092941714046363e-01 4.086558464938565560e-01 4.545965486802102107e-01 5.176728668732585303e-01 5.633419683961894409e-01 6.987895690196811449e-01 7.528202047555873078e-01 8.187980359635866900e-01
1.463356164516047830e-01 2.102991873046754501e-01 2.636832872272880657e-01 3.993533936731250567e-01 4.450095166549005721e-01 5.077612024195126139e-01 5.532547661790621074e-01 6.886796090594294872e-01 7.430787586794009858e-01 8.100566615358937295e-01
1.400244637021235972e-01 2.030220516030206701e-01 2.558660580129633044e-01 3.905000980945330102e-01 4.358786926665646488e-01 4.983101443519986073e-01 5.436266954457185108e-01 6.789879912797873729e-01 7.337144847478773713e-01 8.016123576945632934e-01
1.340500531085621894e-01 1.961228946109121185e-01 2.484531175600158959e-01 3.820995269048503840e-01 4.272106125422343581e-01 4.893307398601045022e-01 5.344723906896207133e-01 6.697421205318246917e-01 7.247608509632303964e-01 7.935058055906607510e-01
1.284020866442568409e-01 1.895955248524159864e-01 2.414398832412845697e-01 3.741541022560430085e-01 4.190103036692875982e-01 4.808319734746338558e-01 5.258039837378316594e-01 6.609653956113995532e-01 7.162466809432013193e-01 7.857724356158752865e-01
1.230704176968347163e-01 1.834338201064787677e-01 2.348217049883446483e-01 3.666649533116952409e-01 4.112811246454353142e-01 4.728205478704705089e-01 5.176308449508566500e-01 6.526768193028644749e-01 7.081956925489412136e-01 7.784418305724256637e-01
1.180450781844384206e-01 1.776316226766614104e-01 2.285937655222438636e-01 3.596317490778428438e-01 4.040245707080287185e-01 4.653006352051342054e-01 5.099592980288260025e-01 6.448906021856001258e-01 7.006260474641893277e-01 7.715371787752598465e-01
1.133164414800900549e-01 1.721826169249770222e-01 2.227509944475571102e-01 3.530525129865690892e-01 3.972400485278379523e-01 4.582736098793829260e-01 5.027923225184777190e-01 6.376157848083079394e-01 6.935499410103780349e-01 7.650748121970284421e-01
1.088752406487323299e-01 1.670802887650441604e-01 2.172879491985599820e-01 3.469234114577731121e-01 3.909246352022693882e-01 4.517377793999106661e-01 4.961292640537451337e-01 6.308559105421217561e-01 6.869732696088322044e-01 7.590638725439554646e-01
1.047126040897615323e-01 1.623178540475496978e-01 2.121986304962621694e-01 3.412385335299819022e-01 3.850728414723032511e-01 4.456881352197770152e-01 4.899655778319741417e-01 6.246087873192525119e-01 6.808954187332251218e-01 7.535061516682839411e-01
1.008200722775625530e-01 1.578881783574805353e-01 2.074762892893455279e-01 3.359896930875514443e-01 3.796763961602825921e-01 4.401161488368270924e-01 4.842926348874870279e-01 6.188663788851956893e-01 6.753092150304222940e-01 7.483961498912237165e-01
9.718958701141541812e-02 1.537836880054457289e-01 2.031132295829999879e-01 3.311662696260778138e-01 3.747240722229288057e-01 4.350096398565914124e-01 4.790976221919480693e-01 6.136148635464209189e-01 6.702010808671037267e-01 7.437213851691460986e-01
9.381345817285759170e-02 1.499962676983256360e-01 1.991006180942390402e-01 3.267551017539697122e-01 3.702015830978462319e-01 4.303527425555666586e-01 4.743635654764600806e-01 6.088348895772373037e-01 6.655514169794902735e-01 7.394629673614141474e-01
9.068430660726467529e-02 1.465171427008161997e-01 1.954283101248409649e-01 3.227404513874395642e-01 3.660915752642973087e-01 4.261259936384825253e-01 4.700694970584779475e-01 6.045020411996904208e-01 6.613352194002364293e-01 7.355964264897885130e-01
8.779498049957237815e-02 1.433367496155035503e-01 1.920847024455007990e-01 3.191040501989725886e-01 3.623737347638626982e-01 4.223065545629616779e-01 4.661907792772229664e-01 6.005875080125651078e-01 6.575229117583778482e-01 7.320927544305049217e-01
8.513844546990675943e-02 1.404446026787204982e-01 1.890566236853838400e-01 3.158252352483405523e-01 3.590250155663122777e-01 4.188685685666504455e-01 4.626995774520866744e-01 5.970589250413115279e-01 6.540813452253136928e-01 7.289195887994264211e-01
8.270764809100515647e-02 1.378291651089526004e-01 1.863292724465817896e-01 3.128811721088224918e-01 3.560199818727920462e-01 4.157836352992818618e-01 4.595654546396581996e-01 5.938813209998983211e-01 6.509748870707862123e-01 7.260424375498998328e-01
8.049535493453532919e-02 1.354777378520389819e-01 1.838862114493945710e-01 3.102471516589845879e-01 3.533312365598633709e-01 4.130213627652254971e-01 4.567560332269205436e-01 5.910180787814717229e-01 6.481664849914062776e-01 7.234258127854754639e-01
7.849397147418003817e-02 1.333763789025546043e-01 1.817094219987530346e-01 3.078969291399047403e-01 3.509298830972841787e-01 4.105499267237490701e-01 4.542376351892625785e-01 5.884317743067238871e-01 6.456185576922929270e-01 7.210341117728128468e-01
7.669534860673923871e-02 1.315098655516152570e-01 1.797794154936050159e-01 3.058030509911981443e-01 3.487859393996686208e-01 4.083365327424294255e-01 4.519757753535874056e-01 5.860847198739193020e-01 6.432935250910212233e-01 7.188320549135980286e-01
7.509058844564464597e-02 1.298617085908111701e-01 1.780753881110886672e-01 3.039370886791192272e-01 3.468685926694896060e-01 4.063476408276411322e-01 4.499353462664515413e-01 5.839390048876513806e-01 6.411537637813137236e-01 7.167844756801304840e-01
7.366986511982828723e-02 1.284142215684040134e-01 1.765753919743379141e-01 3.022696753615621290e-01 3.451461619429677663e-01 4.045487880635571520e-01 4.480803118828132203e-01 5.819558182063611085e-01 6.391607745586870282e-01 7.148552772139411537e-01
7.242227979554004269e-02 1.271486399038241344e-01 1.752564834261769178e-01 3.007702306392790459e-01 3.435856314441160242e-01 4.029038470751058476e-01 4.463727383693721906e-01 5.800938763206305859e-01 6.372734038787791766e-01 7.130054485551636789e-01
7.133577105439478649e-02 1.260452749106996673e-01 1.740947997664835933e-01 2.994062717609646262e-01 3.421516455467876749e-01 4.013736035514304246e-01 4.447710513226089124e-01 5.783068896129572867e-01 6.354450880485215114e-01 7.111901823982509363e-01
7.039710101896504146e-02 1.250836780033185158e-01 1.730655134762512926e-01 2.981422540500694440e-01 3.408049227505963175e-01 3.999136322575103653e-01 4.432275263586086811e-01 5.765401748045640984e-01 6.336202819664064068e-01 7.093553388087167066e-01
6.959193326156032366e-02 1.242427823092038253e-01 1.721426200678489726e-01 2.969379582386579841e-01 3.395001479023063151e-01 3.984715889197599781e-01 4.416851807932096197e-01 5.747267338368716727e-01 6.317304528699004829e-01 7.074337022435115419e-01
6.890501002711868495e-02 1.235009841836209321e-01 1.712985326648282791e-01 2.957465359012483863e-01 3.381835207238522711e-01 3.969841862949745059e-01 4.400744014869563125e-01 5.727833066145695540e-01 6.296901938391434861e-01 7.053416060023764977e-01
6.832042375725966288e-02 1.228361266877758678e-01 1.705034808897101239e-01 2.945124145470918720e-01 3.367902445186596871e-01 3.953742437853930980e-01 4.383097666700647155e-01 5.706069953042103293e-01 6.273940668245493457e-01 7.029764813852990013e-01
6.782196213333339940e-02 1.222253509086425743e-01 1.697247388110535993e-01 2.931693254852255626e-01 3.352422987204789484e-01 3.935482483091080064e-01 4.362875497388160051e-01 5.680729994087437840e-01 6.247146760022519452e-01 7.002157065914835776e-01
6.739348829676730657e-02 1.216447879929925258e-01 1.689257304502078949e-01 2.916387292470767889e-01 3.334468286549723826e-01 3.913948139698895656e-01 4.338843064450124687e-01 5.650337898359779620e-01 6.215022123216009664e-01 6.969168263762715032e-01
6.701930062273193933e-02 1.210690734271954172e-01 1.680650761419554551e-01 2.898288665451062007e-01 3.312954003505899081e-01 3.887842829155191970e-01 4.309567563686080294e-01 5.613197401072137493e-01 6.175853729590055075e-01 6.929188852724301739e-01
6.668440247417978251e-02 1.204706746720308197e-01 1.670956461061363363e-01 2.876345653590828277e-01 3.286642247673046691e-01 3.855695039381887290e-01 4.273429237348841947e-01 5.567409190894248017e-01 6.127732557692580073e-01 6.880443805994532758e-01
6.637460612694080775e-02 1.198190348866009225e-01 1.659636803437319896e-01 2.849378095416941203e-01 3.254152896995729516e-01 3.815876140746083389e-01 4.228642716484236064e-01 5.510895405338339659e-01 6.068576730450938594e-01 6.821012956346936829e-01
6.607640116566676491e-02 1.190795515128750676e-01 1.646080212536505660e-01 2.816089525326262444e-01 3.213981924109903798e-01 3.766624933457647928e-01 4.173284219180893873e-01 5.441425631941569918e-01 5.996154239447938350e-01 6.748848925525697817e-01
