6.811721281175310949e+00 9.645203810144330703e+00 1.200781256560665788e+01 1.805759338707713013e+01 2.010924899593710791e+01 2.293517832402888601e+01 2.498218964677253950e+01 3.099322759421982809e+01 3.332833503621388616e+01 3.610389933688907149e+01
7.680448075878441472e+00 1.087542951485925613e+01 1.353951877936213322e+01 2.036107990341426799e+01 2.267433149734693743e+01 2.586035446682575767e+01 2.816795801190742665e+01 3.494144603323635323e+01 3.757006118632873637e+01 4.068823367708138505e+01
8.660062980875769867e+00 1.226263565547850654e+01 1.526668292780872882e+01 2.295852199005073402e+01 2.556674527233680294e+01 2.915878493806518179e+01 3.176019107887197634e+01 3.939298987862154178e+01 4.235198383440352643e+01 4.585435125787791577e+01
9.764631727136684702e+00 1.382684761722392963e+01 1.721424299585526541e+01 2.588743483734570816e+01 2.882826800501404563e+01 3.287811409939934748e+01 3.581077577519992872e+01 4.441212082811843942e+01 4.774306452394937139e+01 5.167638563182833877e+01
1.100993769415292434e+01 1.559064437039028483e+01 1.941031919166686848e+01 2.919012130079119771e+01 3.250601013265445971e+01 3.707206939146765023e+01 4.037822561025777190e+01 5.007131719282096327e+01 5.382109217009062974e+01 5.823799477371937172e+01
1.241372706956025240e+01 1.757949242382169075e+01 2.188661916169913013e+01 3.291428268713952576e+01 3.665309574852297203e+01 4.180123799572647414e+01 4.552852692528750111e+01 5.645232481462392826e+01 6.067381338824753101e+01 6.563358667286034631e+01
1.399601286234233655e+01 1.982212048994647446e+01 2.467889345809905777e+01 3.711370737628466543e+01 4.132942966254601913e+01 4.713394266738744420e+01 5.133609312317418727e+01 6.364734216692418300e+01 6.840020727131644662e+01 7.396970132458788783e+01
1.577944741435726250e+01 2.235093237230028151e+01 2.782745199355245447e+01 4.184904804775642617e+01 4.660256248944903490e+01 5.314722922150400564e+01 5.788484057852329556e+01 7.176035668478243679e+01 7.711192294236381883e+01 8.336656910097448758e+01
1.778972900497237219e+01 2.520245545737769888e+01 3.137774950735901669e+01 4.718869787194154242e+01 5.254866629773686526e+01 5.992797987108833269e+01 6.526940183826550879e+01 8.090865151142737943e+01 8.693490049132732622e+01 9.395986790794079013e+01
2.005595269360365052e+01 2.841783610287272666e+01 3.538104813344528310e+01 5.320977806581981895e+01 5.925363480047678877e+01 6.757416845894323387e+01 7.359649345572474033e+01 9.122450424890753595e+01 9.801119846552072090e+01 1.059027042278938211e+02
2.261090558189896882e+01 3.204340196803487828e+01 3.989516231301692528e+01 5.999925097180069145e+01 6.681432391788115410e+01 7.619627566588296474e+01 8.298645809002874785e+01 1.028571020033341341e+02 1.105010539558878548e+02 1.193678461425495669e+02
2.549143366318291726e+01 3.613131882129102479e+01 4.498529032853545573e+01 6.765517504152600736e+01 7.533995030280176763e+01 8.591888449260078175e+01 9.357500305138758279e+01 1.159747000488419246e+02 1.245852045445610088e+02 1.345502397724864920e+02
2.873904109337764012e+01 4.074037210452906521e+01 5.072493821965095151e+01 7.628812034515250673e+01 8.495366774373104590e+01 9.688247905601915022e+01 1.055151601945832311e+02 1.307670548460759221e+02 1.404675049986349222e+02 1.516698443059587191e+02
3.240071307594921279e+01 4.593686685452777141e+01 5.719694942347562971e+01 8.602276458949690152e+01 9.579434439924403932e+01 1.092454725484000022e+02 1.189794951984800093e+02 1.474481659921533492e+02 1.583778756647065507e+02 1.709748249772069357e+02
3.652973417151236646e+01 5.179560002275387376e+01 6.449467248805243003e+01 9.699969172908350856e+01 1.080185667070171434e+02 1.231864933314218575e+02 1.341625978945484690e+02 1.662593660109669429e+02 1.785756241045384627e+02 1.927451480666806560e+02
4.118637920433389610e+01 5.840089184046023263e+01 7.272330738258823146e+01 1.093774192317583953e+02 1.218028986228192707e+02 1.389069618478583834e+02 1.512838893165495335e+02 1.874728017863849630e+02 2.013531866960089758e+02 2.172966273274372213e+02
4.643869065690753928e+01 6.584776565583804597e+01 8.200144375070978242e+01 1.233346846685144840e+02 1.373464282837975077e+02 1.566339953180575151e+02 1.705907856645301592e+02 2.113953569841381750e+02 2.270403428071861924e+02 2.449854773197277211e+02
5.236351821101831661e+01 7.424338318632564437e+01 9.246277200955982778e+01 1.390730260404141632e+02 1.548736386037093666e+02 1.766236820119410993e+02 1.923622644672234969e+02 2.383730711105808382e+02 2.560089608618027910e+02 2.762134361260161199e+02
5.904766539282747573e+01 8.370870064901397711e+01 1.042579743408513480e+02 1.568196932588384698e+02 1.746376431945519982e+02 1.991647721146330525e+02 2.169128840146779567e+02 2.687961180495220219e+02 2.886783433074444929e+02 3.114335280363417837e+02
6.658911469976327169e+01 9.438025516913172908e+01 1.175568792543103314e+02 1.768309298420579978e+02 1.969238345670365788e+02 2.245828381516168406e+02 2.445973137832982331e+02 3.031044151542463965e+02 3.255212463597389387e+02 3.511565463056769545e+02
7.509849132147782313e+01 1.064121602409472729e+02 1.325509607149379576e+02 1.993956662522073202e+02 2.220539985025162366e+02 2.532449649306952892e+02 2.758154411314466756e+02 3.417939434249406077e+02 3.670706606399839416e+02 3.959583473025475087e+02
8.470066842033321564e+01 1.199784152193058446e+02 1.494561660504503493e+02 2.248396765437984754e+02 2.503909551427453835e+02 2.855650368104687686e+02 3.110181280695630903e+02 3.854238701616204708e+02 4.139274506779754574e+02 4.464880606259766864e+02
9.553652685019027047e+01 1.352754659672524156e+02 1.685160739205364564e+02 2.535302642628682293e+02 2.823437923123439646e+02 3.220096987663527557e+02 3.507137016026716765e+02 4.346245779365337967e+02 4.667689649356919972e+02 5.034773353774725706e+02
1.077650188475728754e+02 1.525250461882822037e+02 1.900054794315638844e+02 2.858815464577994021e+02 3.183737634680018118e+02 3.631050777639425746e+02 3.954752722152717297e+02 4.901067179398369262e+02 5.263587436950451774e+02 5.677507609554172632e+02
1.215654551694478585e+02 1.719774135997884059e+02 2.142344499168844152e+02 3.223604020020225676e+02 3.590009350929568086e+02 4.094443627248268740e+02 4.459489875711892637e+02 5.526714218213813865e+02 5.935574699234390437e+02 6.402376215213256501e+02
1.371400707061340256e+02 1.939149858097963772e+02 2.415528665695455288e+02 3.634931680867724708e+02 4.048116816934835924e+02 4.616963546560525060e+02 5.028633424782037196e+02 6.232218240720637823e+02 6.693353279943629559e+02 7.219851663777392332e+02
1.547169283283820391e+02 2.186564252423154073e+02 2.723555328081491211e+02 4.098731957492537958e+02 4.564671342924912096e+02 5.206151125977877427e+02 5.670396816321673441e+02 7.027760665121455759e+02 7.547859564627698319e+02 8.141736029891264934e+02
1.745531777832201783e+02 2.465612428002578440e+02 3.070879212258345774e+02 4.621693827513025212e+02 5.147126990801119746e+02 5.870508355540521279e+02 6.394040482649755859e+02 7.924819766464153190e+02 8.511422026088810071e+02 9.181330428372664301e+02
1.969387210590733730e+02 2.780349841568064448e+02 3.462526389231650228e+02 5.211358123491532979e+02 5.803887836235205668e+02 6.619621358642066298e+02 7.210005482724284320e+02 8.936336293925537575e+02 9.597939039097630030e+02 1.035362645834073874e+03
2.222003348807196517e+02 3.135350703132717740e+02 3.904167029340017621e+02 5.876226431839471616e+02 6.544428844223099304e+02 7.464298716694936502e+02 8.130064109940740309e+02 1.007690007424150053e+03 1.082307922277972693e+03 1.167552197156316424e+03
2.507063035134420090e+02 3.535773734937965855e+02 4.402197274654042189e+02 6.625883968133285862e+02 7.379431945744196355e+02 8.416727028394348054e+02 9.167489208710074990e+02 1.136295943068714450e+03 1.220450606891149391e+03 1.316606261066973730e+03
2.828716257867689592e+02 3.987436182474000930e+02 4.963831317109695647e+02 7.471137739734556362e+02 8.320938715184298644e+02 9.490644922299135260e+02 1.033724336305861470e+03 1.281305393429170863e+03 1.376212682600641529e+03 1.484670778405080682e+03
3.191638659525808634e+02 4.496897034026486040e+02 5.597204756124405094e+02 8.424170701092409672e+02 9.382520210234893057e+02 1.070153542222292117e+03 1.165618737447190597e+03 1.444806750312655140e+03 1.551836102755515185e+03 1.674161303176367028e+03
3.601097279828052251e+02 5.071550445232156221e+02 6.311490121441398742e+02 9.498711120844085372e+02 1.057946243746248456e+03 1.206683345114353187e+03 1.314330342030130623e+03 1.629149126724009648e+03 1.749841435489807054e+03 1.887790713748101098e+03
4.063024433192599076e+02 5.719730315801319875e+02 7.117024936340776549e+02 1.071021335976390901e+03 1.192896166553146486e+03 1.360613915002705198e+03 1.481992052113033196e+03 1.836967166363020624e+03 1.973052613342804079e+03 2.128591903529408228e+03
4.584100752721107597e+02 6.450826770557630425e+02 8.025451643399687782e+02 1.207604100671080232e+03 1.345031655920743106e+03 1.534141748270043763e+03 1.670991722382455464e+03 2.071199757069972748e+03 2.224613254463640715e+03 2.399927641718170435e+03
5.171848593627715900e+02 7.275414873038349697e+02 9.049866931607276683e+02 1.361563548424070405e+03 1.516509357179032122e+03 1.729715018332175987e+03 1.883985887910599558e+03 2.335095268038145605e+03 2.507985566018178815e+03 2.705476112761407421e+03
5.834737193943055900e+02 8.205395170609062916e+02 1.020497539610202011e+03 1.535064338854848074e+03 1.709722930532133660e+03 1.950038949479816893e+03 2.123900748474742159e+03 2.632193281463655239e+03 2.826920045022924569e+03 3.049178088004712208e+03
6.582301252488606451e+02 9.254144595961273581e+02 1.150723918040301442e+03 1.730496597142261407e+03 1.927302170962426317e+03 2.198064923741607345e+03 2.393912727569661456e+03 2.966271542156624946e+03 3.185383441993366887e+03 3.435132437335577379e+03
7.425274916833576526e+02 1.043667486222102752e+03 1.297501177245656436e+03 1.950468775988563493e+03 2.172095598528055689e+03 2.476956483206307439e+03 2.697400826693065028e+03 3.341248565581292951e+03 3.587435575720821362e+03 3.867432776590600042e+03
8.375743575336859976e+02 1.176979391317014688e+03 1.462864124316025936e+03 2.197784249701245244e+03 2.447131642477212608e+03 2.790026747667138807e+03 3.037865160542441572e+03 3.761038158032839874e+03 4.037053653743874747e+03 4.349950008391227129e+03
9.447316266937540377e+02 1.327226444319278926e+03 1.649052688818184151e+03 2.475398673377184423e+03 2.755555607044932458e+03 3.140645291650129820e+03 3.418810870018268815e+03 4.229361863615895345e+03 4.537915056210675175e+03 4.886081277921090077e+03
1.065532178855045458e+03 1.496495225182829245e+03 1.858511432234025506e+03 2.786357533345907996e+03 3.100543184281441427e+03 3.532117963573507950e+03 3.843603546807793919e+03 4.749537108155496753e+03 5.093163139609324389e+03 5.478500703139931829e+03
1.201703127492706471e+03 1.687095647378726426e+03 2.093881804455444581e+03 3.133716598084593898e+03 3.485195814960241933e+03 3.967549426654043145e+03 4.315309839322437256e+03 5.324269071920214628e+03 5.705190980206041786e+03 6.128955300661702495e+03
1.355190834667379704e+03 1.901571355363482098e+03 2.357986715864456073e+03 3.520451499717937168e+03 3.912427663538541310e+03 4.449703700949328777e+03 4.836542870801554272e+03 5.955479251146151910e+03 6.375480724781739809e+03 6.838146495983139175e+03
1.528188375801637903e+03 2.142706679862375040e+03 2.653807832849035549e+03 3.949365576500177667e+03 4.384857147211746451e+03 4.980880959750676084e+03 5.409334416566261098e+03 6.644200737836420558e+03 7.104529210659202363e+03 7.605723087022578511e+03
1.723164430969076193e+03 2.413529237649112474e+03 2.984456835138626502e+03 4.423006585115405869e+03 4.904716840725460315e+03 5.562828129868295036e+03 6.035053334809747867e+03 7.390559554191502684e+03 7.891875142827155287e+03 8.430389665173473986e+03
1.942891808483932437e+03 2.717306939780518405e+03 3.353142434866257190e+03 4.943602480465182452e+03 5.473793757979220572e+03 6.196696373712596142e+03 6.714382872049536672e+03 8.193845807467505438e+03 8.736223901435296284e+03 9.310112236233133444e+03
2.190473729442192052e+03 3.057537704774088525e+03 3.763134975681968172e+03 5.513024199261662034e+03 6.093407848310566806e+03 6.883051339629364520e+03 7.447359916747301213e+03 9.052662505719928959e+03 9.635648732238598313e+03 1.024238672393268462e+04
2.469367196953677194e+03 3.437930335388128242e+03 4.217729954293416085e+03 6.132779767390698908e+03 6.764431066803172143e+03 7.621933966771907762e+03 8.233469537011738794e+03 9.965127859720667402e+03 1.058783612610840100e+04 1.122452962982806457e+04
