1.796012783223855823e-04
1.930713741965645036e-04
2.065414700707434250e-04
2.200115659449223464e-04
2.334816618191012678e-04
2.469517576932801621e-04
2.604218535674591105e-04
2.738919494416380048e-04
2.873620453158169533e-04
3.008321411899958476e-04
3.143022370641747418e-04
3.277723329383536903e-04
3.412424288125326388e-04
3.547125246867115331e-04
3.681826205608904816e-04
3.816527164350693758e-04
3.951228123092483243e-04
4.085929081834272728e-04
4.220630040576061129e-04
4.355330999317850614e-04
4.490031958059639556e-04
4.624732916801429041e-04
4.759433875543218526e-04
4.894134834285007469e-04
5.028835793026796954e-04
5.163536751768586439e-04
5.298237710510374839e-04
5.432938669252164324e-04
5.567639627993953809e-04
5.702340586735742210e-04
5.837041545477531694e-04
5.971742504219321179e-04
6.106443462961109580e-04
6.241144421702900149e-04
6.375845380444688550e-04
6.510546339186478034e-04
6.645247297928266435e-04
6.779948256670055920e-04
6.914649215411845405e-04
7.049350174153634890e-04
7.184051132895423290e-04
7.318752091637213859e-04
7.453453050379002260e-04
7.588154009120791745e-04
7.722854967862581230e-04
7.857555926604369630e-04
7.992256885346159115e-04
8.126957844087947516e-04
8.261658802829738085e-04
8.396359761571527570e-04
8.531060720313315970e-04
8.665761679055105455e-04
8.800462637796893856e-04
8.935163596538683341e-04
9.069864555280472826e-04
9.204565514022261226e-04
9.339266472764051795e-04
9.473967431505840196e-04
9.608668390247629681e-04
9.743369348989419166e-04
9.878070307731208650e-04
1.001277126647299922e-03
1.014747222521478545e-03
1.028217318395657602e-03
1.041687414269836442e-03
1.055157510144015282e-03
1.068627606018194339e-03
1.082097701892373179e-03
1.095567797766552236e-03
1.109037893640731076e-03
1.122507989514910133e-03
1.135978085389088756e-03
1.149448181263267813e-03
1.162918277137446870e-03
1.176388373011625493e-03
1.189858468885804550e-03
1.203328564759983607e-03
1.216798660634162664e-03
1.230268756508341287e-03
1.243738852382520344e-03
1.257208948256698967e-03
1.270679044130878024e-03
1.284149140005057081e-03
1.297619235879236138e-03
1.311089331753414761e-03
1.324559427627593818e-03
1.338029523501772875e-03
1.351499619375951932e-03
1.364969715250130555e-03
1.378439811124309612e-03
1.391909906998488235e-03
1.405380002872667292e-03
1.418850098746846349e-03
1.432320194621024972e-03
1.445790290495204029e-03
1.459260386369383086e-03
1.472730482243562143e-03
1.486200578117741200e-03
1.499670673991919823e-03
1.513140769866098880e-03
1.526610865740277503e-03
1.540080961614456560e-03
1.553551057488635617e-03
1.567021153362814240e-03
1.580491249236993297e-03
1.593961345111172354e-03
1.607431440985350977e-03
1.620901536859530034e-03
1.634371632733709091e-03
1.647841728607887715e-03
1.661311824482066771e-03
1.674781920356245828e-03
1.688252016230424885e-03
1.701722112104603508e-03
1.715192207978782565e-03
1.728662303852961189e-03
1.742132399727140245e-03
1.755602495601319302e-03
1.769072591475498359e-03
1.782542687349676983e-03
1.796012783223856039e-03
