1.061617834838675236e+02
1.141239172451575854e+02
1.220860510064476472e+02
1.300481847677377232e+02
1.380103185290277850e+02
1.459724522903178467e+02
1.539345860516079085e+02
1.618967198128979703e+02
1.698588535741880321e+02
1.778209873354780939e+02
1.857831210967681557e+02
1.937452548580582175e+02
2.017073886193483077e+02
2.096695223806383410e+02
2.176316561419284312e+02
2.255937899032184646e+02
2.335559236645085548e+02
2.415180574257986450e+02
2.494801911870886784e+02
2.574423249483787686e+02
2.654044587096688019e+02
2.733665924709588921e+02
2.813287262322489255e+02
2.892908599935390157e+02
2.972529937548291059e+02
3.052151275161191393e+02
3.131772612774091726e+02
3.211393950386992628e+02
3.291015287999893530e+02
3.370636625612793864e+02
3.450257963225694198e+02
3.529879300838595100e+02
3.609500638451495433e+02
3.689121976064396335e+02
3.768743313677297238e+02
3.848364651290197571e+02
3.927985988903097905e+02
4.007607326515998807e+02
4.087228664128899709e+02
4.166850001741800043e+02
4.246471339354700376e+02
4.326092676967601847e+02
4.405714014580502180e+02
4.485335352193402514e+02
4.564956689806303416e+02
4.644578027419203750e+02
4.724199365032104652e+02
4.803820702645004985e+02
4.883442040257906456e+02
4.963063377870806789e+02
5.042684715483707123e+02
5.122306053096608593e+02
5.201927390709508927e+02
5.281548728322409261e+02
5.361170065935309594e+02
5.440791403548209928e+02
5.520412741161111398e+02
5.600034078774011732e+02
5.679655416386913203e+02
5.759276753999813536e+02
5.838898091612713870e+02
5.918519429225615340e+02
5.998140766838515674e+02
6.077762104451416008e+02
6.157383442064316341e+02
6.237004779677216675e+02
6.316626117290118145e+02
6.396247454903018479e+02
6.475868792515919949e+02
6.555490130128820283e+02
6.635111467741720617e+02
6.714732805354620950e+02
6.794354142967521284e+02
6.873975480580422754e+02
6.953596818193323088e+02
7.033218155806223422e+02
7.112839493419124892e+02
7.192460831032025226e+02
7.272082168644925559e+02
7.351703506257825893e+02
7.431324843870726227e+02
7.510946181483626560e+02
7.590567519096529168e+02
7.670188856709429501e+02
7.749810194322329835e+02
7.829431531935230169e+02
7.909052869548130502e+02
7.988674207161031973e+02
8.068295544773932306e+02
8.147916882386832640e+02
8.227538219999732974e+02
8.307159557612633307e+02
8.386780895225534778e+02
8.466402232838435111e+02
8.546023570451335445e+02
8.625644908064235779e+02
8.705266245677138386e+02
8.784887583290038719e+02
8.864508920902939053e+02
8.944130258515839387e+02
9.023751596128739720e+02
9.103372933741641191e+02
9.182994271354541524e+02
9.262615608967441858e+02
9.342236946580342192e+02
9.421858284193242525e+02
9.501479621806143996e+02
9.581100959419044329e+02
9.660722297031944663e+02
9.740343634644844997e+02
9.819964972257745330e+02
9.899586309870647938e+02
9.979207647483548271e+02
1.005882898509644860e+03
1.013845032270934894e+03
1.021807166032224927e+03
1.029769299793515074e+03
1.037731433554805108e+03
1.045693567316095141e+03
1.053655701077385174e+03
1.061617834838675208e+03
