1.122018454301963004e+02
1.206169838374610208e+02
1.290321222447257412e+02
1.374472606519904616e+02
1.458623990592551820e+02
1.542775374665199024e+02
1.626926758737846512e+02
1.711078142810493716e+02
1.795229526883140920e+02
1.879380910955787840e+02
1.963532295028435328e+02
2.047683679101082532e+02
2.131835063173729736e+02
2.215986447246376940e+02
2.300137831319024144e+02
2.384289215391671348e+02
2.468440599464318552e+02
2.552591983536966040e+02
2.636743367609612960e+02
2.720894751682260448e+02
2.805046135754907368e+02
2.889197519827554856e+02
2.973348903900201776e+02
3.057500287972849264e+02
3.141651672045496753e+02
3.225803056118143672e+02
3.309954440190790592e+02
3.394105824263438080e+02
3.478257208336085569e+02
3.562408592408733057e+02
3.646559976481379408e+02
3.730711360554026896e+02
3.814862744626674385e+02
3.899014128699321873e+02
3.983165512771969361e+02
4.067316896844615712e+02
4.151468280917263201e+02
4.235619664989910689e+02
4.319771049062558177e+02
4.403922433135204528e+02
4.488073817207852017e+02
4.572225201280499505e+02
4.656376585353146993e+02
4.740527969425793344e+02
4.824679353498440832e+02
4.908830737571088321e+02
4.992982121643735809e+02
5.077133505716382160e+02
5.161284889789030785e+02
5.245436273861677137e+02
5.329587657934324625e+02
5.413739042006972113e+02
5.497890426079618464e+02
5.582041810152265953e+02
5.666193194224913441e+02
5.750344578297559792e+02
5.834495962370208417e+02
5.918647346442854769e+02
6.002798730515502257e+02
6.086950114588149745e+02
6.171101498660796096e+02
6.255252882733443585e+02
6.339404266806091073e+02
6.423555650878737424e+02
6.507707034951384912e+02
6.591858419024032401e+02
6.676009803096679889e+02
6.760161187169326240e+02
6.844312571241974865e+02
6.928463955314621217e+02
7.012615339387268705e+02
7.096766723459915056e+02
7.180918107532562544e+02
7.265069491605210033e+02
7.349220875677857521e+02
7.433372259750503872e+02
7.517523643823152497e+02
7.601675027895798848e+02
7.685826411968446337e+02
7.769977796041093825e+02
7.854129180113740176e+02
7.938280564186387664e+02
8.022431948259036290e+02
8.106583332331682641e+02
8.190734716404330129e+02
8.274886100476976480e+02
8.359037484549623969e+02
8.443188868622271457e+02
8.527340252694918945e+02
8.611491636767565296e+02
8.695643020840212785e+02
8.779794404912860273e+02
8.863945788985507761e+02
8.948097173058154112e+02
9.032248557130801601e+02
9.116399941203449089e+02
9.200551325276097714e+02
9.284702709348744065e+02
9.368854093421391553e+02
9.453005477494037905e+02
9.537156861566685393e+02
9.621308245639332881e+02
9.705459629711980369e+02
9.789611013784626721e+02
9.873762397857274209e+02
9.957913781929921697e+02
1.004206516600256919e+03
1.012621655007521554e+03
1.021036793414786302e+03
1.029451931822051165e+03
1.037867070229315686e+03
1.046282208636580663e+03
1.054697347043845411e+03
1.063112485451109933e+03
1.071527623858374682e+03
1.079942762265639431e+03
1.088357900672904179e+03
1.096773039080168928e+03
1.105188177487433677e+03
1.113603315894698198e+03
1.122018454301962947e+03
