2.502064585792005289e+02
2.689719429726405906e+02
2.877374273660806239e+02
3.065029117595206571e+02
3.252683961529606904e+02
3.440338805464007237e+02
3.627993649398408138e+02
3.815648493332807902e+02
4.003303337267208235e+02
4.190958181201608568e+02
4.378613025136008901e+02
4.566267869070410370e+02
4.753922713004810703e+02
4.941577556939211036e+02
5.129232400873611368e+02
5.316887244808011701e+02
5.504542088742412034e+02
5.692196932676812366e+02
5.879851776611212699e+02
6.067506620545613032e+02
6.255161464480013365e+02
6.442816308414413697e+02
6.630471152348815167e+02
6.818125996283215500e+02
7.005780840217615832e+02
7.193435684152016165e+02
7.381090528086416498e+02
7.568745372020816831e+02
7.756400215955217163e+02
7.944055059889618633e+02
8.131709903824017829e+02
8.319364747758419298e+02
8.507019591692818494e+02
8.694674435627219964e+02
8.882329279561620297e+02
9.069984123496020629e+02
9.257638967430419825e+02
9.445293811364821295e+02
9.632948655299221628e+02
9.820603499233621960e+02
1.000825834316802116e+03
1.019591318710242376e+03
1.038356803103682296e+03
1.057122287497122215e+03
1.075887771890562362e+03
1.094653256284002282e+03
1.113418740677442429e+03
1.132184225070882349e+03
1.150949709464322723e+03
1.169715193857762642e+03
1.188480678251202562e+03
1.207246162644642709e+03
1.226011647038082629e+03
1.244777131431522776e+03
1.263542615824962695e+03
1.282308100218402615e+03
1.301073584611842762e+03
1.319839069005282909e+03
1.338604553398723056e+03
1.357370037792162975e+03
1.376135522185602895e+03
1.394901006579043042e+03
1.413666490972483189e+03
1.432431975365923108e+03
1.451197459759363028e+03
1.469962944152802947e+03
1.488728428546243322e+03
1.507493912939683241e+03
1.526259397333123388e+03
1.545024881726563308e+03
1.563790366120003455e+03
1.582555850513443374e+03
1.601321334906883294e+03
1.620086819300323668e+03
1.638852303693763588e+03
1.657617788087203508e+03
1.676383272480643654e+03
1.695148756874083801e+03
1.713914241267523721e+03
1.732679725660963641e+03
1.751445210054403560e+03
1.770210694447843707e+03
1.788976178841284081e+03
1.807741663234724001e+03
1.826507147628163921e+03
1.845272632021604068e+03
1.864038116415043987e+03
1.882803600808484134e+03
1.901569085201924281e+03
1.920334569595364201e+03
1.939100053988804120e+03
1.957865538382244040e+03
1.976631022775684414e+03
1.995396507169124334e+03
2.014161991562564253e+03
2.032927475956004173e+03
2.051692960349445002e+03
2.070458444742884694e+03
2.089223929136324841e+03
2.107989413529764533e+03
2.126754897923204680e+03
2.145520382316644827e+03
2.164285866710084974e+03
2.183051351103525121e+03
2.201816835496964814e+03
2.220582319890404960e+03
2.239347804283845107e+03
2.258113288677285254e+03
2.276878773070724947e+03
2.295644257464165094e+03
2.314409741857604786e+03
2.333175226251045387e+03
2.351940710644485080e+03
2.370706195037925227e+03
2.389471679431365374e+03
2.408237163824805066e+03
2.427002648218245668e+03
2.445768132611685360e+03
2.464533617005125507e+03
2.483299101398565199e+03
2.502064585792005346e+03
