5.230541101345585808e+00
5.622831683946504455e+00
6.015122266547423990e+00
6.407412849148342637e+00
6.799703431749261284e+00
7.191994014350180819e+00
7.584284596951100355e+00
7.976575179552019002e+00
8.368865762152937648e+00
8.761156344753857184e+00
9.153446927354774942e+00
9.545737509955694478e+00
9.938028092556614013e+00
1.033031867515753177e+01
1.072260925775845308e+01
1.111489984035937084e+01
1.150719042296028860e+01
1.189948100556120991e+01
1.229177158816212767e+01
1.268406217076304543e+01
1.307635275336396319e+01
1.346864333596488450e+01
1.386093391856580226e+01
1.425322450116672357e+01
1.464551508376764133e+01
1.503780566636855909e+01
1.543009624896948040e+01
1.582238683157039816e+01
1.621467741417131947e+01
1.660696799677223723e+01
1.699925857937315499e+01
1.739154916197407275e+01
1.778383974457499050e+01
1.817613032717591182e+01
1.856842090977683313e+01
1.896071149237775089e+01
1.935300207497866865e+01
1.974529265757958640e+01
2.013758324018050772e+01
2.052987382278142547e+01
2.092216440538234323e+01
2.131445498798326810e+01
2.170674557058418230e+01
2.209903615318510006e+01
2.249132673578602137e+01
2.288361731838693913e+01
2.327590790098786044e+01
2.366819848358877820e+01
2.406048906618969951e+01
2.445277964879061727e+01
2.484507023139153503e+01
2.523736081399245634e+01
2.562965139659337410e+01
2.602194197919429186e+01
2.641423256179520962e+01
2.680652314439612738e+01
2.719881372699705224e+01
2.759110430959796645e+01
2.798339489219888776e+01
2.837568547479980552e+01
2.876797605740072328e+01
2.916026664000164459e+01
2.955255722260256235e+01
2.994484780520348011e+01
3.033713838780439787e+01
3.072942897040531562e+01
3.112171955300624049e+01
3.151401013560715825e+01
3.190630071820807956e+01
3.229859130080899376e+01
3.269088188340991508e+01
3.308317246601082928e+01
3.347546304861175059e+01
3.386775363121267191e+01
3.426004421381358611e+01
3.465233479641450742e+01
3.504462537901542873e+01
3.543691596161634294e+01
3.582920654421726425e+01
3.622149712681817846e+01
3.661378770941909977e+01
3.700607829202001398e+01
3.739836887462094950e+01
3.779065945722186370e+01
3.818295003982277791e+01
3.857524062242369922e+01
3.896753120502461343e+01
3.935982178762554184e+01
3.975211237022645605e+01
4.014440295282737736e+01
4.053669353542829157e+01
4.092898411802920577e+01
4.132127470063013419e+01
4.171356528323104840e+01
4.210585586583196971e+01
4.249814644843288391e+01
4.289043703103381233e+01
4.328272761363473364e+01
4.367501819623564785e+01
4.406730877883656206e+01
4.445959936143748337e+01
4.485188994403840468e+01
4.524418052663932599e+01
4.563647110924024020e+01
4.602876169184116151e+01
4.642105227444207571e+01
4.681334285704299703e+01
4.720563343964391834e+01
4.759792402224483254e+01
4.799021460484575385e+01
4.838250518744666806e+01
4.877479577004759648e+01
4.916708635264851779e+01
4.955937693524943199e+01
4.995166751785034620e+01
5.034395810045126751e+01
5.073624868305218882e+01
5.112853926565311014e+01
5.152082984825402434e+01
5.191312043085494565e+01
5.230541101345585986e+01
