2.586774928858790759e+02
2.780783048523200023e+02
2.974791168187609287e+02
3.168799287852018551e+02
3.362807407516427816e+02
3.556815527180837080e+02
3.750823646845246913e+02
3.944831766509656177e+02
4.138839886174065441e+02
4.332848005838474137e+02
4.526856125502883970e+02
4.720864245167293234e+02
4.914872364831702498e+02
5.108880484496111762e+02
5.302888604160521027e+02
5.496896723824929722e+02
5.690904843489339555e+02
5.884912963153749388e+02
6.078921082818158084e+02
6.272929202482567916e+02
6.466937322146976612e+02
6.660945441811386445e+02
6.854953561475795141e+02
7.048961681140204973e+02
7.242969800804614806e+02
7.436977920469023502e+02
7.630986040133432198e+02
7.824994159797843167e+02
8.019002279462251863e+02
8.213010399126660559e+02
8.407018518791069255e+02
8.601026638455480224e+02
8.795034758119888920e+02
8.989042877784297616e+02
9.183050997448708586e+02
9.377059117113117281e+02
9.571067236777525977e+02
9.765075356441934673e+02
9.959083476106345643e+02
1.015309159577075434e+03
1.034709971543516303e+03
1.054110783509957400e+03
1.073511595476398270e+03
1.092912407442839140e+03
1.112313219409280009e+03
1.131714031375720879e+03
1.151114843342161976e+03
1.170515655308602845e+03
1.189916467275043942e+03
1.209317279241484812e+03
1.228718091207925681e+03
1.248118903174366551e+03
1.267519715140807421e+03
1.286920527107248517e+03
1.306321339073689387e+03
1.325722151040130029e+03
1.345122963006571354e+03
1.364523774973012223e+03
1.383924586939453093e+03
1.403325398905893962e+03
1.422726210872334832e+03
1.442127022838775929e+03
1.461527834805216798e+03
1.480928646771657668e+03
1.500329458738098538e+03
1.519730270704539407e+03
1.539131082670980504e+03
1.558531894637421374e+03
1.577932706603862471e+03
1.597333518570303340e+03
1.616734330536744210e+03
1.636135142503185079e+03
1.655535954469625949e+03
1.674936766436067046e+03
1.694337578402507916e+03
1.713738390368948785e+03
1.733139202335389882e+03
1.752540014301830752e+03
1.771940826268271621e+03
1.791341638234712491e+03
1.810742450201153360e+03
1.830143262167594230e+03
1.849544074134035554e+03
1.868944886100476424e+03
1.888345698066917294e+03
1.907746510033358163e+03
1.927147321999799033e+03
1.946548133966240130e+03
1.965948945932680999e+03
1.985349757899121869e+03
2.004750569865562738e+03
2.024151381832003608e+03
2.043552193798444705e+03
2.062953005764885802e+03
2.082353817731326671e+03
2.101754629697767541e+03
2.121155441664208865e+03
2.140556253630649735e+03
2.159957065597090605e+03
2.179357877563531474e+03
2.198758689529972344e+03
2.218159501496413213e+03
2.237560313462854083e+03
2.256961125429294952e+03
2.276361937395735822e+03
2.295762749362176692e+03
2.315163561328618016e+03
2.334564373295058886e+03
2.353965185261499755e+03
2.373365997227940170e+03
2.392766809194381040e+03
2.412167621160822819e+03
2.431568433127263688e+03
2.450969245093704558e+03
2.470370057060145427e+03
2.489770869026586297e+03
2.509171680993027167e+03
2.528572492959468036e+03
2.547973304925908906e+03
2.567374116892349775e+03
2.586774928858790645e+03
