nan
4.032794837468924470e+03
4.166977096359288225e+03
4.298165996048810484e+03
4.428352256619645232e+03
4.558804693159410817e+03
4.689955926427332997e+03
4.821640900020920526e+03
4.953431427217316923e+03
5.084870497033221909e+03
5.215576336905337484e+03
5.347607103058407120e+03
5.476021462650240210e+03
5.603085383771510351e+03
5.728704807757580056e+03
5.852816906053498315e+03
5.975380383305128817e+03
6.096368916244157845e+03
6.215766720762754630e+03
6.333565524052746696e+03
6.449762463231353649e+03
6.564358603342501738e+03
6.677357878109661215e+03
6.788766325588300788e+03
6.898591533455189165e+03
7.006842235454631918e+03
7.113528017845061186e+03
7.218659106287159375e+03
7.322246211642564049e+03
7.424300418865362190e+03
7.524833107318658222e+03
7.623855893903047217e+03
7.721380592647787125e+03
7.817419186098116370e+03
7.911983805082354593e+03
8.005086714368828325e+03
8.096740302407857598e+03
8.186957073857429350e+03
8.275749643960774847e+03
8.363130734112992286e+03
8.449113168149840931e+03
8.533709869032989445e+03
8.616933855707944531e+03
8.698798239983754684e+03
8.779316223335612449e+03
8.858501093568493161e+03
8.936366221305750514e+03
9.012925056284888342e+03
9.088191123455422712e+03
9.162178018882012111e+03
9.233861698011865883e+03
9.305341404289620186e+03
9.375583009405399935e+03
9.444600348109750485e+03
9.512407303396354109e+03
9.579017801513982704e+03
9.644445806889609230e+03
9.708705316979467170e+03
9.771810357063835909e+03
9.833774975001015264e+03
9.894613235955064738e+03
9.954339217111049948e+03
1.001296700239092570e+04
1.007051067718224476e+04
1.012698432309120108e+04
1.018240201273074672e+04
1.023677780455371430e+04
1.029012573774027624e+04
1.034245982714838829e+04
1.039379405833492274e+04
1.044414238265511631e+04
1.049351871244681206e+04
1.054193691630563444e+04
1.058941081445682357e+04
1.063595417422858736e+04
1.068158070563159527e+04
1.072630405704881741e+04
1.077013781103907240e+04
1.081309548025774347e+04
1.085519050349739700e+04
1.089643624185040062e+04
1.093684597499622032e+04
1.097643289761429151e+04
1.101521011592469404e+04
1.105319064435684959e+04
1.109038740234766738e+04
1.112681321126921830e+04
1.116248079148642864e+04
1.119740275954450044e+04
1.123159162548615495e+04
1.126505979029788068e+04
1.129781954348473300e+04
1.132988306077279776e+04
1.136126240193823833e+04
1.139196950876164919e+04
1.142201620310651742e+04
1.145141418512024211e+04
1.148017503155585109e+04
1.150831019421307064e+04
1.153619958932122972e+04
1.156311173465523825e+04
1.158943188775403178e+04
1.161517098622715639e+04
1.164033983663917752e+04
1.166494911362375569e+04
1.168900935910173757e+04
1.171253098160084483e+04
1.173552425567465070e+04
1.175799932141795034e+04
1.177996618407646201e+04
1.180143471374773799e+04
1.182241464517123859e+04
1.184291557760449905e+04
1.186294697478293529e+04
1.188251816496077481e+04
1.190163834103016416e+04
1.192031656071612269e+04
1.193856174684450161e+04
1.195638268768041780e+04
1.197378803733459790e+04
1.199078631623482943e+04
1.200738591166044171e+04
