nan
4.036899353375943974e+03
4.184285703816977730e+03
4.333451894496975910e+03
4.484324806539168094e+03
4.636872475128010592e+03
4.791076813831557047e+03
4.946925822017413338e+03
5.104410555592000492e+03
5.263523719139026980e+03
5.424258928808262681e+03
5.588403751955099324e+03
5.752374778586206958e+03
5.917951537619356714e+03
6.085128224243278055e+03
6.253898975219594831e+03
6.424257802782369254e+03
6.596198549071168600e+03
6.769714854360792742e+03
6.944800134846572291e+03
7.121447567225482089e+03
7.299650078224934077e+03
7.479400337810039673e+03
7.660690755178048676e+03
7.843513476900513524e+03
8.027860386748153360e+03
8.213723106852488854e+03
8.401092999942182360e+03
8.589961172455776250e+03
8.780318478376149869e+03
8.972155523664629072e+03
9.165462671198269163e+03
9.360230046132017378e+03
9.556447541621904747e+03
9.754104824856432970e+03
9.953191343351965770e+03
1.015369633147450440e+04
1.035560881715566757e+04
1.055891762877494511e+04
1.076361140218362380e+04
1.096967858784860437e+04
1.117710745809663240e+04
1.138588611444118760e+04
1.159600249497619370e+04
1.180744438182130216e+04
1.202019940860558563e+04
1.223425506797652633e+04
1.244959871912264316e+04
1.266621759529840529e+04
1.288409881134108582e+04
1.310056644419071199e+04
1.332092107417522129e+04
1.354249938479193952e+04
1.376528805382155224e+04
1.398927368056955129e+04
1.421444279288851794e+04
1.444078185415986809e+04
1.466827727022472573e+04
1.489691539625442056e+04
1.512668254355205136e+04
1.535756498627732981e+04
1.558954896808644116e+04
1.582262070868126284e+04
1.605676641026063226e+04
1.629197226386823058e+04
1.652822445563194560e+04
1.676550917288918936e+04
1.700381261019393060e+04
1.724312097520158568e+04
1.748342049442735151e+04
1.772469741887465716e+04
1.796693802953164777e+04
1.821012864273155719e+04
1.845425561537489921e+04
1.869930535001219323e+04
1.894526429978385568e+04
1.919211897321715514e+04
1.943985593887778305e+04
1.968846182987570137e+04
1.993792334822396151e+04
2.018822726905033051e+04
2.043936044466094972e+04
2.069130980845625891e+04
2.094406237869910183e+04
2.119760526213522826e+04
2.145192565746697073e+04
2.170701085868021255e+04
2.196284825822611674e+04
2.221942535005825630e+04
2.247672973252624797e+04
2.273474911112742484e+04
2.299347130111790466e+04
2.325288422998481110e+04
2.351297593978080840e+04
2.377373458932371068e+04
2.403514845626212264e+04
2.429720593900991298e+04
2.455989555855141953e+04
2.482320596011935049e+04
2.509061743309375015e+04
2.535513983731084954e+04
2.562024885257891219e+04
2.588593368830924737e+04
2.615218368208351967e+04
2.641898830075079240e+04
2.668633714140844313e+04
2.695421993226902123e+04
2.722262653341735859e+04
2.749154693746007979e+04
2.776097127007176823e+04
2.803088979043965810e+04
2.830129289161077395e+04
2.857217110074453740e+04
2.884351507927370767e+04
2.911531562297665369e+04
2.938756366196435192e+04
2.966025026058480216e+04
2.993336661724768783e+04
3.020690406417294798e+04
3.048085406706520735e+04
3.075520822471749125e+04
3.102995826855628184e+04
