nan
1.313953049744279822e+06
1.430648775296669919e+06
1.510153553566520568e+06
1.576136124903123593e+06
1.636108261993628228e+06
1.692930910006297519e+06
1.747888972410203889e+06
1.801633320963081671e+06
1.854524659841834800e+06
1.906777234054928180e+06
1.959136599503056379e+06
2.010489969751966419e+06
2.061484139663352165e+06
2.112161911089906935e+06
2.162554152046218049e+06
2.212683628349394538e+06
2.262567455823728815e+06
2.312218715040333103e+06
2.361647540967046749e+06
2.410861873893409502e+06
2.459867986281267833e+06
2.508670858046438079e+06
2.557274447288926691e+06
2.605681887671304401e+06
2.653895633593906648e+06
2.701917567788092885e+06
2.749749081621599384e+06
2.797391135484790895e+06
2.844844304611111525e+06
2.892108814270353876e+06
2.939184567262471188e+06
2.986071165904226713e+06
3.032767930157327559e+06
3.079273913138166536e+06
3.125587914938551374e+06
3.171708495447185822e+06
3.217633986675834749e+06
3.263362504948479123e+06
3.308891963197992183e+06
3.354220083525591064e+06
3.399344410108680837e+06
3.444262322489337996e+06
3.488971049234542530e+06
3.533467681929309387e+06
3.577749189441892784e+06
3.621812432385633234e+06
3.665654177692826837e+06
3.709271113211477641e+06
3.752659862234854139e+06
3.795446308093911503e+06
3.838364888053211849e+06
3.881045147817682475e+06
3.923483582404454239e+06
3.965676691692082677e+06
4.007620992814267986e+06
4.049313032004107721e+06
4.090749395848074462e+06
4.131926721916776616e+06
4.172841708747295197e+06
4.213491125159161165e+06
4.253871818892654963e+06
4.293980724564440548e+06
4.333814870940991677e+06
4.373371387535405345e+06
4.412647510537628084e+06
4.451640588091908023e+06
4.490348084938775748e+06
4.528767586441595107e+06
4.566896802020093426e+06
4.604733568015203811e+06
4.642275850011004135e+06
4.679521744640771300e+06
4.716469480904727243e+06
4.753117421027789824e+06
4.789464060885597952e+06
4.825508030027260073e+06
4.861248091322826222e+06
4.896683140263253823e+06
4.931812203939853236e+06
4.966634439729714766e+06
5.001149133712608367e+06
5.035355698844030499e+06
5.069253672908183187e+06
5.102842716273467988e+06
5.136122609472181648e+06
5.169093250624994747e+06
5.201754652729567140e+06
5.234106940831813030e+06
5.266150349096952938e+06
5.297885217796671204e+06
5.329311990227438509e+06
5.360431209574223496e+06
5.391243515732609667e+06
5.421749642101523466e+06
5.451950412357830442e+06
5.481846737223068252e+06
5.511439611231775023e+06
5.540730109510170296e+06
5.569954762603065930e+06
5.598642561615408398e+06
5.627031642601652071e+06
5.655123372877248563e+06
5.682919184584742412e+06
5.710420571677032858e+06
5.737629086952078156e+06
5.764546339142314158e+06
5.791173990062052384e+06
5.817513751815354452e+06
5.843567384066733532e+06
5.869336691376358271e+06
5.894823520601468161e+06
5.920029758364965208e+06
5.944957328592217527e+06
5.969608190116658807e+06
5.993984334354461171e+06
6.018087783048572950e+06
6.041920586081908084e+06
6.065484819359625690e+06
6.088782582759848796e+06
6.111815998152536340e+06
6.134587207485587336e+06
