nan
1.380748983846291201e+06
1.482278817906408105e+06
1.549273181291613961e+06
1.606648575804139022e+06
1.660046992749237223e+06
1.711307142296942649e+06
1.761173702185747214e+06
1.809995530265019974e+06
1.857954230680802371e+06
1.905152305132062407e+06
1.952086585704349214e+06
1.997949772261711769e+06
2.043175763723468175e+06
2.087783635984794470e+06
2.131787267255227547e+06
2.175197153566329740e+06
2.218021535011857748e+06
2.260267115502227563e+06
2.301939534409811255e+06
2.343043682149275672e+06
2.383583914977505803e+06
2.423564203219627030e+06
2.462988234667018987e+06
2.501859487319753971e+06
2.540181280923660845e+06
2.577956813735641073e+06
2.615189188978659920e+06
2.651881434128846508e+06
2.688036515275046229e+06
2.723657348160821479e+06
2.758746807068911847e+06
2.793307732381090056e+06
2.827342937404303346e+06
2.860855214872772805e+06
2.893847343398653436e+06
2.926322094039854594e+06
2.958282237074895762e+06
2.989730549015426077e+06
3.020669819843457546e+06
3.051102860429012217e+06
3.081032510062445886e+06
3.110461644022319932e+06
3.139393181092512328e+06
3.167830090940135065e+06
3.195775401267662644e+06
3.223232204657268710e+06
3.250203665032394696e+06
3.276693023669825867e+06
3.302703604704962578e+06
3.328064702430046163e+06
3.353130484531315509e+06
3.377728051652313210e+06
3.401861097644273192e+06
3.425533418103518430e+06
3.448748912153832614e+06
3.471511583588689566e+06
3.493825541385513730e+06
3.515694999609976541e+06
3.537124276733424515e+06
3.558117794390628114e+06
3.578680075608618092e+06
3.598815742539937608e+06
3.618529513735870831e+06
3.637826200996462256e+06
3.656710705835167784e+06
3.675188015596272424e+06
3.693263199263190851e+06
3.710941402995320968e+06
3.728227845430384856e+06
3.745127812788085081e+06
3.761646653809753247e+06
3.777789774567026179e+06
3.793562633171240799e+06
3.808970734413244296e+06
3.824019624361753929e+06
3.838714884946431033e+06
3.853062128549993038e+06
3.867066992631885689e+06
3.880735134404025972e+06
3.894072225577484351e+06
3.907083947197033558e+06
3.919775984578893986e+06
3.932154022365195677e+06
3.944223739707228728e+06
3.955990805587904062e+06
3.967460874292503577e+06
3.978639581035345793e+06
3.989532537748777308e+06
4.000145329039660282e+06
4.010483508317442611e+06
4.020552594096828252e+06
4.030358066477120388e+06
4.039905363799420651e+06
4.049199879482104443e+06
4.058246959034152329e+06
4.067051897245407570e+06
4.075619935552062001e+06
4.083956259575230535e+06
4.092112441278657876e+06
4.099998616810470819e+06
4.107668323023983743e+06
4.115126500524530653e+06
4.122378024264919106e+06
4.129427702055625618e+06
4.136280273222272284e+06
4.142940407405748963e+06
4.149412703500171658e+06
4.155701688723838422e+06
4.161811817818176001e+06
4.167747472369726282e+06
4.173512960250116419e+06
4.179112515169003047e+06
4.184550296334994957e+06
4.189830388219533022e+06
4.194956800418880768e+06
4.199933467609275132e+06
4.204764249590532854e+06
4.209452931413344108e+06
4.214003223585687578e+06
4.218418762353849597e+06
4.222703110053628683e+06
