nan
4.028287538048406986e+03
4.136018583097572446e+03
4.240564717984284471e+03
4.363658721495165082e+03
4.499158265411861066e+03
4.638735886946785286e+03
4.778834395863116697e+03
4.918124450430299476e+03
5.055998735913673045e+03
5.192120430255879910e+03
5.329105533764750362e+03
5.461213727899757032e+03
5.591311955303146533e+03
5.719423310280055375e+03
5.845586946141256703e+03
5.969846790822584808e+03
6.092245753705571587e+03
6.212823241336719548e+03
6.331614494250074131e+03
6.448650807878368141e+03
6.563960095511331929e+03
6.677567512544550482e+03
6.789496018446430753e+03
6.899766837478900015e+03
7.008399818874997436e+03
7.115413712148470040e+03
7.220826376240209356e+03
7.324654939336575808e+03
7.426915922859422608e+03
7.527625339791412443e+03
7.626798774672737636e+03
7.724451450389144156e+03
7.820598285217357443e+03
7.915253942408591683e+03
8.008432873775986991e+03
8.100149358217178815e+03
8.190417535771702205e+03
8.279251437621744117e+03
8.366665012345207288e+03
8.452672148685684078e+03
8.537286695089413115e+03
8.620522476258713141e+03
8.702393306973664949e+03
8.782913003434558050e+03
8.862095392374612857e+03
8.939954318183501528e+03
9.016503648271191196e+03
9.091757276885575266e+03
9.165729127580880231e+03
9.237458738853094474e+03
9.308918769544665338e+03
9.379138890431820982e+03
9.448133143772525727e+03
9.515915599027130156e+03
9.582500350370552042e+03
9.647901513758280998e+03
9.712133223619544879e+03
9.775209629241644507e+03
9.837144890900844985e+03
9.897953175787675718e+03
9.957648653768465010e+03
1.001624549301920342e+04
1.007375785556324445e+04
1.013019989274024556e+04
1.018558574063058768e+04
1.023992951545595861e+04
1.029324530897498335e+04
1.034554718389006666e+04
1.039684916927973063e+04
1.044716525606956566e+04
1.049650939255282356e+04
1.054489547997093541e+04
1.059233736816281271e+04
1.063884885129090981e+04
1.068444366365118913e+04
1.072913547557332458e+04
1.077293788941646380e+04
1.081586443566585694e+04
1.085792856913436117e+04
1.089914366527259153e+04
1.093952301659124896e+04
1.097907982919803908e+04
1.101782721945188678e+04
1.105577821073611813e+04
1.109294573035234316e+04
1.112934260653618003e+04
1.116498156559580275e+04
1.119987522917378192e+04
1.123403611163262394e+04
1.126747661756401794e+04
1.130020903942149926e+04
1.133224555527622761e+04
1.136359822669519235e+04
1.139427899674076980e+04
1.142429968809096863e+04
1.145367200127887736e+04
1.148240751304994956e+04
1.151051767483580625e+04
1.153834754583967333e+04
1.156523528882403662e+04
1.159153137160673214e+04
1.161724673025363882e+04
1.164239216955523079e+04
1.166697836216106589e+04
1.169101584781689598e+04
1.171451503270189642e+04
1.173748618886388431e+04
1.175993945374982286e+04
1.178188482982944515e+04
1.180333218430919624e+04
1.182429124893425615e+04
1.184477161987591899e+04
1.186478275770173241e+04
1.188433398742605277e+04
1.190343449863804199e+04
1.192209334570492138e+04
1.194031944804759587e+04
1.195812159048623835e+04
1.197550842365320204e+04
1.199248846447068172e+04
1.200907009669080253e+04
