nan
1.111147132380994735e+05
1.135785373741373041e+05
1.187221947191524378e+05
1.239897090338906710e+05
1.290413319455983292e+05
1.338871792490991938e+05
1.385756117292556446e+05
1.431474009587480687e+05
1.476320415227368358e+05
1.520502875084817351e+05
1.564959360549657140e+05
1.608204612969251757e+05
1.651115516664070310e+05
1.693748653725344047e+05
1.736146692617701192e+05
1.778342307498163136e+05
1.820360875794361928e+05
1.862222365201351931e+05
1.903942674803302798e+05
1.945534602799404529e+05
1.987008554844103637e+05
2.028373069503797742e+05
2.069635212936405442e+05
2.110800878802399675e+05
2.151875018638563051e+05
2.192861820607463596e+05
2.233764849499085394e+05
2.274587157349278568e+05
2.315331371561123233e+05
2.355999765645262960e+05
2.396594316417743394e+05
2.437116750561526278e+05
2.477568582771534857e+05
2.517951147192348726e+05
2.558265623474870226e+05
2.598513058488795068e+05
2.638694384506684146e+05
2.678810434506362071e+05
2.718861955106773530e+05
2.758849617550708354e+05
2.798774027067650459e+05
2.838635730886902311e+05
2.878435225121190306e+05
2.918172960701094125e+05
2.957849348508501425e+05
2.997464763831773889e+05
3.037019550244227867e+05
3.076514022990668891e+05
3.115948471952941036e+05
3.154904277237433125e+05
3.194215507846392575e+05
3.233467616435929085e+05
3.272660805604598136e+05
3.311795263543882174e+05
3.350871165390447713e+05
3.389888674430643441e+05
3.428847943175708060e+05
3.467749114323431859e+05
3.506592321620133007e+05
3.545377690634542960e+05
3.584105339454174973e+05
3.622775379312762525e+05
3.661387915156838717e+05
3.699943046158083016e+05
3.738440866177427233e+05
3.776881464186122175e+05
3.815264924648400629e+05
3.853591327869656379e+05
3.891860750313823228e+05
3.930073264893056476e+05
3.968228941232431098e+05
4.006327845912242192e+05
4.044370042690041591e+05
4.082355592704344308e+05
4.120284554661792936e+05
4.158156985009330092e+05
4.195972938092728145e+05
4.233732466302744579e+05
4.271435620210048510e+05
4.309082448689884041e+05
4.346672999037372647e+05
4.384207317074264865e+05
4.421685447247943375e+05
4.459107432723182719e+05
4.496473315467463108e+05
4.533783136330194538e+05
4.571036935116478126e+05
4.608234750655725948e+05
4.645376620865712757e+05
4.682462582812188775e+05
4.719492672764647868e+05
4.756466926248356467e+05
4.793385378092984902e+05
4.830248062478156062e+05
4.867055012976030703e+05
4.903806262591232662e+05
4.940501843798243790e+05
4.977141788576535182e+05
5.014087758002566407e+05
5.050618006541092182e+05
5.087092676419380587e+05
5.123511798989987001e+05
5.159875405215868377e+05
5.196183525696399156e+05
5.232436190691866213e+05
5.268633430146470200e+05
5.304775273710016627e+05
5.340861750758320559e+05
5.376892890412394190e+05
5.412868721556464443e+05
5.448789272855024319e+05
5.484654572768777143e+05
5.520464649569642497e+05
5.556219531354932114e+05
5.591919246060552541e+05
5.627563821473513963e+05
5.663153285243534483e+05
5.698687664894057671e+05
5.734166987832423765e+05
5.769591281359466957e+05
5.804960572678346653e+05
