nan
1.077700364573105762e+05
1.126469072164629179e+05
1.185218704094438435e+05
1.239505589241824055e+05
1.289412137419942737e+05
1.336124650232976710e+05
1.380528958160228212e+05
1.423202477618524281e+05
1.464518870866369980e+05
1.504724950839413214e+05
1.544638453672367032e+05
1.583071407594872580e+05
1.620762297295725148e+05
1.657772269076825469e+05
1.694147165808887221e+05
1.729922084875926084e+05
1.765124433293268667e+05
1.799776019392184680e+05
1.833894513020906306e+05
1.867494483198526723e+05
1.900588147569486464e+05
1.933185921790456050e+05
1.965296827749956574e+05
1.996928800671638164e+05
2.028088922774771636e+05
2.058783602900254482e+05
2.089018715903249686e+05
2.118799711753385782e+05
2.148131701589629520e+05
2.177019526072551089e+05
2.205467810014220595e+05
2.233481006280555157e+05
2.261063431240076898e+05
2.288219293501118082e+05
2.314952717282816302e+05
2.341267761467127129e+05
2.367168435152981547e+05
2.392658710360996774e+05
2.417742532404176891e+05
2.442423828336954757e+05
2.466706513814391510e+05
2.490594498630333401e+05
2.514091691153135616e+05
2.537202001838114811e+05
2.559929345963909000e+05
2.582277645714712562e+05
2.604250831709442136e+05
2.625852844062477234e+05
2.647087633046696428e+05
2.667770371803011512e+05
2.688284609832880087e+05
2.708443549807717791e+05
2.728251180544557283e+05
2.747711500364658423e+05
2.766828516336593893e+05
2.785606243394516059e+05
2.804048703351566219e+05
2.822159923825770966e+05
2.839943937093457207e+05
2.857404778883409454e+05
2.874546487123306724e+05
2.891373100648655090e+05
2.907888657883096021e+05
2.924097195498064975e+05
2.940002747058803216e+05
2.955609341662879451e+05
2.970921002576785977e+05
2.985941745875502820e+05
3.000675579089355306e+05
3.015126499862062628e+05
3.029298494623486768e+05
3.043195537280004937e+05
3.056821587925439235e+05
3.070180591574775171e+05
3.083276476922930451e+05
3.096113155130446539e+05
3.108694518637751462e+05
3.121024440009471145e+05
3.133106770810040180e+05
3.144945340511761606e+05
3.156543955436209799e+05
3.167906397729776800e+05
3.179036424374058843e+05
3.189937766231589485e+05
3.200614127127335523e+05
3.211069182966353837e+05
3.221306580887692398e+05
3.231329938454817166e+05
3.241142842882512487e+05
3.250748850300254999e+05
3.260151485052001080e+05
3.269354239032138721e+05
3.278360571057472262e+05
3.287173906274879118e+05
3.295797635604344541e+05
3.304235115216986160e+05
3.312489666047625360e+05
3.320564573341435753e+05
3.328522218738170341e+05
3.336245988805729430e+05
3.343799780449917889e+05
3.351186732024477096e+05
3.358409944412867189e+05
3.365472480768203386e+05
3.372377366283119190e+05
3.379127587988853338e+05
3.385726094582881196e+05
3.392175796284347889e+05
3.398479564716616296e+05
3.404640232816189528e+05
3.410660594767212751e+05
3.416543405960898381e+05
3.422291382979046321e+05
3.427907203600945068e+05
3.433393506832866697e+05
3.438752892959457240e+05
3.443987923616191838e+05
3.449101121882196167e+05
3.454094972392691416e+05
3.458971921470271191e+05
3.463734377274299623e+05
