nan
1.438707368667594623e+06
1.483261990650549298e+06
1.533445627823426854e+06
1.587002289153289516e+06
1.642344083686412545e+06
1.698733927985959221e+06
1.755845676991581917e+06
1.813536165859804722e+06
1.871744608448650455e+06
1.930447938075970393e+06
1.990582076103770407e+06
2.050253760655256687e+06
2.110423656603682786e+06
2.171097127557813190e+06
2.232279473906946834e+06
2.293975433557963464e+06
2.356188980705268681e+06
2.418923270702468231e+06
2.482180653149714693e+06
2.545962713139671367e+06
2.610270320272973739e+06
2.675103675409086514e+06
2.740462350608411711e+06
2.806345320631099399e+06
2.872750985882657114e+06
2.939677187472633086e+06
3.007121215419355314e+06
3.075079811178606935e+06
3.143549165695990436e+06
3.212524914138723165e+06
3.282002128382851370e+06
3.351975308233410120e+06
3.422438372248178348e+06
3.493384648926055524e+06
3.564806868911989033e+06
3.636697158764507156e+06
3.709047036730801687e+06
3.781847410878937226e+06
3.855088579847848509e+06
3.928760236394659616e+06
4.002851473844610620e+06
4.077350795482898131e+06
4.152246126869471278e+06
4.227524831006960012e+06
4.303173726248946972e+06
4.379179106799607165e+06
4.455526765626469627e+06
4.532202019585064612e+06
4.609189736536803655e+06
4.685421681940370239e+06
4.762985588466817513e+06
4.840814573054236360e+06
4.918891994036411867e+06
4.997200919057978317e+06
5.075724159063743427e+06
5.154444302659168839e+06
5.233343750629486516e+06
5.312404750416536815e+06
5.391609430366370827e+06
5.470939833573783748e+06
5.550377951165281236e+06
5.629905754875927232e+06
5.709505228791074827e+06
5.789158400137634017e+06
5.868847369024955668e+06
5.948554337048431858e+06
6.028261634682616219e+06
6.107951747403685004e+06
6.187607340492745861e+06
6.267211282483100891e+06
6.346746667225266807e+06
6.426196834553200752e+06
6.505545389544630423e+06
6.584776220376200974e+06
6.663873514782140031e+06
6.742821775131749921e+06
6.821605832147222012e+06
6.900210857288246974e+06
6.978622373835374601e+06
7.056826266707292758e+06
7.134808791051300243e+06
7.212556579648943618e+06
7.290056649181053042e+06
7.367296405398423783e+06
7.444263647246231325e+06
7.520946569990457036e+06
7.597333767396133393e+06
7.673414233007132076e+06
7.749177360577162355e+06
7.824612943701799028e+06
7.899711174700386822e+06
7.974462642796353437e+06
8.048858331643378362e+06
8.122889616243668832e+06
8.196548259303879924e+06
8.269826407072287984e+06
8.342716584699735045e+06
8.415211691165719181e+06
8.488444244400158525e+06
8.560120511157056317e+06
8.631382361230626702e+06
8.702224152082070708e+06
8.772640583305181935e+06
8.842626689763668925e+06
8.912177834532584995e+06
8.981289701671831310e+06
9.049958288858117536e+06
9.118179899900324643e+06
9.185951137161178514e+06
9.253268893907442689e+06
9.320130346608323976e+06
9.386532947201309726e+06
9.452474415342606604e+06
9.517952730658441782e+06
9.582966125011609867e+06
9.647513074797471985e+06
9.711592293280985206e+06
9.775202722986612469e+06
9.838343528150789440e+06
9.901014087246268988e+06
9.963213985586382449e+06
