nan
3.888880242142752195e+03
4.056448067806767085e+03
4.215976972599933106e+03
4.361388535604928620e+03
4.502751620249478037e+03
4.637903653535216108e+03
4.765825876733525547e+03
4.886734736404710020e+03
5.001155352708205100e+03
5.109582643814417679e+03
5.212422146598170912e+03
5.310003791353724409e+03
5.402603908663102629e+03
5.490462086149666902e+03
5.573792464437480703e+03
5.652791111041875411e+03
5.727640865794288402e+03
5.798514579866973691e+03
5.865577321410987679e+03
5.928987898133740600e+03
5.988899912294146816e+03
6.045462484404652969e+03
6.098820736077532274e+03
6.149116095555273205e+03
6.196486472906110976e+03
6.241066340857096293e+03
6.282986749288989813e+03
6.322375295305393593e+03
6.359356065911743826e+03
6.394049566393220630e+03
6.426572644282089641e+03
6.457038416225638684e+03
6.485556203001711765e+03
6.512231476290598948e+03
6.537165819523374921e+03
6.560456904122467677e+03
6.582198481676003212e+03
6.602480391998537016e+03
6.621388586590499472e+03
6.639005166687601559e+03
6.655408434865448726e+03
6.670672959014567823e+03
6.684869647411108417e+03
6.698065833566116453e+03
6.710325369531017714e+03
6.721708726360423498e+03
6.732273100478610104e+03
6.742072524757408246e+03
6.751157983186069941e+03
6.759577528094193440e+03
6.767376398973904543e+03
6.774597142034637727e+03
6.781279729711172877e+03
6.787461679431335142e+03
6.793178171032816863e+03
6.798462162298046678e+03
6.803344502151076995e+03
6.807854041130857695e+03
6.812017738820507475e+03
6.815860767972265421e+03
6.819406615122656149e+03
6.822677177542054778e+03
6.825692856407492400e+03
6.828472646127333064e+03
6.831034219781674437e+03
6.833394010673186131e+03
6.835567290009944372e+03
6.837568240764876464e+03
6.839410027776078095e+03
6.841104864168712083e+03
6.842664074192815860e+03
6.844098152582336297e+03
6.845416820549443401e+03
6.846629078534767359e+03
6.847743255839040103e+03
6.848767057264795767e+03
6.849707606898594349e+03
6.850571489164814921e+03
6.851364787281602730e+03
6.852093119248209405e+03
6.852761671490877234e+03
6.853375230291722801e+03
6.853938211121843779e+03
6.854454685996288390e+03
6.854928408964561640e+03
6.855362839846208772e+03
6.855761166316673553e+03
6.856126324444166130e+03
6.856461017773811363e+03
6.856767735050795636e+03
6.857048766669767247e+03
6.857306219933287139e+03
6.857542033197779347e+03
6.857757988981167728e+03
6.857955726102242807e+03
6.858136750917804420e+03
6.858302447719738666e+03
6.858454088350489656e+03
6.858592841091812261e+03
6.858719778878270517e+03
6.858835886883722196e+03
6.858942069525918669e+03
6.859039156931406978e+03
6.859127910900171628e+03
6.859209030406773309e+03
6.859283156672300720e+03
6.859350877839083296e+03
6.859412733277912594e+03
6.859469217555450086e+03
6.859520784087549146e+03
6.859567848502391826e+03
6.859610791735630301e+03
6.859649962878129372e+03
6.859685681795395794e+03
6.859718241536402275e+03
6.859747910548186155e+03
6.859774934711414062e+03
6.859799539210948751e+03
6.859821930254411200e+03
6.859842296650749631e+03
6.859860811259920411e+03
