nan
1.162391341711886489e+05
1.204693392242498230e+05
1.247567305067252018e+05
1.290967429630227853e+05
1.334874320258643420e+05
1.379277363169187156e+05
1.424169826431506954e+05
1.469546949219591042e+05
1.515405063324634684e+05
1.561741139499146375e+05
1.609109274476385908e+05
1.656395663775463472e+05
1.704152939939093194e+05
1.752378843301605957e+05
1.801071163056518417e+05
1.850227703785494377e+05
1.899846262290787708e+05
1.949924611292571644e+05
2.000460487824678130e+05
2.051451584922145121e+05
2.102895545663957309e+05
2.154789958932842419e+05
2.207132356449008221e+05
2.259920210764328367e+05
2.313150933991925849e+05
2.366821877107060864e+05
2.420930329698035493e+05
2.475473520076565910e+05
2.530448615678759816e+05
2.585852723704166710e+05
2.641682891952008940e+05
2.697936109822468716e+05
2.754609309457660420e+05
2.811699367001630017e+05
2.869203103962717578e+05
2.927117288664419902e+05
2.985438637773125083e+05
3.044163817892952939e+05
3.103289447218995192e+05
3.162812097241772572e+05
3.222728294496223098e+05
3.283034522349199979e+05
3.343727222820533207e+05
3.404802798432327691e+05
3.466257614082357613e+05
3.528087998937192606e+05
3.590290248341236729e+05
3.652860625737956725e+05
3.715795364599874010e+05
3.778326570196780376e+05
3.841971661118347547e+05
3.905970086706569418e+05
3.970317952580768615e+05
4.035011346077563358e+05
4.100046337988409796e+05
4.165418984305519843e+05
4.231125327971117804e+05
4.297161400625972892e+05
4.363523224353208207e+05
4.430206813413900672e+05
4.497208175971187884e+05
4.564523315799927805e+05
4.632148233979200013e+05
4.700078930565161863e+05
4.768311406242010416e+05
4.836841663948843488e+05
4.905665710480599664e+05
4.974779558061352000e+05
5.044179225888266228e+05
5.113860741644836380e+05
5.183820142981949612e+05
5.254053478965876857e+05
5.324556811491732951e+05
5.395326216661721701e+05
5.466357786127313739e+05
5.537647628394325729e+05
5.609191870090650627e+05
5.680986657195765292e+05
5.753028156231724424e+05
5.825312555415176321e+05
5.897836065770097775e+05
5.970594922201071167e+05
6.043585384526920971e+05
6.116803738474586280e+05
6.190246296633330639e+05
6.263909399369155290e+05
6.337789415699733654e+05
6.411882744129789062e+05
6.486185813447330147e+05
6.560695083480947651e+05
6.635407045818417100e+05
6.710318224487047410e+05
6.785425176596126985e+05
6.860724492941952776e+05
6.936212798575788038e+05
7.011886753335520625e+05
7.087743052341189468e+05
7.163778426455329172e+05
7.240903638698649593e+05
7.317294588405960239e+05
7.393854481757415924e+05
7.470580225036642514e+05
7.547468760696736863e+05
7.624517067688209936e+05
7.701722161752742250e+05
7.779081095683398889e+05
7.856590959552245913e+05
7.934248880906568374e+05
8.012052024934218498e+05
8.089997594599407166e+05
8.168082830749558052e+05
8.246305012194277951e+05
8.324661455757286167e+05
8.403149516302348347e+05
8.481766586733515142e+05
8.560510097971620271e+05
8.639377518906483892e+05
8.718366356326912064e+05
8.797474154828686733e+05
8.876698496701336699e+05
8.956037001794240205e+05
