nan
4.038406671661227847e+03
4.182625578841330935e+03
4.326235099431590243e+03
4.469347624727296534e+03
4.612065574920277868e+03
4.754484520857254211e+03
4.896690933801299252e+03
5.038758776647080595e+03
5.180746832263928809e+03
5.322697600041217811e+03
5.466436531658559943e+03
5.608359096631274042e+03
5.750289193458616865e+03
5.892219781098124258e+03
6.034138572459103671e+03
6.176030272329374384e+03
6.317878305844797978e+03
6.459666044930131648e+03
6.601377603314615953e+03
6.742998294691779847e+03
6.884514847676974568e+03
7.025915457622365466e+03
7.167189737487782622e+03
7.308328612674483338e+03
7.449324190223795995e+03
7.590169621663507314e+03
7.730858970815267639e+03
7.871387092484529603e+03
8.011749524501004998e+03
8.151942393502282357e+03
8.291962333707104335e+03
8.431806417375524688e+03
8.571472095466830069e+03
8.710957147027023893e+03
8.850259635962775064e+03
8.989377874028767110e+03
9.128310389031254090e+03
9.267055897416496009e+03
9.405613280557030521e+03
9.543981564172192520e+03
9.682159900419108453e+03
9.820147552272725079e+03
9.957943879878310327e+03
1.009554832861207615e+04
1.023296041862717175e+04
1.037017973569560854e+04
1.050720592318365016e+04
1.064403867502006142e+04
1.078067772953537497e+04
1.091519327834286560e+04
1.105144636259771869e+04
1.118750515176587214e+04
1.132336951560366106e+04
1.145903934710986141e+04
1.159451455975703539e+04
1.172979508506774619e+04
1.186488087049157548e+04
1.199977187754515217e+04
1.213446808018167394e+04
1.226896946336067776e+04
1.240327602179225687e+04
1.253738775883391099e+04
1.267130468552015373e+04
1.280502681970820231e+04
1.293855418532506337e+04
1.307188681170317432e+04
1.320502473299366829e+04
1.333796798764746927e+04
1.347071661795618274e+04
1.360327066964491678e+04
1.373563019151173648e+04
1.386779523510739273e+04
1.399976585445080855e+04
1.413154210577651065e+04
1.426312404730986782e+04
1.439451173906731310e+04
1.452570524267873952e+04
1.465670462122942808e+04
1.478750993911944352e+04
1.491812126193878430e+04
1.504853865635632610e+04
1.517876219002127073e+04
1.530879193147570550e+04
1.543862795007699242e+04
1.556827031592926869e+04
1.569771909982270881e+04
1.582697437317997355e+04
1.595603620800915814e+04
1.608490467686219017e+04
1.621357985279870991e+04
1.634206180935404154e+04
1.647035062051190107e+04
1.659844636067999454e+04
1.672634910466953443e+04
1.685405892767736441e+04
1.698157590527064895e+04
1.710890011337405303e+04
1.723603162825892286e+04
1.736466910821501369e+04
1.749141504917775819e+04
1.761796851063174836e+04
1.774432957068026371e+04
1.787049830772251880e+04
1.799647480045207703e+04
1.812225912785644323e+04
1.824785136921673620e+04
1.837325160410839089e+04
1.849845991240243893e+04
1.862347637426697838e+04
1.874830107016933835e+04
1.887293408087836360e+04
1.899737548746722314e+04
1.912162537131631325e+04
1.924568381411629161e+04
1.936955089787154793e+04
1.949322670490355449e+04
1.961671131785448597e+04
1.974000481969092652e+04
1.986310729370740228e+04
1.998601882353034671e+04
2.010873949312345212e+04
