nan
4.040023608104780578e+03
4.188229953103896150e+03
4.338070504438905118e+03
4.489541379220686395e+03
4.642638949180886812e+03
4.797359678087806060e+03
4.953700008030649769e+03
5.111656278303074942e+03
5.271224666675855588e+03
5.432401146405452891e+03
5.596818550426811271e+03
5.761214048280974566e+03
5.927204015303978849e+03
6.094783356522369104e+03
6.263946678778080241e+03
6.434688284196859968e+03
6.607002165950354538e+03
6.780882005860181380e+03
6.956321173510996232e+03
7.133312726624747484e+03
7.311849412508998284e+03
7.491923670437276996e+03
7.673527634852536721e+03
7.856653139308090431e+03
8.041291721080624484e+03
8.227434626401258356e+03
8.415072816258882085e+03
8.604196972738365730e+03
8.794797505858150544e+03
8.986864560873547816e+03
9.180388026011456532e+03
9.375357540600318316e+03
9.571762503556130468e+03
9.769592082180670332e+03
9.968835221223680492e+03
1.016948065215521638e+04
1.037151690258908820e+04
1.057493230579337796e+04
1.077971501021954464e+04
1.098585298897885150e+04
1.119333404919287568e+04
1.140214584114590616e+04
1.161227586716915721e+04
1.182371149019269069e+04
1.203643994190912781e+04
1.225044833050365378e+04
1.246572364791952714e+04
1.268225277664301757e+04
1.290002249601092808e+04
1.311667757683503078e+04
1.333687966311876698e+04
1.355828216533011982e+04
1.378087150932855548e+04
1.400463404326433374e+04
1.422955604210895399e+04
1.445562371219032866e+04
1.468282319583763638e+04
1.491114057623484950e+04
1.514056188257293616e+04
1.537107309557382905e+04
1.560266015344160405e+04
1.583530895827191671e+04
1.606900538292719102e+04
1.630373527835872665e+04
1.653948448133286365e+04
1.677623882249458620e+04
1.701398413468368017e+04
1.725270626140273816e+04
1.749239106532752339e+04
1.773302443674617825e+04
1.797459230181791645e+04
1.821708063054952436e+04
1.846047544440413549e+04
1.870476282347682354e+04
1.894992891319614137e+04
1.919595993053647180e+04
1.944284216975436721e+04
1.969056200768801864e+04
1.993910590868157669e+04
2.018846042921530170e+04
2.043861222233299486e+04
2.068954804196280747e+04
2.094125474722381477e+04
2.119371930679767684e+04
2.144692880342619537e+04
2.170087043857081517e+04
2.195553153724230287e+04
2.221089955297880442e+04
2.246696207292531835e+04
2.272370682294475046e+04
2.298112167267487530e+04
2.323919464043953121e+04
2.349791389792449991e+04
2.375726777453894101e+04
2.401724476140256957e+04
2.427783351492140719e+04
2.453902285994240447e+04
2.480080179249956564e+04
2.506707925635316133e+04
2.532998236218928650e+04
2.559344350111867971e+04
2.585745237110160451e+04
2.612199885038928187e+04
2.638707299878667254e+04
2.665266505878083262e+04
2.691876545652349887e+04
2.718536480264135753e+04
2.745245389283754776e+04
2.772002370824563332e+04
2.798806541550047405e+04
2.825657036650251030e+04
2.852553009786631810e+04
2.879493633006033269e+04
2.906478096625688704e+04
2.933505609092396844e+04
2.960575396819149319e+04
2.987686704002425904e+04
3.014838792422676852e+04
3.042030941229494420e+04
3.069262446711966913e+04
3.096532622055128013e+04
