nan
4.028355325116416225e+03
4.136190285323938951e+03
4.241316294228256083e+03
4.365106294986839202e+03
4.500734321057980196e+03
4.640202900181393488e+03
4.780172515632036266e+03
4.919356630390336250e+03
5.057147564161895389e+03
5.193202807814572225e+03
5.327337312135698994e+03
5.459472639862380674e+03
5.589596355570026390e+03
5.717731703055794242e+03
5.843918003624438825e+03
5.968199353461077408e+03
6.090618818226039366e+03
6.211215942253463254e+03
6.330026083312482115e+03
6.447080634361430384e+03
6.562407588849058811e+03
6.676032167799229683e+03
6.787977384519695988e+03
6.898264507702950141e+03
7.006913423548730862e+03
7.113942912610105850e+03
7.219370860129945868e+03
7.323214416773040284e+03
7.425490123316153586e+03
7.526214009511465520e+03
7.625401674500492845e+03
7.723068353929747900e+03
7.819228977257665974e+03
7.913898217550904519e+03
8.007090535248417837e+03
8.098820216833353697e+03
8.189101409018708182e+03
8.277948148859662979e+03
8.365374390104560007e+03
8.451394026051226319e+03
8.536020909160444717e+03
8.619268867677064918e+03
8.701151719511659394e+03
8.781683283636119086e+03
8.860877389243079961e+03
8.938747882910905901e+03
9.015308634003809857e+03
9.090573538521501177e+03
9.164556521595628510e+03
9.237271538812245126e+03
9.308732576521408191e+03
9.378953651277368408e+03
9.447948808536249999e+03
9.515732120722703257e+03
9.582317684763047509e+03
9.647719619169867656e+03
9.711952060751964382e+03
9.775029161013701014e+03
9.836965082299368078e+03
9.897773993730716029e+03
9.957470066979454714e+03
1.001606747191106842e+04
1.007358037213152056e+04
1.013002292046441471e+04
1.018540925438275553e+04
1.023975349141639344e+04
1.029306972455377581e+04
1.034537201765439022e+04
1.039667440088634612e+04
1.044699086620192975e+04
1.049633536286260642e+04
1.054472179302345648e+04
1.059216400738612538e+04
1.063867580092826211e+04
1.068427090871658584e+04
1.072896300180987055e+04
1.077276568325746666e+04
1.081569248419825999e+04
1.085775686006443357e+04
1.089897218689379770e+04
1.093935175775394600e+04
1.097890877928107511e+04
1.101765636833578537e+04
1.105560754877786349e+04
1.109277524836160046e+04
1.112917229575288547e+04
1.116481141766898509e+04
1.119970523614158265e+04
1.123386626590340711e+04
1.126730691189849131e+04
1.130003946691583951e+04
1.133207610934609147e+04
1.136342890106050800e+04
1.139410978541144868e+04
1.142413058535327036e+04
1.145350300168247668e+04
1.148223861139571272e+04
1.151034886616410404e+04
1.153784509092229200e+04
1.156473848257037935e+04
1.159104010878690315e+04
1.161676090695084531e+04
1.164191168317058873e+04
1.166650311141767270e+04
1.169054573276306473e+04
1.171404995471369330e+04
1.173702605064682757e+04
1.175948415933991600e+04
1.178143428459341521e+04
1.180288629494410270e+04
1.182384992346636500e+04
1.184433476765889282e+04
1.186435028941423116e+04
1.188390581506859417e+04
1.190301053552934900e+04
1.192167350647760759e+04
1.193990364864331059e+04
1.195770974815023328e+04
1.197510045692835047e+04
1.199208429319100833e+04
1.200866964197434390e+04
