nan
1.158305064749713056e+05
1.199136859328237624e+05
1.240321969376920315e+05
1.281701287294864160e+05
1.323200496266594273e+05
1.364775393877114402e+05
1.406396118842085707e+05
1.448040938999382197e+05
1.489693298803224170e+05
1.531340216118216922e+05
1.573556746072992682e+05
1.615162021608702780e+05
1.656736446326338337e+05
1.698274368034187937e+05
1.739771144170223852e+05
1.781222953775674978e+05
1.822626649656833615e+05
1.863979640253752586e+05
1.905279794103835884e+05
1.946525361878400727e+05
1.987714912323950848e+05
2.028847279352657788e+05
2.069921518164492736e+05
2.110936868743684317e+05
2.151892725413471344e+05
2.192788611392391031e+05
2.233624157495663967e+05
2.274399084282730473e+05
2.315113187077368202e+05
2.355766323387444136e+05
2.396358402332949045e+05
2.436889375757490925e+05
2.477359230752901349e+05
2.517767983371434675e+05
2.558115673337233893e+05
2.598402359599257470e+05
2.638628116593462764e+05
2.678793031103265239e+05
2.718897199624957284e+05
2.758940726159563637e+05
2.798923720364950132e+05
2.838846296012484236e+05
2.878708569701074157e+05
2.918510659788851626e+05
2.958252685508868308e+05
2.997934766240327735e+05
3.037557020911262371e+05
3.077119567512230715e+05
3.116622522703767754e+05
3.155661137834257097e+05
3.195040472825704492e+05
3.234360746930228197e+05
3.273622058146860218e+05
3.312824502946534776e+05
3.351968176127710030e+05
3.391053170707306708e+05
3.430079577841261053e+05
3.469047486770022660e+05
3.507956984784842352e+05
3.546808157211336074e+05
3.585601087407539599e+05
3.624335856773775304e+05
3.663012544772281544e+05
3.701631228954849648e+05
3.740191984996703104e+05
3.778694886735639884e+05
3.817140006215049652e+05
3.855527413730028202e+05
3.893857177875741036e+05
3.932129365597380674e+05
3.970344042241177522e+05
4.008501271605978254e+05
4.046601115994996508e+05
4.084643636267441907e+05
4.122628891889723600e+05
4.160556940986062400e+05
4.198427840388269979e+05
4.236241645684595569e+05
4.273998411267547053e+05
4.311698190380520537e+05
4.349341035163298366e+05
4.386926996696219430e+05
4.424456125043103821e+05
4.461928469292898080e+05
4.499344077599951415e+05
4.536702997223026468e+05
4.574005274563000421e+05
4.611250955199259915e+05
4.648440083924808423e+05
4.685572704780193744e+05
4.722648861086136312e+05
4.759668595474982285e+05
4.796631949921004125e+05
4.833538965769570204e+05
4.870389683765168884e+05
4.907184144078387762e+05
4.943922386331863236e+05
4.980604449625148554e+05
5.017522197165358230e+05
5.054094687810260803e+05
5.090611056108137127e+05
5.127071340993850608e+05
5.163475580924036913e+05
5.199823813899715315e+05
5.236116077488045557e+05
5.272352408842963632e+05
5.308532844725059113e+05
5.344657421520510688e+05
5.380726175259175943e+05
5.416739141631906386e+05
5.452696356007020222e+05
5.488597853446135996e+05
5.524443668719106354e+05
5.560233836318433750e+05
5.595968390472885221e+05
5.631647365160493646e+05
5.667270794120919891e+05
5.702838710867199115e+05
5.738351148696898017e+05
5.773808140702691162e+05
5.809209719782283064e+05
