nan
4.023600388260633736e+03
4.163684035046462668e+03
4.303112644457455644e+03
4.441510495372990590e+03
4.578711124503602150e+03
4.714620503188567454e+03
4.849177892744291057e+03
4.982340661573770376e+03
5.114077252598698578e+03
5.244363506455785682e+03
5.374980317221315090e+03
5.502289821168738854e+03
5.628105324094575735e+03
5.752417295726387238e+03
5.875218464388446591e+03
5.996503471950835774e+03
6.116268611869899360e+03
6.234511624176910118e+03
6.351231530860703970e+03
6.466428500802831877e+03
6.580103736941902753e+03
6.692259380575707837e+03
6.802898429165670677e+03
6.912024664980383932e+03
7.019642592583160877e+03
7.125757383634638245e+03
7.230374827816057405e+03
7.333501288924698201e+03
7.435143665375346245e+03
7.535309354480975344e+03
7.634006219993781087e+03
7.731242562472817553e+03
7.827027092112396531e+03
7.921368903720902381e+03
8.014277453584688374e+03
8.105762537989567136e+03
8.195834273203772682e+03
8.284503076753040659e+03
8.371779649840909769e+03
8.457674960786716838e+03
8.542200229370562738e+03
8.625366911988508946e+03
8.707186687534000157e+03
8.787671443932204056e+03
8.866833265263117937e+03
8.944684419417815661e+03
9.021237346239091494e+03
9.096504646104049243e+03
9.170499068911833092e+03
9.242361056198411461e+03
9.313854609106339922e+03
9.384114376106037525e+03
9.453153592746952199e+03
9.520985594827967361e+03
9.587623809209917454e+03
9.653081744885892476e+03
9.717372984297044241e+03
9.780511174882853084e+03
9.842510020856556366e+03
9.903383275197864350e+03
9.963144731856000362e+03
1.002180821815725722e+04
1.007938758741191486e+04
1.013589671171637565e+04
1.019134947494664812e+04
1.024575976594006897e+04
1.029914147186250921e+04
1.035150847175873787e+04
1.040287463028370803e+04
1.045325379161302044e+04
1.050265977353101880e+04
1.055110636169476311e+04
1.059860730407268966e+04
1.064517630555665892e+04
1.069082702274596704e+04
1.073557305890223142e+04
1.077942795907389700e+04
1.082240520538914279e+04
1.086451821251581350e+04
1.090578032328719200e+04
1.094620480449225215e+04
1.098580484282876932e+04
1.102459354101823374e+04
1.106258391408039643e+04
1.109978888576641111e+04
1.113622128514847282e+04
1.117189384336427247e+04
1.120681919051446675e+04
1.124100985271104400e+04
1.127447824927467809e+04
1.130723669007892568e+04
1.133929737303894399e+04
1.137067238174281374e+04
1.140137368322253860e+04
1.143141312586292588e+04
1.146080243744555264e+04
1.148955322332522519e+04
1.151767696473658725e+04
1.154536708390943932e+04
1.157226583153911633e+04
1.159857129988001179e+04
1.162429445873007899e+04
1.164944614712109069e+04
1.167403707235053844e+04
1.169807780912416820e+04
1.172157879880621840e+04
1.174455034877453727e+04
1.176700263187756173e+04
1.178894568599033664e+04
1.181038941366665313e+04
1.183134358188432998e+04
1.185181782188081706e+04
1.187182162907611018e+04
1.189136436308016710e+04
1.191045524778193248e+04
1.192910337151705426e+04
1.194731768731157172e+04
1.196510701319857799e+04
1.198248003260527912e+04
1.199944529480749588e+04
1.201601121544924536e+04
