nan
1.164304194269248546e+05
1.206951228283481178e+05
1.249918275140442565e+05
1.293178646449323860e+05
1.336729366205680417e+05
1.380593188188210479e+05
1.424814334385384864e+05
1.469447474843089003e+05
1.514544759260231222e+05
1.560146636924043123e+05
1.606860857004082063e+05
1.653532400536327914e+05
1.700749427088836965e+05
1.748507164460483473e+05
1.796797299090073793e+05
1.845609930767264741e+05
1.894934790831243445e+05
1.944761928573933546e+05
1.995082049806994328e+05
2.045886644036679936e+05
2.097167991821226897e+05
2.148919109923792712e+05
2.201133668720604910e+05
2.253805901486525836e+05
2.306930516068382130e+05
2.360502614053336147e+05
2.414517619448532350e+05
2.468971217197140213e+05
2.523859300991394557e+05
2.579177929454084951e+05
2.634923289634770481e+05
2.691091666781877284e+05
2.747679419434554875e+05
2.804682958987919847e+05
2.862098733000826323e+05
2.919923211624395335e+05
2.978152876628112281e+05
3.036784212586081703e+05
3.095813699859059416e+05
3.155237809070040239e+05
3.215052996822420391e+05
3.275255702452703263e+05
3.335842345645529567e+05
3.396809324767281068e+05
3.458153015799783752e+05
3.519869771774312831e+05
3.581955922623494989e+05
3.644407775381688261e+05
3.707221614675742458e+05
3.769465021824630094e+05
3.832991943449100363e+05
3.896869652805948281e+05
3.961094347981096944e+05
4.025662210445008823e+05
4.090569406447980436e+05
4.155812088490871247e+05
4.221386396855084458e+05
4.287288461177839199e+05
4.353514402060755529e+05
4.420060332701276639e+05
4.486922360537973000e+05
4.554096588901847135e+05
4.621579118666956783e+05
4.689366049894224270e+05
4.757453483463509474e+05
4.825837522689263569e+05
4.894514274915814749e+05
4.963479853088983218e+05
5.032730377300971886e+05
5.102261976305852877e+05
5.172070789003452519e+05
5.242152965889711631e+05
5.312504670471783029e+05
5.383122080646386603e+05
5.454001390040302649e+05
5.525138809311834630e+05
5.596530567412545206e+05
5.668172912808490219e+05
5.740062114660255611e+05
5.812194463961648289e+05
5.884566274636615999e+05
5.957173884594063275e+05
6.030013656740601873e+05
6.103081979951316025e+05
6.176375269998380681e+05
6.249889970437745797e+05
6.323622553454245208e+05
6.397569520665159216e+05
6.471727403882788494e+05
6.546092765836112667e+05
6.620662200852248352e+05
6.695432335498009343e+05
6.770399829181997338e+05
6.845561374717905419e+05
6.920913698849524371e+05
6.996453562737904722e+05
7.072177762411560398e+05
7.148083129180086544e+05
7.225384558258622419e+05
7.301641041337508941e+05
7.378069130567460088e+05
7.454665821458125720e+05
7.531428145315829897e+05
7.608353169503683457e+05
7.685437997667366872e+05
7.762679769927577581e+05
7.840075663040016079e+05
7.917622890523889801e+05
7.995318702759740409e+05
8.073160387057827320e+05
8.151145267697469098e+05
8.229270705938807223e+05
8.307534100007545203e+05
8.385932885053734062e+05
8.464464533085461007e+05
8.543126552878275979e+05
8.621916489861583104e+05
8.700831925982338144e+05
8.779870479547355790e+05
8.859029805045211688e+05
8.938307592947612284e+05
