nan
4.038730793657953200e+03
4.182507949328223731e+03
4.324329122550716420e+03
4.464201287787537694e+03
4.602658581302260245e+03
4.740604946214449228e+03
4.878940228366841438e+03
5.018221981299256186e+03
5.158587124666863019e+03
5.299891412237215263e+03
5.444123517768595775e+03
5.586537583363059639e+03
5.729230063540962874e+03
5.872069106104129787e+03
6.014964574630040261e+03
6.157854824904241468e+03
6.300696354229937242e+03
6.443456828928635332e+03
6.586110862069797804e+03
6.728637686322886111e+03
6.871019969972750005e+03
7.013243230515274263e+03
7.155295506366804148e+03
7.297167107369600672e+03
7.438850368771935791e+03
7.580339390266723058e+03
7.721629766777320583e+03
7.862718324821358692e+03
8.003602877072326010e+03
8.144282003706061005e+03
8.284754864909640673e+03
8.425021045532173957e+03
8.565080430461081050e+03
8.704933107802497034e+03
8.844579296136707853e+03
8.984019291830791190e+03
9.123253432463825447e+03
9.262282072734536996e+03
9.401105569674546132e+03
9.539724274507792870e+03
9.678138529017434848e+03
9.816348664768498566e+03
9.954355003962686169e+03
1.009215786106024461e+04
1.022975754459187374e+04
1.036715435880459518e+04
1.050434860494905479e+04
1.064134058213084609e+04
1.077813058772503609e+04
1.091273361171535907e+04
1.104912201916952836e+04
1.118530932504152588e+04
1.132129581772075471e+04
1.145708178158225564e+04
1.159266749620424525e+04
1.172805323561910154e+04
1.186323926763648888e+04
1.199822585326586341e+04
1.213301324625452617e+04
1.226760169274898544e+04
1.240199143107887903e+04
1.253618269165829952e+04
1.267017569699436172e+04
1.280397066179031208e+04
1.293756779312909566e+04
1.307096729072255403e+04
1.320416934721192229e+04
1.333717414850547175e+04
1.346998187414120730e+04
1.360259269766290890e+04
1.373500678700078424e+04
1.386722430484819051e+04
1.399924540902795889e+04
1.413107025284419615e+04
1.426269898541512521e+04
1.439413175198526733e+04
1.452536869421526353e+04
1.465640995044897318e+04
1.478725565595790067e+04
1.491790594316392890e+04
1.504836094184108879e+04
1.517862077929829320e+04
1.530868558054414098e+04
1.543855546843565935e+04
1.556823056381275455e+04
1.569771098562011503e+04
1.582699685101775140e+04
1.595608827548224144e+04
1.608498537289953674e+04
1.621368825565096995e+04
1.634219703469322303e+04
1.647051181963344425e+04
1.659863271880010143e+04
1.672655983931039009e+04
1.685429328713488212e+04
1.698183316715929323e+04
1.710917958324452775e+04
1.723633263828464987e+04
1.736498776991030536e+04
1.749175429686983261e+04
1.761832774375395456e+04
1.774470821081133909e+04
1.787089579756440071e+04
1.799689060285963569e+04
1.812269272491671290e+04
1.824830226137557838e+04
1.837371930934235934e+04
1.849894396543356925e+04
1.862397632581881408e+04
1.874881648626189781e+04
1.887346454216023267e+04
1.899792058858271776e+04
1.912218472030612247e+04
1.924625703184961822e+04
1.937013761750797130e+04
1.949382657138313880e+04
1.961732398741433281e+04
1.974062995940666224e+04
1.986374458105834128e+04
1.998666794598650449e+04
2.010940014775346572e+04
