nan
1.145689864707368833e+05
1.171453910184769775e+05
1.208210088844500424e+05
1.251001257684122538e+05
1.295814035203967505e+05
1.340972387924134382e+05
1.385891403966264334e+05
1.430403728421931155e+05
1.474492429846257728e+05
1.518190369776826701e+05
1.562376120383934467e+05
1.605412828361857391e+05
1.648189172790175944e+05
1.690737552863901947e+05
1.733084858720758057e+05
1.775253254465632781e+05
1.817260989545971097e+05
1.859123121460014372e+05
1.900852121155811183e+05
1.942458365925984399e+05
1.983950535399865184e+05
2.025335927966185554e+05
2.066620713362406241e+05
2.107810134625731735e+05
2.148908670059335418e+05
2.189920163651897165e+05
2.230847930571221223e+05
2.271694842906286940e+05
2.312463399699246802e+05
2.353155784428514598e+05
2.393773912422257999e+05
2.434319470153611037e+05
2.474793947959705547e+05
2.515198667408411857e+05
2.555534804288574087e+05
2.595803408005198871e+05
2.636005418008405832e+05
2.676141677764297929e+05
2.716212946680339519e+05
2.756219910321576172e+05
2.796163189193257713e+05
2.836043346316267271e+05
2.875860893782383646e+05
2.915616298444374115e+05
2.955309986869828426e+05
2.994942349666435039e+05
3.034513745268805651e+05
3.074024503262889921e+05
3.113474927311757929e+05
3.152398044321343186e+05
3.191725969898957410e+05
3.230994452458930318e+05
3.270203708762013121e+05
3.309353940390794305e+05
3.348445335136842332e+05
3.387478068240799475e+05
3.426452303503223811e+05
3.465368194281540927e+05
3.504225884386340622e+05
3.543025508888651966e+05
3.581767194848381332e+05
3.620451061972502503e+05
3.659077223210934899e+05
3.697645785296729882e+05
3.736156849236577400e+05
3.774610510756893200e+05
3.813006860709941247e+05
3.851345985444284743e+05
3.889627967143048882e+05
3.927852884133201442e+05
3.966020811168758082e+05
4.004131819690371049e+05
4.042185978063575458e+05
4.080183351797779324e+05
4.118124003747706302e+05
4.156007994298873236e+05
4.193835381538711954e+05
4.231606221414470347e+05
4.269320567879084265e+05
4.306978473026161082e+05
4.344579987214931170e+05
4.382125159186024102e+05
4.419614036168917664e+05
4.457046663981683087e+05
4.494423087123593432e+05
4.531743348861454288e+05
4.569007491309784236e+05
4.606215555505554075e+05
4.643367581478009815e+05
4.680463608313630102e+05
4.717503674216920044e+05
4.754487816567175323e+05
4.791416071971512283e+05
4.828288476314666914e+05
4.865105064805371803e+05
4.901865872020024108e+05
4.938570931943469914e+05
4.975220278007423622e+05
5.012212988424664363e+05
5.048751989114691387e+05
5.085235347221082775e+05
5.121663095067544491e+05
5.158035264554200112e+05
5.194351887185365194e+05
5.230612994095599279e+05
5.266818616074299207e+05
5.302968783588766819e+05
5.339063526805938454e+05
5.375102875612886855e+05
5.411086859636023873e+05
5.447015508259192575e+05
5.482888850640759338e+05
5.518706915729552275e+05
5.554469732279985910e+05
5.590177328866138123e+05
5.625829733895052923e+05
5.661426975619198056e+05
5.696969082148105372e+05
5.732456081459331326e+05
5.767888001408611890e+05
5.803264869739389978e+05
