nan
1.488464921729677357e+06
1.550143927790577058e+06
1.597542479903756874e+06
1.641922871458192356e+06
1.684650575753233396e+06
1.725926991158422083e+06
1.765760560949742328e+06
1.804132247493789298e+06
1.841028022962454474e+06
1.876444113667749101e+06
1.910600544948950643e+06
1.943088837750244187e+06
1.974134603385483613e+06
2.003763552171049407e+06
2.032005291095759952e+06
2.058892574540987145e+06
2.084460695480895694e+06
2.108746980648540426e+06
2.131790363108655438e+06
2.153631013600650709e+06
2.174310017764491495e+06
2.193869090372388717e+06
2.212350320431182161e+06
2.229795942871272564e+06
2.246248133773741312e+06
2.261748826902328059e+06
2.276339549835926853e+06
2.290061278333671391e+06
2.302954307772733271e+06
2.315058140623357147e+06
2.326411388996683061e+06
2.337051691339901183e+06
2.347015642374087591e+06
2.356338735382323619e+06
2.365055315965301823e+06
2.373198546392534394e+06
2.380800379691193346e+06
2.387891542633115780e+06
2.394501526803229470e+06
2.400658586959942244e+06
2.406389745929047931e+06
2.411720805307053495e+06
2.416676361286638770e+06
2.421279824955765158e+06
2.425553446461816784e+06
2.429518342472914606e+06
2.433194526409085374e+06
2.436600940956511069e+06
2.439755492417671718e+06
2.442673452770419884e+06
2.445376094045599923e+06
2.447874594162466936e+06
2.450183088927031029e+06
2.452314863674156368e+06
2.454282391305544414e+06
2.456097370033638552e+06
2.457770760648736265e+06
2.459312823151536286e+06
2.460733152616458014e+06
2.462040714172346517e+06
2.463243877006685827e+06
2.464350447317157872e+06
2.465367700150554534e+06
2.466302410083577968e+06
2.467160880713111721e+06
2.467948972935180180e+06
2.468672132002158090e+06
2.469335413356851786e+06
2.469943507250011433e+06
2.470500762154723983e+06
2.471011206996968947e+06
2.471478572226705495e+06
2.471906309757912531e+06
2.472297611809535883e+06
2.472655428681959864e+06
2.472982485505864955e+06
2.473281298001809977e+06
2.473554187290169764e+06
2.473803293791596778e+06
2.474030590258623008e+06
2.474237893978985958e+06
2.474426878190971911e+06
2.474599082750590052e+06
2.474755924089651555e+06
2.474898704502974637e+06
2.475028620801866986e+06
2.475146772369966842e+06
2.475254168656233698e+06
2.475351736138649751e+06
2.475440324790827464e+06
2.475520714082355611e+06
2.475593618542345706e+06
2.475659692914229352e+06
2.475719536928532179e+06
2.475773699718896765e+06
2.475822683905399404e+06
2.475866949367778841e+06
2.475906916730033234e+06
2.475936723393769469e+06
2.475969181373028550e+06
2.475998401578606106e+06
2.476024677100118715e+06
2.476048275551736820e+06
2.476069441206442658e+06
2.476088396959494334e+06
2.476105346133910585e+06
2.476120474139899947e+06
2.476133949999357108e+06
2.476145927745782770e+06
2.476156547709234525e+06
2.476165937695277855e+06
2.476174214066222776e+06
2.476181482732355129e+06
2.476187840060299728e+06
2.476193373705135658e+06
2.476198163372368552e+06
2.476202281515440438e+06
2.476205793973980471e+06
2.476208760557651520e+06
2.476211235580049455e+06
2.476213268346751574e+06
