nan
1.441209402231131913e+06
1.492208209848082857e+06
1.543731251783251530e+06
1.595536301864363719e+06
1.647504304916933412e+06
1.699563158933794592e+06
1.751664739141352475e+06
1.803775255617259303e+06
1.855870312942286022e+06
1.907932022514858050e+06
1.960639009935711278e+06
2.012602474109754432e+06
2.064501471336018527e+06
2.116330795329458546e+06
2.168086621369726025e+06
2.219766167536278721e+06
2.271367436308503151e+06
2.322889015575392637e+06
2.374329923887179233e+06
2.425689488837673329e+06
2.476967250378550496e+06
2.528162882995990105e+06
2.579276132256088313e+06
2.630306762401681859e+06
2.681254512563947588e+06
2.732119059811899904e+06
2.782899987755102105e+06
2.833596759779032320e+06
2.884208696258636191e+06
2.934734955286779907e+06
2.985174516587949824e+06
3.035526168378009927e+06
3.085788496988777071e+06
3.135959879110692069e+06
3.186038476523947436e+06
3.236022233194545377e+06
3.285908874609752093e+06
3.335695909221512266e+06
3.385380631857946515e+06
3.434960128954750486e+06
3.484431285450257827e+06
3.533790793181757908e+06
3.583035160616503097e+06
3.632160723748573568e+06
3.681163657993183471e+06
3.730039990912253968e+06
3.778785615609349683e+06
3.827396304638281465e+06
3.875867724277050700e+06
3.923742777354345657e+06
3.971916469519997947e+06
4.019937720268947072e+06
4.067801901700987015e+06
4.115504352914735209e+06
4.163040393800253049e+06
4.210405338448799215e+06
4.257594508112473413e+06
4.304603243656279519e+06
4.351426917455321178e+06
4.398060944698447362e+06
4.444500794068694115e+06
4.490741997778116725e+06
4.536780160942327231e+06
4.582610970286101103e+06
4.628230202177544124e+06
4.673633729993376881e+06
4.718817530822572298e+06
4.763777691519479267e+06
4.808510414121158421e+06
4.853012020646437071e+06
4.897278957296775654e+06
4.941307798080992885e+06
4.985095247887459584e+06
5.028638145028728992e+06
5.071933463284327649e+06
5.114978313468164764e+06
5.157769944547227584e+06
5.200305744338558055e+06
5.242583239811015315e+06
5.284600097018511035e+06
5.326354120690627024e+06
5.367843253506122157e+06
5.409065575074086897e+06
5.450019300646807067e+06
5.490702779587542638e+06
5.531114493615521118e+06
5.571253054849456996e+06
5.611117203670118935e+06
5.650705806421308778e+06
5.690017852967660874e+06
5.729052454126776196e+06
5.767808838992078789e+06
5.806286352161951363e+06
5.844484450889535248e+06
5.882402702166958712e+06
5.920040779756523669e+06
5.957398461180735379e+06
5.994475624682007357e+06
6.031519621909962036e+06
6.068036507388454862e+06
6.104273005782812834e+06
6.140229370714592747e+06
6.175905941083708778e+06
6.211303138036971912e+06
6.246421461961788125e+06
6.281261489510338753e+06
6.315823870659184642e+06
6.350109325808452442e+06
6.384118642924502492e+06
6.417852674729557708e+06
6.451312335941028781e+06
6.484498600563329645e+06
6.517412499234280549e+06
6.550055116627979092e+06
6.582427588915724307e+06
6.614531101286273450e+06
6.646366885526363738e+06
6.677936217662429437e+06
6.709240415663807653e+06
6.740280837207995355e+06
6.771058877507995814e+06
