nan
1.448437157418476883e+06
1.499339971850322327e+06
1.549361301910879789e+06
1.599845881069609895e+06
1.651841234449789161e+06
1.705532633613338694e+06
1.760674828568858560e+06
1.816971520843099570e+06
1.874196525480300188e+06
1.932199850108079379e+06
1.991795155680570751e+06
2.051097996175599983e+06
2.110993638448944315e+06
2.171460134663950186e+06
2.232484023697800934e+06
2.294056976401619148e+06
2.356173735646877438e+06
2.418830843649697024e+06
2.482025848958961200e+06
2.545756807229139842e+06
2.610021962995540351e+06
2.674819543535176199e+06
2.740147622377612628e+06
2.806004026164739858e+06
2.872386268492894247e+06
2.939291500553035177e+06
3.006716472270037513e+06
3.074657500103401486e+06
3.143110439238361083e+06
3.212070658893866464e+06
3.281533020105065312e+06
3.351491855729655363e+06
3.421940952662641648e+06
3.492873536374860909e+06
3.564282257952832617e+06
3.636159183834753465e+06
3.708495788424578030e+06
3.781282949736445677e+06
3.854510948180145118e+06
3.928169468552644365e+06
4.002247605253062211e+06
4.076733870692431927e+06
4.151616206826105248e+06
4.226881999697711319e+06
4.302518096849181689e+06
4.378510827421983704e+06
4.454846024750882760e+06
4.531509051232445054e+06
4.608484825236643665e+06
4.684691164981461130e+06
4.762243041542088613e+06
4.840060539347125217e+06
4.918127080282111652e+06
4.996425800309432670e+06
5.074939583350711502e+06
5.153651095550782047e+06
5.232542819707721472e+06
5.311597089665591717e+06
5.390796124480745755e+06
5.470122062186640687e+06
5.549556992996698245e+06
5.629082991800142452e+06
5.708682149820381775e+06
5.788336605320331641e+06
5.868028573253826238e+06
5.947740373775850981e+06
6.027454459538219497e+06
6.107153441709989682e+06
6.186820114674091339e+06
6.266437479363019578e+06
6.345988765207554214e+06
6.425457450681729242e+06
6.504827282436737791e+06
6.584082293025252409e+06
6.663206817224087194e+06
6.742185506971273571e+06
6.821003344938621856e+06
6.899645656766944565e+06
6.978098121995569207e+06
7.056346783721704036e+06
7.134378057029191405e+06
7.212178736228529364e+06
7.289736000952896662e+06
7.367037421156533062e+06
7.444070961063575931e+06
7.520824982116262428e+06
7.597288244972052053e+06
7.673449910599883646e+06
7.749299540525426157e+06
7.824827096275178716e+06
7.900022938068585470e+06
7.974877822806745768e+06
8.049382901405339129e+06
8.123529715518225916e+06
8.197310193697036244e+06
8.270716647030644119e+06
8.343741764306970872e+06
8.416378606737975031e+06
8.489738699925037101e+06
8.561574773217478767e+06
8.633003450481919572e+06
8.704019257223220542e+06
8.774617057959733531e+06
8.844792049175105989e+06
8.914539752066552639e+06
8.983856005116593093e+06
9.052736956513026729e+06
9.121179056440059096e+06
9.189179049261761829e+06
9.256733965616703033e+06
9.323841114440776408e+06
9.390498074933452532e+06
9.456702688480261713e+06
9.522453050542378798e+06
9.587747502522209659e+06
9.652584623611250892e+06
9.716963222624663264e+06
9.780882329824296758e+06
9.844341188729381189e+06
9.907339247911879793e+06
9.969876152770213783e+06
