nan
1.446459290104460204e+06
1.499106840791879455e+06
1.552485467609901680e+06
1.606531290144252824e+06
1.661216496311877621e+06
1.716525609980299138e+06
1.772448664851779817e+06
1.828978544623147463e+06
1.886109748705121223e+06
1.943837748864393681e+06
2.002849262478120858e+06
2.061764928958200151e+06
2.121266470339322463e+06
2.181350784501246642e+06
2.242014845583104994e+06
2.303255657504810020e+06
2.365070216976262629e+06
2.427455482138453051e+06
2.490408344282978214e+06
2.553925600945729297e+06
2.618003929253467359e+06
2.682639858822925948e+06
2.747829743826593738e+06
2.813569734082841314e+06
2.879855745216002688e+06
2.946683428077789489e+06
3.014048137730402406e+06
3.081944902369033545e+06
3.150368392611095682e+06
3.219312891604642384e+06
3.288772266412294935e+06
3.358739941113374196e+06
3.429208872038200032e+06
3.500171525508839171e+06
3.571619858412007801e+06
3.643545301875774749e+06
3.715938748264094815e+06
3.788790541644935962e+06
3.862090471829427406e+06
3.935827772024206817e+06
4.009991120086247567e+06
4.084568643321733456e+06
4.159547926727135666e+06
4.234916024532372132e+06
4.310659474873658270e+06
4.386764317396259867e+06
4.463216113565533422e+06
4.539999969448049553e+06
4.617100560712412931e+06
4.693602129253644496e+06
4.771279539266840555e+06
4.849226199445487931e+06
4.927425309815974906e+06
5.005859791983072646e+06
5.084512321751846932e+06
5.163365362235964276e+06
5.242401197227949277e+06
5.321601964620255865e+06
5.400949689680798911e+06
5.480426318001651205e+06
5.560013747954948805e+06
5.639693862505929545e+06
5.719448560247767717e+06
5.799259785539312288e+06
5.879109557640243322e+06
5.958979998753964901e+06
6.038853360900993459e+06
6.118712051560051739e+06
6.198538658025142737e+06
6.278315970439855009e+06
6.358027003479762934e+06
6.437655016665025614e+06
6.517183533293411136e+06
6.596596357993610203e+06
6.675877592905378900e+06
6.755011652500550263e+06
6.833983277064997703e+06
6.912777544867180288e+06
6.991379883043460548e+06
7.069776077234866098e+06
7.147952280013203621e+06
7.225895018137901090e+06
7.303591198686559685e+06
7.381028114105360582e+06
7.458193446225685067e+06
7.535075269295594655e+06
7.611662052074553445e+06
7.687942659040890634e+06
7.763906350761234760e+06
7.839542783470766619e+06
7.914842007913219742e+06
7.989794467488370836e+06
8.064390995754161850e+06
8.138622813329475001e+06
8.212481524242622778e+06
8.285959111768818460e+06
8.359047933799335733e+06
8.431740717782700434e+06
8.504850262332946062e+06
8.576733617338178679e+06
8.648200585167070851e+06
8.719245353873904794e+06
8.789862448723776266e+06
8.860046725426468998e+06
8.929793363178903237e+06
8.999097857544321567e+06
9.067956013194829226e+06
9.136363936542246491e+06
9.204318028280653059e+06
9.271814975862983614e+06
9.338851745931573212e+06
9.405425576722400263e+06
9.471533970460310578e+06
9.537174685761958361e+06
9.602345730061532930e+06
9.667045352073313668e+06
9.731272034303849563e+06
9.795024485625570640e+06
9.858301633922558278e+06
9.921102618818109855e+06
9.983426784492865205e+06
