nan
1.331416885523461038e+06
1.430490095453139860e+06
1.506376330055695027e+06
1.571870933922135038e+06
1.632242337905953638e+06
1.689785168559815967e+06
1.745618247476010351e+06
1.800340561125431908e+06
1.854297431088711834e+06
1.907700068448614795e+06
1.961412774029944325e+06
2.014080689382062061e+06
2.066481130386150442e+06
2.118658804631782230e+06
2.170646236004757695e+06
2.222467579787558876e+06
2.274141097735605203e+06
2.325680806613124441e+06
2.377097601453239098e+06
2.428400036021373235e+06
2.479594874211347196e+06
2.530687485110185575e+06
2.581682129362924956e+06
2.632582168717656285e+06
2.683390220527314115e+06
2.734108272368164733e+06
2.784737767517580185e+06
2.835279669028216042e+06
2.885734508053843863e+06
2.936102420613632072e+06
2.986383175927689765e+06
3.036576198686730117e+06
3.086680587047087960e+06
3.136695127711026929e+06
3.186618309122395236e+06
3.236448333552149124e+06
3.286183128648357466e+06
3.335820358868112788e+06
3.385357437083952595e+06
3.434791536559134722e+06
3.484119603408243041e+06
3.533338369598435238e+06
3.582444366499637719e+06
3.631433938955714926e+06
3.680303259821981657e+06
3.729048344895330723e+06
3.777665068150285166e+06
3.826149177186675835e+06
3.874496308790961280e+06
3.922210800901385024e+06
3.970266484531575348e+06
4.018171844175871927e+06
4.065922217241488397e+06
4.113512907191004604e+06
4.160939197795507964e+06
4.208196366926526651e+06
4.255279699830966070e+06
4.302184501841704361e+06
4.348906110484783538e+06
4.395439906951629557e+06
4.441781326912593096e+06
4.487925870654616505e+06
4.533869112532576546e+06
4.579606709729571827e+06
4.625134410326755606e+06
4.670448060688133352e+06
4.715543612169877626e+06
4.760417127167456783e+06
4.805064784517073072e+06
4.849482884270538576e+06
4.893667851864949800e+06
4.937616241710555740e+06
4.981324740221423097e+06
5.024790168314660899e+06
5.068009483405022882e+06
5.110979780921743251e+06
5.153698295375159010e+06
5.196162401000386104e+06
5.238369612005344592e+06
5.280317582449963316e+06
5.322004105782995000e+06
5.363427114062159322e+06
5.404584676882800646e+06
5.445475000039125793e+06
5.486096423941656016e+06
5.526447421813170426e+06
5.566526597684786655e+06
5.606332684212642722e+06
5.645864540334710851e+06
5.685121148786256090e+06
5.724101613491445780e+06
5.762805156847663224e+06
5.801231116917850450e+06
5.839378944545641541e+06
5.877248200406758115e+06
5.914838552009300329e+06
5.952149770654786378e+06
5.989181728370855562e+06
6.026297398442241363e+06
6.062769898992727511e+06
6.098963287613668479e+06
6.134877810427465476e+06
6.170513798772421665e+06
6.205871666152941994e+06
6.240951905216562562e+06
6.275755084763191640e+06
6.310281846791172400e+06
6.344532903584584594e+06
6.378509034845392220e+06
6.412211084873881191e+06
6.445639959800189361e+06
6.478796624869505875e+06
6.511682101782995276e+06
6.544297466096424498e+06
6.576643844677759334e+06
6.608722413225160912e+06
6.640534393846182153e+06
6.672081052698944695e+06
6.703363697695745155e+06
6.734383676269379444e+06
6.765142373202277347e+06
