nan
1.076290753456284729e+05
1.121812386754060863e+05
1.182310670094443485e+05
1.238351330582118098e+05
1.290088755880368262e+05
1.338836720001748472e+05
1.385539821177957638e+05
1.430801962622247229e+05
1.475009406720825355e+05
1.518415256620712171e+05
1.561922211817853968e+05
1.604180924252581026e+05
1.646011661212938488e+05
1.687475484755932703e+05
1.728617737084293040e+05
1.769472709420900210e+05
1.810066764663379290e+05
1.850420472291245533e+05
1.890550097541138239e+05
1.930468659330731898e+05
1.970186694463959138e+05
2.009712818149828818e+05
2.049054140909838898e+05
2.088216582675195241e+05
2.127205112241173920e+05
2.166023931820371945e+05
2.204676620726739638e+05
2.243166248294535617e+05
2.281495463396642881e+05
2.319666565990753879e+05
2.357681564737416920e+05
2.395542223732253478e+05
2.433250100662462064e+05
2.470806578156999312e+05
2.508212889696716447e+05
2.545470141147821851e+05
2.582579328751922003e+05
2.619541354230599245e+05
2.656357037526901695e+05
2.693027127601507818e+05
2.729552311619215761e+05
2.765933222797348863e+05
2.802170447136532166e+05
2.838264529214168433e+05
2.874215977188408142e+05
2.910025267134567257e+05
2.945692846814985387e+05
2.981219138966246392e+05
3.016604544173885370e+05
3.051500344761490705e+05
3.086602443079958321e+05
3.121564878214995260e+05
3.156387977112274384e+05
3.191072055054892553e+05
3.225617416972143692e+05
3.260024358603566070e+05
3.294293167536460678e+05
3.328424124132349389e+05
3.362417502355949837e+05
3.396273570518160705e+05
3.429992591943182051e+05
3.463574825568496017e+05
3.497020526485301671e+05
3.530329946426077513e+05
3.563503334205018473e+05
3.596540936116492958e+05
3.629442996295980411e+05
3.662209757047375897e+05
3.694841459140191437e+05
3.727338342079641297e+05
3.759700644352483214e+05
3.791928603650709265e+05
3.824022457075644052e+05
3.855982441323944950e+05
3.887808792857443332e+05
3.919501748058330850e+05
3.951061543370840955e+05
3.982488415430908208e+05
4.013782601184677915e+05
4.044944337996959803e+05
4.075973863750454620e+05
4.106871416936527239e+05
4.137637236738305655e+05
4.168271563106669928e+05
4.198774636829746305e+05
4.229146699596475228e+05
4.259387994054638548e+05
4.289498763863868662e+05
4.319479253743948066e+05
4.349329709518883028e+05
4.379050378156900988e+05
4.408641507806831505e+05
4.438103347831071005e+05
4.467436148835342610e+05
4.496640162695599138e+05
4.525715642582091386e+05
4.554662842980977148e+05
4.583482019713594345e+05
4.612439180581460823e+05
4.641003135156380013e+05
4.669439822603976936e+05
4.697749504864889896e+05
4.725932445256932406e+05
4.753988908484245185e+05
4.781919160644883523e+05
4.809723469236937235e+05
4.837402103163395077e+05
4.864955332735580741e+05
4.892383429675501538e+05
4.919686667117051547e+05
4.946865319606064586e+05
4.973919663099513855e+05
5.000849974963591085e+05
5.027656533970997552e+05
5.054339620297371293e+05
5.080899515516856336e+05
5.107336502596971113e+05
5.133650865892707952e+05
5.159842891139973071e+05
5.185912865448343218e+05
5.211861077293213457e+05
