nan
4.040019054265494105e+03
4.188217156132831406e+03
4.338046424106515587e+03
4.489503468119447462e+03
4.642585026420176291e+03
4.797287860816119974e+03
4.953608670589143912e+03
5.111544027219284544e+03
5.271090325761529130e+03
5.432243748774872984e+03
5.596640233856394843e+03
5.761011142863319947e+03
5.926976211411447366e+03
6.094530554549642147e+03
6.263668998658643432e+03
6.434386075830219852e+03
6.606676020447170231e+03
6.780532767478778624e+03
6.955949952141644644e+03
7.132920910667260614e+03
7.311438681980799629e+03
7.491496010141349871e+03
7.673085347426436783e+03
7.856198857967477124e+03
8.040828421862549476e+03
8.226965639705907961e+03
8.414601837482392511e+03
8.603728071786115834e+03
8.794335135327228272e+03
8.986413562695963265e+03
9.179953636357116920e+03
9.374945392851161159e+03
9.571378629180833741e+03
9.769242909363878425e+03
9.968527571134362006e+03
1.016922173277639195e+04
1.037131430007514246e+04
1.057479397337089176e+04
1.077964925470299568e+04
1.098586845503096811e+04
1.119343970152064685e+04
1.140235094488431059e+04
1.161258996676339848e+04
1.182414438714365497e+04
1.203700167179273012e+04
1.225114913971042733e+04
1.246657397058269999e+04
1.268326321223044579e+04
1.290120378804503889e+04
1.311806299744250646e+04
1.333845698861985693e+04
1.356006248443304867e+04
1.378286598771135687e+04
1.400685391331583560e+04
1.423201259535893769e+04
1.445832829436159409e+04
1.468578720434300521e+04
1.491437545983832206e+04
1.514407914284018989e+04
1.537488428965988351e+04
1.560677689770477809e+04
1.583974293216874685e+04
1.607376833263240042e+04
1.630883901957063244e+04
1.654494090076501016e+04
1.678205987761876167e+04
1.702018185137253022e+04
1.725929272921918528e+04
1.749937843031600278e+04
1.774042489169258624e+04
1.798241807405467625e+04
1.822534396748068320e+04
1.846918859701172187e+04
1.871393802813288858e+04
1.895957837214637038e+04
1.920609579143436349e+04
1.945347650461178637e+04
1.970170679156822735e+04
1.995077299839784246e+04
2.020066154221746910e+04
2.045135891587183869e+04
2.070285169252548803e+04
2.095512653014111493e+04
2.120817017584369023e+04
2.146196947016994818e+04
2.171651135120292747e+04
2.197178285859153402e+04
2.222777113745415045e+04
2.248446344216661964e+04
2.274184714003416593e+04
2.299990971484730471e+04
2.325863877032100572e+04
2.351802203341769200e+04
2.377804735755332149e+04
2.403870272568691507e+04
2.429997625329258881e+04
2.456185619121508716e+04
2.482433092840718018e+04
2.509085017772492938e+04
2.535446806207550617e+04
2.561864696603638004e+04
2.588337585485306408e+04
2.614864384371876440e+04
2.641444019980186204e+04
2.668075434415188283e+04
2.694757585348272914e+04
2.721489446183141990e+04
2.748270006209218263e+04
2.775098270742430395e+04
2.801973261253305463e+04
2.828894015482127725e+04
2.855859587541237124e+04
2.882869048004251454e+04
2.909921483982100472e+04
2.937015999185854889e+04
2.964151713976214160e+04
2.991327765399673081e+04
3.018543307211229330e+04
3.045797509883704697e+04
3.073089560603537393e+04
3.100418663254159765e+04
