nan
1.154961707207695435e+05
1.194858991163861792e+05
1.235014142057037534e+05
1.275137598590503330e+05
1.315084960854216479e+05
1.354767408405841561e+05
1.394124876455912308e+05
1.433114818414690380e+05
1.471706415716393094e+05
1.509877151138084591e+05
1.548172999881946307e+05
1.585454363770435157e+05
1.622278043296379328e+05
1.658638222120647551e+05
1.694531107892797736e+05
1.729954473315003270e+05
1.764907306325447862e+05
1.799389541995848704e+05
1.833401856245924719e+05
1.866945506661105319e+05
1.900022209390550561e+05
1.932634043789909338e+05
1.964783378461802204e+05
1.996472813835891720e+05
2.027705137554800604e+05
2.058483289786969544e+05
2.088810336240652832e+05
2.118689447154203372e+05
2.148123880923728284e+05
2.177116971326888597e+05
2.205672117532168631e+05
2.233792776261844847e+05
2.261482455615913495e+05
2.288744710172507330e+05
2.315583137064804614e+05
2.342001372800589306e+05
2.368003090642093739e+05
2.393591998404352635e+05
2.418771836561989330e+05
2.443546376579224598e+05
2.467919419397512975e+05
2.491894794030454068e+05
2.515476356227853103e+05
2.538667987180026830e+05
2.561473592241136066e+05
2.583897099655875936e+05
2.605942459278606984e+05
2.627613641277386923e+05
2.648914634818232735e+05
2.669688438616205240e+05
2.690262199252726277e+05
2.710477882974407985e+05
2.730339536936738878e+05
2.749851220701815910e+05
2.769017004764951416e+05
2.787840969069136772e+05
2.806327201509920415e+05
2.824479796433271840e+05
2.842302853129357100e+05
2.859800474324977258e+05
2.876976764677483588e+05
2.893835829273050185e+05
2.910381772131843609e+05
2.926618694722892833e+05
2.942550694491016911e+05
2.958181863398282439e+05
2.973516286482212599e+05
2.988558040432931157e+05
3.003311192191140144e+05
3.017779797568895738e+05
3.031967899894902366e+05
3.045879528685839032e+05
3.059518698345317389e+05
3.072889406891694525e+05
3.085995634716064087e+05
3.098841343371479306e+05
3.111430474394384073e+05
3.123766948159195599e+05
3.135854662766740657e+05
3.147697492967270082e+05
3.159299289118603338e+05
3.170663876179883955e+05
3.181795052741348627e+05
3.192696590090410318e+05
3.203372231314250967e+05
3.213825690439175232e+05
3.224060651606657193e+05
3.234080768286185339e+05
3.243889662524856976e+05
3.253490924233527039e+05
3.262888110509375110e+05
3.272084744994692737e+05
3.281084317271561013e+05
3.289890282292064512e+05
3.298506059843769181e+05
3.306935034049915848e+05
3.315180552903954522e+05
3.323245927837934578e+05
3.331148239909012336e+05
3.338861701497977483e+05
3.346404753687920747e+05
3.353780557869118056e+05
3.360992237189240404e+05
3.368042876313330489e+05
3.374935521213372122e+05
3.381673178986726562e+05
3.388258817702736123e+05
3.394695366276821005e+05
3.400985714371270733e+05
3.407132712322078878e+05
3.413139171091027092e+05
3.419007862242279225e+05
3.424741517942764913e+05
3.430342830985573819e+05
3.435814454835611978e+05
3.441159003696781001e+05
3.446379052599907736e+05
3.451477137510707253e+05
3.456455755457004416e+05
3.461317364674476557e+05
3.466064384770219331e+05
