nan
4.029674158264815560e+03
4.172899184516508285e+03
4.316480356056575147e+03
4.460192111274273884e+03
4.603937825325522681e+03
4.747664858119948804e+03
4.891340316085234008e+03
5.034941677743282526e+03
5.178452472225118981e+03
5.321860039467999741e+03
5.466981047428014790e+03
5.610141673244318554e+03
5.753175259101637494e+03
5.896075414164552967e+03
6.038836613240290717e+03
6.181454012766870619e+03
6.323923319525283659e+03
6.466240694349803562e+03
6.608402679720463311e+03
6.750406144055391451e+03
6.892248237940687432e+03
7.033926359067391786e+03
7.175438123640068625e+03
7.316781342680813395e+03
7.457954002100543221e+03
7.598954245715904108e+03
7.739780360604755515e+03
7.880430764346790966e+03
8.020903993805291066e+03
8.161198695185073120e+03
8.301313615161237976e+03
8.441247592916331996e+03
8.580999552956700427e+03
8.720568498603779517e+03
8.859953506074713005e+03
8.999153719082374664e+03
9.138168343895436919e+03
9.276996644809209101e+03
9.415637939984726472e+03
9.554091597619688400e+03
9.692357032419626194e+03
9.830433702341726530e+03
9.968321105586899648e+03
1.010601877781851908e+04
1.024352628958860987e+04
1.038084324395422118e+04
1.051796927426863112e+04
1.065490404213305192e+04
1.079164723549652990e+04
1.092647792612368903e+04
1.106282946984556656e+04
1.119898897401356226e+04
1.133495619688555416e+04
1.147073091679393474e+04
1.160631293079823445e+04
1.174170205343648922e+04
1.187689811556724817e+04
1.201190096329518383e+04
1.214671045697362024e+04
1.228132647027822168e+04
1.241574888934612136e+04
1.254997761197576256e+04
1.268401254688261179e+04
1.281785361300686782e+04
1.295150073886898645e+04
1.308495386196978507e+04
1.321821292823154363e+04
1.335127789147744079e+04
1.348414871294641489e+04
1.361682536084057938e+04
1.374930780990365747e+04
1.388159604102730191e+04
1.401369004088409565e+04
1.414558980158475970e+04
1.427729532035819102e+04
1.440880659925282271e+04
1.454012364485752551e+04
1.467124646804086478e+04
1.480217508370752330e+04
1.493290951057053462e+04
1.506344977093840862e+04
1.519379589051603944e+04
1.532394789821847917e+04
1.545390582599669688e+04
1.558366970867464806e+04
1.571323958379666692e+04
1.584261549148470294e+04
1.597179747430467432e+04
1.610078557714113958e+04
1.622957984708026015e+04
1.635818033329980608e+04
1.648658708696640315e+04
1.661480016113907550e+04
1.674281961067888915e+04
1.687064549216438172e+04
1.699827786381207625e+04
1.712571678540214634e+04
1.725296231820863613e+04
1.738138269564074653e+04
1.750824766068418830e+04
1.763491929216341305e+04
1.776139766074928411e+04
1.788768283816106850e+04
1.801377489712621900e+04
1.813967391134330319e+04
1.826537995544643127e+04
1.839089310497264523e+04
1.851621343633083961e+04
1.864134102677295959e+04
1.876627595436673437e+04
1.889101829797040773e+04
1.901556813720877835e+04
1.913992555245102631e+04
1.926409062478961641e+04
1.938806343602082416e+04
1.951184406862632386e+04
1.963543260575604654e+04
1.975882913121196907e+04
1.988203372943315480e+04
2.000504648548142359e+04
2.012786748503003764e+04
