nan
1.164197815593379928e+05
1.206729149528600683e+05
1.249636893717051717e+05
1.292938685493130470e+05
1.336650662135221937e+05
1.380788352347004402e+05
1.425366475549913011e+05
1.470398389354189858e+05
1.515895533177338075e+05
1.561867047878287267e+05
1.608870285793376388e+05
1.655807510677374667e+05
1.703233220227933198e+05
1.751147673789612600e+05
1.799549760296407912e+05
1.848437324683757906e+05
1.897807455890308484e+05
1.947656724381029780e+05
1.997981367975156754e+05
2.048777430801135197e+05
2.100040862838771718e+05
2.151767588038046670e+05
2.203953548396484402e+05
2.256594730273948517e+05
2.309687178003985318e+05
2.363226998721805576e+05
2.417210361354990455e+05
2.471633491934306803e+05
2.526492666767604242e+05
2.581784204553742602e+05
2.637504458168722922e+05
2.693649806604676414e+05
2.750216647363796947e+05
2.807201389482780942e+05
2.864600447277203202e+05
2.922410234836597228e+05
2.980627161262966110e+05
3.039247626621699892e+05
3.098268018559715129e+05
3.157684709538293537e+05
3.217494054625806166e+05
3.277692389795080526e+05
3.338276030672749039e+05
3.399241271690785652e+05
3.460584385594184860e+05
3.522301623262516223e+05
3.584389213807300548e+05
3.646843364910469390e+05
3.709660263373072958e+05
3.771955548474121024e+05
3.835486639412743971e+05
3.899368951081687701e+05
3.963598593011935591e+05
4.028171659064445994e+05
4.093084228735689539e+05
4.158332368534028064e+05
4.223912133414308773e+05
4.289819568259540829e+05
4.356050709399592015e+05
4.422601586158171995e+05
4.489468222419937374e+05
4.556646638210939127e+05
4.624132851285770303e+05
4.691922878716002451e+05
4.760012738474580692e+05
4.828398451011998695e+05
4.897076040819764603e+05
4.966041537977876142e+05
5.035290979682882316e+05
5.104820411753698718e+05
5.174625890112447087e+05
5.244703482238284778e+05
5.315049268591918517e+05
5.385659344009071356e+05
5.456529819061349845e+05
5.527656821383085335e+05
5.599036496962952660e+05
5.670665011399105424e+05
5.742538551117335446e+05
5.814653324551120168e+05
5.887005563282939838e+05
5.959591523146765539e+05
6.032407485290662153e+05
6.105449757199888118e+05
6.178714673679661937e+05
6.252198597798062256e+05
6.325897921788484091e+05
6.399809067912197206e+05
6.473928489280670183e+05
6.548252670638290001e+05
6.622778129105264088e+05
6.697501414881383535e+05
6.772419111910916399e+05
6.847527838508720743e+05
6.922824247948512202e+05
6.998305029013450257e+05
7.073966906509643886e+05
7.149806641743216896e+05
7.227004400437902659e+05
7.303186056764025707e+05
7.379535996433164692e+05
7.456051140369799687e+05
7.532728447316202801e+05
7.609564914130661637e+05
7.686557576052622171e+05
7.763703506935187615e+05
7.840999819446069887e+05
7.918443665237480309e+05
7.996032235086160945e+05
8.073762759004220134e+05
8.151632506321299588e+05
8.229638785739644663e+05
8.307778945362031227e+05
8.386050372693978716e+05
8.464450494620797690e+05
8.542976777360251872e+05
8.621626726391835837e+05
8.700397886363160796e+05
8.779287840974475257e+05
8.858294212841971312e+05
8.937414663340164116e+05
