nan
1.369775089827239281e+06
1.470639973514577374e+06
1.539721078098546714e+06
1.598681100178212393e+06
1.653185461744349217e+06
1.705236149262918858e+06
1.755689048768571345e+06
1.804961371081756428e+06
1.853277107601395110e+06
1.900765843228391604e+06
1.948011799581158906e+06
1.994075074321686989e+06
2.039474216138138203e+06
2.084234234650738537e+06
2.128373357362214942e+06
2.171905329252154101e+06
2.214840858247955795e+06
2.257188550583361182e+06
2.298955531260614749e+06
2.340147864400818944e+06
2.380770843143385369e+06
2.420829192592853680e+06
2.460327213688443881e+06
2.499268886289376300e+06
2.537657943745288998e+06
2.575497927345470060e+06
2.612792226492043119e+06
2.649544108730006032e+06
2.685756742592873517e+06
2.721433215401179623e+06
2.756576547565521672e+06
2.791189704520767555e+06
2.825275607105044648e+06
2.858837140963383019e+06
2.891877165380066726e+06
2.924398521810384467e+06
2.956404042281710543e+06
2.987896557757769711e+06
3.018878906503261998e+06
3.049353942444712855e+06
3.079324543494073674e+06
3.108793619782017078e+06
3.137764121735831723e+06
3.166239047930859495e+06
3.194221452643006574e+06
3.221714453032165766e+06
3.248721235891153570e+06
3.275245063901618589e+06
3.301289281346211210e+06
3.326661055747252423e+06
3.351759055583680980e+06
3.376388053545775358e+06
3.400551760589535348e+06
3.424253988773196470e+06
3.447498653119962662e+06
3.470289772828344721e+06
3.492631471844054293e+06
3.514527978813018184e+06
3.535983626439862885e+06
3.557002850280232262e+06
3.577590186998561956e+06
3.597750272125590593e+06
3.617487837351731490e+06
3.636807707393832970e+06
3.655714796473612078e+06
3.674214104446376674e+06
3.692310712618533988e+06
3.710009779291869141e+06
3.727316535071802791e+06
3.744236277975768317e+06
3.760774368376441300e+06
3.776936223813259043e+06
3.792727313703820575e+06
3.808153153985224664e+06
3.823219301713419147e+06
3.837931349646946415e+06
3.852294920839405619e+06
3.866315663263252936e+06
3.879999244485536590e+06
3.893351346414424479e+06
3.906377660133582074e+06
3.919083880839636084e+06
3.931475702896434348e+06
3.943558815018047579e+06
3.955338895591058768e+06
3.966821608145175502e+06
3.978012596979847644e+06
3.988917482953268569e+06
3.999541859438980930e+06
4.009891288454146590e+06
4.019971296962499153e+06
4.029787373354102951e+06
4.039344964103047736e+06
4.048649470603517257e+06
4.057706246183837298e+06
4.066520593297523912e+06
4.075097760889675934e+06
4.083442941936557647e+06
4.091611509185907431e+06
4.099506021711152047e+06
4.107183813742689788e+06
4.114649832638553809e+06
4.121908959956826176e+06
4.128966009967326187e+06
4.135825728310638573e+06
4.142492790799891576e+06
4.148971802360408474e+06
4.155267296102402266e+06
4.161383732521760277e+06
4.167325498823845759e+06
4.173096908365410753e+06
4.178702200209460687e+06
4.184145538788157050e+06
4.189431013668713626e+06
4.194562639417423867e+06
4.199544355556881987e+06
4.204380026611668058e+06
4.209073442237762734e+06
4.213628317431058735e+06
4.218048292810546234e+06
4.222336934971616603e+06
