nan
1.007092960345485772e+05
1.112282108479550225e+05
1.185815570777086687e+05
1.244342984666660777e+05
1.295419161897139275e+05
1.342282015783170064e+05
1.386480370272498694e+05
1.428830757144268136e+05
1.469798509783271875e+05
1.509665926763167663e+05
1.549150624506843742e+05
1.587302888842784741e+05
1.624737269972964714e+05
1.661513128066635109e+05
1.697674021717775322e+05
1.733252738870233879e+05
1.768274546273517481e+05
1.802759347390256298e+05
1.836723150923258800e+05
1.870179092122401344e+05
1.903138156946343661e+05
1.935609704512594908e+05
1.967601849943008274e+05
1.999121748878303915e+05
2.030175811616487626e+05
2.060769866140443773e+05
2.090909283523930353e+05
2.120599075300213299e+05
2.149843969695170235e+05
2.178648471757715452e+05
2.207016911100149155e+05
2.234953480016982066e+05
2.262462264067650831e+05
2.289547266708964016e+05
2.316212429193810676e+05
2.342461646677470417e+05
2.368298781265390862e+05
2.393727672579047503e+05
2.418752146296147548e+05
2.443376021028505929e+05
2.467603113829080830e+05
2.491437244563040149e+05
2.514882239333761972e+05
2.537941933119242894e+05
2.560620171746784763e+05
2.582920813311224338e+05
2.604847729124094476e+05
2.626404804266545689e+05
2.647595937806898146e+05
2.668263796625250834e+05
2.688736616829641280e+05
2.708855295340010780e+05
2.728623781080791960e+05
2.748046034800077905e+05
2.767126028098009992e+05
2.785867742354371003e+05
2.804275167572383070e+05
2.822352301153481239e+05
2.840103146615926526e+05
2.857531712268519332e+05
2.874642009849328897e+05
2.891438053138079122e+05
2.907923856549944030e+05
2.924103433717486332e+05
2.939980796066751354e+05
2.955559951392882504e+05
2.970844902440033038e+05
2.985839645489695249e+05
3.000548168961293413e+05
3.014974452028408414e+05
3.029122463253529277e+05
3.042996159244041773e+05
3.056599483331820229e+05
3.069936364278525580e+05
3.083010715008375118e+05
3.095826431370170903e+05
3.108387390929854591e+05
3.120697451794975204e+05
3.132760451472104178e+05
3.144580205758106313e+05
3.156160507666108315e+05
3.167505126386810443e+05
3.178617806285655242e+05
3.189502265936345793e+05
3.200162197191001615e+05
3.210601264287155936e+05
3.220823102991840569e+05
3.230831319782710052e+05
3.240629491066279588e+05
3.250221162433124264e+05
3.259609847949925461e+05
3.268799029488200904e+05
3.277792156089314376e+05
3.286592643365623662e+05
3.295203872937232954e+05
3.303629191904060426e+05
3.311871912352701765e+05
3.319935310897618765e+05
3.327876079131232691e+05
3.335588950392497354e+05
3.343132140347737004e+05
3.350508779539073585e+05
3.357721961231289897e+05
3.364774741147303721e+05
3.371670137233732967e+05
3.378411129455822520e+05
3.385000659620973165e+05
3.391441631230243947e+05
3.397736909357016557e+05
3.403889320552119170e+05
3.409901652774675749e+05
3.415776655347891501e+05
3.421517038939053891e+05
3.427125475562948268e+05
3.432604598607998341e+05
3.437957002884320682e+05
3.443185244692903361e+05
3.448291841915276600e+05
3.453279274122775532e+05
3.458149982704776921e+05
3.462906371015076293e+05
