nan
4.038057041309240049e+03
4.179117147149378980e+03
4.315980004163892772e+03
4.449655013412815606e+03
4.582495457178409197e+03
4.716700996731917257e+03
4.853138296607015036e+03
4.991519946692569647e+03
5.131163572638727601e+03
5.271464227162269708e+03
5.412009417522948752e+03
5.552544424782585338e+03
5.692914457774553739e+03
5.833021202338694820e+03
5.972796916937200876e+03
6.112191100629400353e+03
6.251164413731863533e+03
6.389686049853196891e+03
6.527732399535934746e+03
6.665286035997215549e+03
6.802334718416808755e+03
6.938870392732274922e+03
7.074888248574751742e+03
7.210385885935736042e+03
7.345362619145536883e+03
7.479818922699741961e+03
7.613756008725513311e+03
7.747175518307674793e+03
7.880079306160009764e+03
8.012469298350793906e+03
8.144347404697725324e+03
8.275715470198798357e+03
8.406575252898495819e+03
8.536928418526556925e+03
8.666776544858264970e+03
8.796121130915615140e+03
8.924963607830926776e+03
9.053305349460155412e+03
9.181147681726095470e+03
9.308491890267509007e+03
9.435339226342282927e+03
9.561690911144509300e+03
9.687548138798394575e+03
9.812912078324303366e+03
9.937783874862429002e+03
1.006216465040624280e+04
1.018605550425428737e+04
1.030945751334262604e+04
1.043237173257665017e+04
1.055479919524223442e+04
1.067674091354396478e+04
1.079819787929233826e+04
1.091917106474236061e+04
1.103966142357206081e+04
1.115966989198037118e+04
1.127919738987863275e+04
1.139824482214798809e+04
1.151681307993508199e+04
1.163490304196041325e+04
1.175251557581650559e+04
1.186965153923660546e+04
1.198631178131821798e+04
1.210249714368951936e+04
1.221820846160997644e+04
1.233344656499968369e+04
1.244821227939446180e+04
1.256250642682603575e+04
1.267632982662840186e+04
1.278968329617282143e+04
1.290256765153482775e+04
1.301498370809779954e+04
1.312693228109729353e+04
1.323841418611121662e+04
1.334943023950067254e+04
1.345998125880627231e+04
1.357006806310444153e+04
1.367969147332806642e+04
1.378885231255541112e+04
1.389755140627094988e+04
1.400578958260136460e+04
1.411356767252963618e+04
1.422088651008975103e+04
1.432774693254430895e+04
1.443414978054695712e+04
1.454009589829129618e+04
1.464558613364775010e+04
1.475062133828952938e+04
1.485520236780878804e+04
1.495933008182379672e+04
1.506300534407785563e+04
1.516622902253058965e+04
1.526900198944209842e+04
1.537132512145041983e+04
1.547319929964267976e+04
1.557462540962023013e+04
1.567560434155805160e+04
1.577613699025869755e+04
1.587622425520095749e+04
1.597586704058347823e+04
1.607506625536351748e+04
1.617382281329101534e+04
1.627213763293814554e+04
1.637001163772454674e+04
1.646744575593834816e+04
1.656444092075321169e+04
1.666099807024149413e+04
1.675711814738372777e+04
1.685280210007455753e+04
1.694805088112529847e+04
1.704286544826324098e+04
1.713724676412790359e+04
1.723119579626430277e+04
1.732471351711346142e+04
1.741780090400025438e+04
1.751045893911869280e+04
1.760268860951487295e+04
1.769449090706760398e+04
1.778586682846691474e+04
1.787681737519050512e+04
1.796734355347831661e+04
1.805744637430523653e+04
