nan
1.437043418984032935e+06
1.487175442258147057e+06
1.537744731514697196e+06
1.588291767394955270e+06
1.638583405754857929e+06
1.688481693135848735e+06
1.737900319400810637e+06
1.786784332292146282e+06
1.835098873870606069e+06
1.882822314488369506e+06
1.930574809569444275e+06
1.977087554656086490e+06
2.022985474026295589e+06
2.068268602774111088e+06
2.112938683870123234e+06
2.156998581897973549e+06
2.200451882589129731e+06
2.243302619744294323e+06
2.285555089584143367e+06
2.327213725110526662e+06
2.368283011631140951e+06
2.408767430490343366e+06
2.448671422108716331e+06
2.487999362239529379e+06
2.526755547289568931e+06
2.564944185891259927e+06
2.602569394834270701e+06
2.639635198094713036e+06
2.676145528126433026e+06
2.712104228863111231e+06
2.747515060065651778e+06
2.782381702767119277e+06
2.816707765639314894e+06
2.850496792146037798e+06
2.883752268369381782e+06
2.916477631404587068e+06
2.948676278221137356e+06
2.980351574886912480e+06
3.011506866050236393e+06
3.042145484573264606e+06
3.072270761210263707e+06
3.101886034226012882e+06
3.130994658853379078e+06
3.159600016494408250e+06
3.187705523576362059e+06
3.215314639982413035e+06
3.242430876985785086e+06
3.269057804626047146e+06
3.295199058476405218e+06
3.320685745714535005e+06
3.345868504740817472e+06
3.370577019546456169e+06
3.394815235736645292e+06
3.418587188431916758e+06
3.441897004826282617e+06
3.464748906046947930e+06
3.487147208332412411e+06
3.509096323551412672e+06
3.530600759089650586e+06
3.551665117135328706e+06
3.572294093397418503e+06
3.592492475293235388e+06
3.612265139643504750e+06
3.631617049914418254e+06
3.650553253046751022e+06
3.669078875912379939e+06
3.687199121438209899e+06
3.704919264437018894e+06
3.722244647183699068e+06
3.739180674774355255e+06
3.755732810304178391e+06
3.771906569898511749e+06
3.787707517629875336e+06
3.803141260351803619e+06
3.818213442478582263e+06
3.832929740737965796e+06
3.847295858922102023e+06
3.861317522659876384e+06
3.875000474232050125e+06
3.888350467448630370e+06
3.901373262606093660e+06
3.914074621540309861e+06
3.926460302789344918e+06
3.938536056878594682e+06
3.950307621739234775e+06
3.961780718269422650e+06
3.972961046046351548e+06
3.983854279195915442e+06
3.994466062425498385e+06
4.004802007224278990e+06
4.014867688234423753e+06
4.024668639795478433e+06
4.034210352663394529e+06
4.043498270904863253e+06
4.052537788966780528e+06
4.061334248920052312e+06
4.069892937876282260e+06
4.078219085575392470e+06
4.086317074158816598e+06
4.094191702639811672e+06
4.101849153400415555e+06
4.109294405546525028e+06
4.116532371186897159e+06
4.123567893982368987e+06
4.130405747841080651e+06
4.137050635755032301e+06
4.143507188773386180e+06
4.149779965107643977e+06
4.155873449363808148e+06
4.161792051896611229e+06
4.167540108280828223e+06
4.173121878894709516e+06
4.178541548610562924e+06
4.183803226587557234e+06
4.188910946161842439e+06
4.193868664829193149e+06
4.198680264315380715e+06
4.203349550729621202e+06
4.207880254796504974e+06
4.212276032161928713e+06
4.216540463768665679e+06
