nan
1.309602585314313881e+06
1.420453263816031395e+06
1.501261528445793549e+06
1.568892558816353558e+06
1.630350389746520901e+06
1.688521084418416023e+06
1.744754526700336952e+06
1.799752237996283686e+06
1.853910019219474401e+06
1.907466122428614879e+06
1.961247029554876732e+06
2.014020026239277795e+06
2.066508238289255416e+06
2.118760575447015464e+06
2.170812471968501341e+06
2.222690161035551690e+06
2.274413427592861000e+06
2.325997431017922703e+06
2.377453941080312710e+06
2.428792193431566469e+06
2.480019492217411753e+06
2.531141640895588789e+06
2.582163254062937573e+06
2.633087985461391509e+06
2.683918696081224363e+06
2.734657578946858644e+06
2.785306252294778358e+06
2.835865829548999667e+06
2.886336972218670882e+06
2.936719930239329580e+06
2.987014573132603895e+06
3.037220414524509106e+06
3.087336631944786757e+06
3.137362083365681116e+06
3.187295321584527381e+06
3.237134607281441335e+06
3.286877921370604075e+06
3.336522977096295450e+06
3.386067232193026692e+06
3.435507901324890088e+06
3.484841968937193044e+06
3.534066202588918153e+06
3.583177166784880683e+06
3.632171237288174219e+06
3.681044615865171421e+06
3.729793345394984353e+06
3.778413325261304621e+06
3.826900326936120633e+06
3.875250009660416748e+06
3.923013302197621670e+06
3.971069585059448611e+06
4.018975312683745753e+06
4.066725837437156122e+06
4.114316476951211691e+06
4.161742528417797294e+06
4.208999282419789582e+06
4.256082036241706461e+06
4.302986106613419019e+06
4.349706841848096810e+06
4.396239633343284950e+06
4.442579926421519369e+06
4.488723230493514799e+06
4.534665128533743322e+06
4.580401285863632336e+06
4.625927458243264817e+06
4.671239499277037568e+06
4.716333367142897099e+06
4.761205130658592097e+06
4.805850974701379426e+06
4.850267205000477843e+06
4.894450252323635854e+06
4.938396676081215031e+06
4.982103167372439057e+06
5.025566551499681547e+06
5.068783789977433160e+06
5.111751982063103467e+06
5.154468365836908109e+06
5.196930318858490326e+06
5.239135358427228406e+06
5.281081141473341733e+06
5.322765464106103405e+06
5.364186260844911449e+06
5.405341603558444418e+06
5.446229700136034749e+06
5.486848892914664932e+06
5.527197656884270720e+06
5.567274597692587413e+06
5.607078449470326304e+06
5.646608072496083565e+06
5.685862450719498098e+06
5.724840689160278067e+06
5.763542011199471541e+06
5.801965755778576247e+06
5.840111374521030113e+06
5.877978428789646365e+06
5.915566586692680605e+06
5.952875620050366037e+06
5.989905401332790032e+06
6.026976380829990841e+06
6.063447268874670379e+06
6.099639042893217877e+06
6.135551949535055086e+06
6.171186320598635823e+06
6.206542569986009970e+06
6.241621190683881752e+06
6.276422751776673831e+06
6.310947895496198907e+06
6.345197334312345833e+06
6.379171848068405874e+06
6.412872281164522283e+06
6.446299539791970514e+06
6.479454589221054688e+06
6.512338451144446619e+06
6.544952201078142971e+06
6.577296965821209364e+06
6.609373920975784771e+06
6.641184288528184406e+06
6.672729334491804242e+06
6.704010366612368263e+06
6.735028732135781087e+06
6.765785815638683736e+06
