0.000000000000000000e+00
1.416694304555364397e+04
5.033899343728194071e+04
1.119768173212961410e+05
2.009519949308607029e+05
3.182148183776315418e+05
4.641091734724319540e+05
6.385562216695352690e+05
8.411741956690358929e+05
1.071361910423623398e+06
1.328359500967378495e+06
1.611548514343743213e+06
1.919712694672677666e+06
2.251847902920396999e+06
2.606918946465287358e+06
2.983875695722530596e+06
3.381665649679785594e+06
3.799243704454405699e+06
4.235579700543116778e+06
4.689664195392001420e+06
5.160512812317139469e+06
5.647169444545334205e+06
6.148708537597558461e+06
6.664236629936525598e+06
7.192893297648250125e+06
7.733851621729105711e+06
8.286318274713490158e+06
8.849533305727569386e+06
9.422769688709544018e+06
1.000533268682418577e+07
1.059655907649999484e+07
1.119581626662619039e+07
1.180250134194391407e+07
1.241604005429753475e+07
1.303588578097367100e+07
1.366151846568306722e+07
1.429244355470013432e+07
1.492819093815783970e+07
1.556831390441255085e+07
1.621238811367063224e+07
1.686001059564588964e+07
1.751079877484378591e+07
1.816438952610348538e+07
1.882043826223726571e+07
1.947861805496012792e+07
2.013861878977637738e+07
2.080014635506442562e+07
2.146292186525948346e+07
2.212668091776170954e+07
2.279117288298357278e+07
2.345615640739452466e+07
2.412141241690208390e+07
2.478672754523595050e+07
2.545189967969457060e+07
2.611673740326597542e+07
2.678105946407184750e+07
2.744469427101710439e+07
2.810747941452813148e+07
2.876926121127320826e+07
2.942989427177645266e+07
3.008924108986048773e+07
3.074717165288114548e+07
3.140356307174915820e+07
3.205829922976777703e+07
3.271127044935081899e+07
3.336237317572219670e+07
3.401150967673517764e+07
3.465858775798656791e+07
3.530352049243793637e+07
3.594622596379230171e+07
3.658662702291011065e+07
3.722465105658308417e+07
3.786022976801792532e+07
3.849329896841449291e+07
3.912379837905410677e+07
3.975167144334383309e+07
4.037686514829133451e+07
4.099932985491234064e+07
4.161901913709921390e+07
4.223588962850409746e+07
4.284990087701390684e+07
4.346101520641739666e+07
4.406919758488576859e+07
4.467441549990906566e+07
4.527663883934979141e+07
4.587583977829371393e+07
4.647199267139519006e+07
4.706507395043089986e+07
4.765506202679136395e+07
4.824193719865455478e+07
4.882568156259967387e+07
4.940627892943248153e+07
4.998371474400603026e+07
5.055797600883224607e+07
5.112905121129122376e+07
5.169693025425524265e+07
5.226160438995469362e+07
5.282306615692230314e+07
5.338130931986095011e+07
5.393629655381190777e+07
5.448805613079245389e+07
5.503658517067276686e+07
5.558188180490094423e+07
5.612394512896565348e+07
5.666277515701232105e+07
5.719837277850767970e+07
5.773073971685287356e+07
5.825987848985069990e+07
5.878579237193739414e+07
5.930848535809413344e+07
5.982796212935786694e+07
6.034422801985521615e+07
6.085728898528712988e+07
6.136715157279577851e+07
6.187382289214848727e+07
6.237731058817724138e+07
6.287762281441494823e+07
6.337476820787296444e+07
6.386875586490716040e+07
6.435959531812226027e+07
6.484729651426694542e+07
6.533186979307448119e+07
