0.000000000000000000e+00
4.519198877056503534e+02
6.105362510164196465e+03
2.907704750562362460e+04
8.617959747928431898e+04
1.918553212604416767e+05
3.524263043596638599e+05
5.662837869759978494e+05
8.278055784019087441e+05
1.130649636449528392e+06
1.469114815042142523e+06
1.838332628744373797e+06
2.234096156041838229e+06
2.652683237711719703e+06
3.090759305593872909e+06
3.545344154121078085e+06
4.013805957045037765e+06
4.493855053963851184e+06
4.983525591886660084e+06
5.481144612388699315e+06
5.985293472806097940e+06
6.494767287805398926e+06
7.008536743587503210e+06
7.525714811579897068e+06
8.045529343528315425e+06
8.567301477283405140e+06
9.090429181015500799e+06
9.614374998120134696e+06
1.013865701228000224e+07
1.066284214138976857e+07
1.118654102376234345e+07
1.170940393424837850e+07
1.223111733245643973e+07
1.275140078426733427e+07
1.327000410522257350e+07
1.378670465062674694e+07
1.430130472657047212e+07
1.481362912435551733e+07
1.532352279388985038e+07
1.583084867469482496e+07
1.633548570033191331e+07
1.683732698630499467e+07
1.733627820484401286e+07
1.783225614367041737e+07
1.832518744055852294e+07
1.881500748152322695e+07
1.930165944781589508e+07
1.978509349548054487e+07
2.026526605082056299e+07
2.074213920553110167e+07
2.121568019624622166e+07
2.168586095463376865e+07
2.215265771577487513e+07
2.261605067425211892e+07
2.307602367903517559e+07
2.353256395982075855e+07
2.398566187890546396e+07
2.443531070391825587e+07
2.488150639780351147e+07
2.532424742332772538e+07
2.576353456009447947e+07
2.619937073260974139e+07
2.663176084836265072e+07
2.706071164519689605e+07
2.748623154746444523e+07
2.790833053059626371e+07
2.832701999381056800e+07
2.874231264072274044e+07
2.915422236763493344e+07
2.956276415927737951e+07
2.996795399175561965e+07
3.036980874243447557e+07
3.076834610646459088e+07
3.116358451963468641e+07
3.155554308721353486e+07
3.194424151843163744e+07
3.232970006624437869e+07
3.271193947201538831e+07
3.309098091476149857e+07
3.346684596460768953e+07
3.383955654011160880e+07
3.420913486913188547e+07
3.457560345293112099e+07
3.493898503322371840e+07
3.529930256189824641e+07
3.565657917316494137e+07
3.601083815789949894e+07
3.636210293997456878e+07
3.671039705439010262e+07
3.705574412703246623e+07
3.739816785590971261e+07
3.773769199372687191e+07
3.807434033168023080e+07
3.840813668436310440e+07
3.873910487568818033e+07
3.906726872574254870e+07
3.939265203850124031e+07
3.971527859033398330e+07
4.003517211924738437e+07
4.035235631481131911e+07
4.066685480872420967e+07
4.097869116597656161e+07
4.128788887657650560e+07
4.159447134780472517e+07
4.189846189696901292e+07
4.219988374463149905e+07
4.249876000828362256e+07
4.279511369644594193e+07
4.308896770317123830e+07
4.338034480293098092e+07
4.366926764586608857e+07
4.395575875338420272e+07
4.423984051408624649e+07
4.452153518000624329e+07
4.480086486314850301e+07
4.507785153230754286e+07
4.535251701015613973e+07
4.562488297058789432e+07
4.589497093630094826e+07
4.616280227661008388e+07
4.642839820547506213e+07
4.669177977973324805e+07
