0.000000000000000000e+00
1.028990741889410317e+08
1.877538168034790754e+08
2.524630580818738639e+08
3.049045454015145898e+08
3.498079123348953128e+08
3.897608948503333330e+08
4.262795243949556947e+08
4.603135116912114024e+08
4.924908754051409364e+08
5.232451861779907346e+08
5.531779478224250078e+08
5.819258766949021816e+08
6.099615076820114851e+08
6.374161865193915367e+08
6.643924677626800537e+08
6.909715770152370930e+08
7.172186426940085888e+08
7.431864451949535608e+08
7.689181559343280792e+08
7.944493729723616838e+08
8.198096571745386124e+08
8.450237074894132614e+08
8.701122713398472071e+08
8.950928578002219200e+08
9.199803020280548334e+08
9.447872161700179577e+08
9.695243526769276857e+08
9.942008993588243723e+08
1.018824720752068758e+09
1.043402556897535563e+09
1.067940188065834761e+09
1.092442572053347111e+09
1.116913959232231855e+09
1.141357989442116261e+09
1.165777773970923662e+09
1.190175965222468376e+09
1.214554816162281752e+09
1.238916231235544443e+09
1.263261810137250185e+09
1.287592885564827681e+09
1.311910555883772135e+09
1.336215713476046085e+09
1.360509069410913944e+09
1.384791174972145557e+09
1.409062440489037037e+09
1.433323151847681046e+09
1.457573485000494480e+09
1.481813518743366718e+09
1.506043245989589453e+09
1.530020442227807045e+09
1.554229346719937325e+09
1.578427504625451565e+09
1.602614654772324324e+09
1.626790489811328173e+09
1.650954661735961199e+09
1.675106786806911469e+09
1.699246449950668335e+09
1.723373208692935228e+09
1.747486596679756165e+09
1.771586126832698584e+09
1.795671294178699255e+09
1.819741578390185118e+09
1.843796446066923857e+09
1.867835352787165642e+09
1.891857744952587366e+09
1.915863061448576212e+09
1.939850735138983488e+09
1.963820194212375879e+09
1.987770863394785643e+09
2.011702165042437315e+09
2.035613520126366138e+09
2.059504349119613409e+09
2.083374072796511412e+09
2.107222112952600956e+09
2.131047893052771091e+09
2.154850838814506054e+09
2.178630378732340813e+09
2.202385944549118996e+09
2.226116971678861618e+09
2.249822899585924625e+09
2.273503172124286175e+09
2.297157237840722084e+09
2.320784550245102882e+09
2.344384568050787926e+09
2.367956755387813568e+09
2.391500581991253853e+09
2.415015523367080688e+09
2.438501060937415600e+09
2.461956682166990757e+09
2.485381880672538280e+09
2.508776156316589832e+09
2.532139015286997795e+09
2.555469970163465977e+09
2.578768539972246170e+09
2.602034250230009079e+09
2.625266632977777958e+09
2.648465226805919647e+09
2.671629576870845318e+09
2.694990354789828777e+09
2.718084525555436611e+09
2.741143123163799286e+09
2.764165719127629757e+09
2.787151891508840084e+09
2.810101224898974419e+09
2.833013310395340919e+09
2.855887745573323250e+09
2.878724134455015659e+09
2.901522087474756241e+09
2.924281221441674232e+09
2.947001159499630928e+09
2.969681531084774971e+09
2.992321971880952835e+09
3.014922123773191929e+09
3.037481634799440861e+09
3.060000159100787163e+09
3.082477356870274544e+09
3.104912894300530434e+09
3.127306443530241966e+09
3.149657682589797020e+09
3.171966295346015453e+09
3.194231971446157932e+09
