0.000000000000000000e+00
3.363098733955866192e+06
6.626374050507887267e+06
9.787520698709223419e+06
1.284744986249461956e+07
1.580804995906572975e+07
1.867165919524469227e+07
2.144084693978114799e+07
2.411830010597171634e+07
2.670675631849085540e+07
2.920896162449865043e+07
3.164417627439207956e+07
3.398122604888188094e+07
3.624010261472888291e+07
3.842338234569733590e+07
4.053357591524228454e+07
4.257312470995406061e+07
4.454439879596503824e+07
4.644969602813491225e+07
4.829124200213500857e+07
5.007119062705683708e+07
5.179162515188953280e+07
5.345455952001108974e+07
5.506193995614694804e+07
5.661564671303229034e+07
5.811749592229133099e+07
5.956924150724516809e+07
6.097257712549711019e+07
6.232913811696138978e+07
6.364050343904902041e+07
6.490819757540918887e+07
6.613369240825923532e+07
6.731840904715424776e+07
6.846371960923045874e+07
6.957094894764314592e+07
7.064137632622078061e+07
7.167623703935238719e+07
7.267672397688481212e+07
7.364398913437813520e+07
7.457914506949499249e+07
7.548326630561222136e+07
7.635739068396627903e+07
7.720252066579988599e+07
7.801962458607658744e+07
7.880963786039012671e+07
7.957346414672344923e+07
8.031197646371474862e+07
8.102601826707369089e+07
8.171640448576325178e+07
8.238392251952356100e+07
8.303169637153241038e+07
8.365594504861250520e+07
8.425952500720839202e+07
8.484312301965051889e+07
8.540740278054350615e+07
8.595300570301613212e+07
8.648055168592983484e+07
8.699063985320957005e+07
8.748384926641011238e+07
8.796073961158150434e+07
8.842185186145001650e+07
8.886770891388815641e+07
8.929881620760008693e+07
8.971566231591191888e+07
9.011871951951393485e+07
9.050844435896614194e+07
9.088527816774170101e+07
9.124964758655066788e+07
9.160196505965143442e+07
9.194262931383061409e+07
9.227202582069902122e+07
9.259052724292699993e+07
9.289849386501359940e+07
9.319627400916191936e+07
9.348420443680560589e+07
9.376261073631337285e+07
9.403180769737228751e+07
9.429209967253457010e+07
9.454378092638942599e+07
9.478713597280566394e+07
9.502243990067198873e+07
9.524995868854472041e+07
9.546994950859795511e+07
9.568266102025431395e+07
9.588833365386129916e+07
9.608719988476276398e+07
9.627948449810358882e+07
9.646540484469039738e+07
9.664517108822178841e+07
9.681898644418753684e+07
9.698704741072620451e+07
9.714954399171963334e+07
9.730665991239278018e+07
9.745857282767677307e+07
9.760545452358491719e+07
9.774747111184078455e+07
9.788478321799014509e+07
9.801754616321973503e+07
9.814591014009730518e+07
9.826745712422282994e+07
9.838741363174790144e+07
9.850339398258437216e+07
9.861552945369225740e+07
9.872394698939713836e+07
9.882876934471492469e+07
9.893011522390577197e+07
9.902809941441747546e+07
9.912283291637431085e+07
9.921442306776130199e+07
9.930297366544882953e+07
9.938858508219751716e+07
9.947135437977817655e+07
9.955137541833803058e+07
9.962873896213772893e+07
9.970353278178247809e+07
9.977584175306308270e+07
9.984574795252165198e+07
9.991333074985042214e+07
9.997866689723047614e+07
1.000418306157117337e+08
1.001028936787334234e+08
1.001619254928804040e+08
