0.000000000000000000e+00
2.001879936190339088e+09
4.922241741339224815e+09
8.148672786189723969e+09
1.150075122817092705e+10
1.490444480923420525e+10
1.832330038388846970e+10
2.173724902414077759e+10
2.513440749505485916e+10
2.850739117032487488e+10
3.185146754967025375e+10
3.516322214717636871e+10
3.844095709451108551e+10
4.168338189442633057e+10
4.488969759217125702e+10
4.805945068002431488e+10
5.119243444734838867e+10
5.428862074136186981e+10
5.734811178844957733e+10
6.037110558194824219e+10
6.335787064552334595e+10
6.630872739967323303e+10
6.922403425649435425e+10
7.210417714981040955e+10
7.494956159341029358e+10
7.776060662075611877e+10
8.053774013880444336e+10
8.328139535391557312e+10
8.599200801673162842e+10
8.867001429681253052e+10
9.131584914431521606e+10
9.392994503020185852e+10
9.651273098187074280e+10
9.906463185014968872e+10
1.015860677579885254e+11
1.040774536921488953e+11
1.065391992075941925e+11
1.089717082207656860e+11
1.113753788729592133e+11
1.137506034489385071e+11
1.160977683389913940e+11
1.184172540350512695e+11
1.207094351534129944e+11
1.229746804780830688e+11
1.252133530200047913e+11
1.274258100883553009e+11
1.296124033708761749e+11
1.317734790208103333e+11
1.339093777485091095e+11
1.360204349161674652e+11
1.381072241319116516e+11
1.401698236306442261e+11
1.422085533629651794e+11
1.442237283196072998e+11
1.462156586278626099e+11
1.481846496467609253e+11
1.501310020607291260e+11
1.520550119715304260e+11
1.539569709883384705e+11
1.558371663158469543e+11
1.576958808403502808e+11
1.595333932137605896e+11
1.613499779355481873e+11
1.631459054326104431e+11
1.649214421370887146e+11
1.666768505621624451e+11
1.684123893758583984e+11
1.701283134729193420e+11
1.718248740447795715e+11
1.735023186476991272e+11
1.751608912691096191e+11
1.768008323922255859e+11
1.784223790589764099e+11
1.800257649313125000e+11
1.816112203509404297e+11
1.831789723975388794e+11
1.847292449455078430e+11
1.862622587193014832e+11
1.877782313473929443e+11
1.892773774149194946e+11
1.907599085150526733e+11
1.922260332991386719e+11
1.936759575256506042e+11
1.951098841079942627e+11
1.965280131612060547e+11
1.979305420475811157e+11
1.993176654212679443e+11
2.006895752718638611e+11
2.020464609670446777e+11
2.033885092942606201e+11
2.047159045015287170e+11
2.060288283373510742e+11
2.073274600897867737e+11
2.086119766247047119e+11
2.098825524232422791e+11
2.111393596184953003e+11
2.123825680314621582e+11
2.136123452062651062e+11
2.148288564446700134e+11
2.160321346277276001e+11
2.172224724838511963e+11
2.184000287668845520e+11
2.195649601201003723e+11
2.207174211075024109e+11
2.218575642445393066e+11
2.229855400282460938e+11
2.241014969668288574e+11
2.252055816087076416e+11
2.262979385710321045e+11
2.273787105676839905e+11
2.284480384367792053e+11
2.295060611676826782e+11
2.305529159275487061e+11
2.315887380873982544e+11
2.326136612477449951e+11
2.336278172637808838e+11
2.346313362701324463e+11
2.356243467051977539e+11
2.366069753350741882e+11
2.375793472770864868e+11
2.385415860229248657e+11
2.394938134614013672e+11
