0.000000000000000000e+00
1.037670451590590775e+08
2.041540017933202386e+08
3.004515081736857891e+08
3.923834420278726220e+08
4.798802449078534842e+08
5.629936069738221169e+08
6.418498603856579065e+08
7.166209774781738520e+08
7.875054161429477930e+08
8.547151191787853241e+08
9.190873927280575037e+08
9.795643417992919683e+08
1.037009627311752081e+09
1.091624391059090137e+09
1.143599899438909769e+09
1.193116641052726984e+09
1.240343939636527061e+09
1.285439928559334278e+09
1.328551774216592789e+09
1.369816065781517029e+09
1.409359311030655622e+09
1.447298494459144115e+09
1.483741666159210443e+09
1.518788539045286655e+09
1.552531078770886421e+09
1.585054075687766314e+09
1.616435691886728764e+09
1.646747979060955524e+09
1.676057364894322872e+09
1.704425107084225178e+09
1.731907715101603270e+09
1.758557340475720406e+09
1.784422136847405195e+09
1.809546591322566271e+09
1.833971828822572470e+09
1.857735891204386711e+09
1.880873992936086416e+09
1.903418755082216978e+09
1.925400419292365789e+09
1.946847043405924320e+09
1.967784680194122791e+09
1.988237540662577629e+09
2.008228143237853765e+09
2.027777450062741280e+09
2.046904991529223204e+09
2.065628980086277962e+09
2.083966414273144722e+09
2.101933173847350836e+09
2.119544106801186323e+09
2.136642068090741873e+09
2.153585383563442230e+09
2.170211870818062782e+09
2.186532989955901623e+09
2.202559505361977100e+09
2.218301537211989880e+09
2.233768608747491837e+09
2.248969689691772461e+09
2.263913236144261837e+09
2.278607227260894775e+09
2.293059198999257088e+09
2.307276275182248592e+09
2.321265196110674858e+09
2.335032344934406757e+09
2.348583771972553730e+09
2.361925217156269073e+09
2.375062130751724720e+09
2.387999692507235050e+09
2.400742829355191231e+09
2.413296231788143635e+09
2.425664369017901421e+09
2.437851503016644001e+09
2.449861701530723572e+09
2.461698850149759769e+09
2.473366663506483555e+09
2.484868695676471710e+09
2.496208349840743542e+09
2.507388887269035816e+09
2.518413435676633358e+09
2.529284997003085136e+09
2.540006454657276154e+09
2.550580580269503593e+09
2.561010039987783432e+09
2.571297400352845192e+09
2.581445133783083916e+09
2.591455623698489189e+09
2.601331169310084343e+09
2.611073990099376678e+09
2.620686230010278225e+09
2.630169961374180794e+09
2.639527188587447643e+09
2.648759851558690071e+09
2.657869828942272186e+09
2.666858941172851086e+09
2.675728953314970016e+09
2.684481577740303040e+09
2.693118476644481659e+09
2.701641264414389610e+09
2.710051509856036186e+09
2.718433174995110035e+09
2.726621782267992973e+09
2.734702314771823406e+09
2.742676178422183037e+09
2.750544742922224045e+09
2.758309343327169895e+09
2.765971281522321224e+09
2.773531827619823933e+09
2.780992221279581547e+09
2.788353672958986282e+09
2.795617365095851421e+09
2.802784453228787899e+09
2.809856067058800697e+09
2.816833311455696106e+09
2.823717267412705421e+09
2.830508992952323437e+09
2.837209523986433506e+09
2.843819875133195877e+09
2.850341040493563175e+09
2.856773994389420033e+09
2.863119692065865517e+09
2.869379070359542370e+09
2.875553048334958076e+09
