0.000000000000000000e+00
2.251813671111449599e+07
5.678275145973952115e+07
9.535329635717464983e+07
1.354732839728078246e+08
1.756001070361000896e+08
2.147938127954649329e+08
2.524737848484511971e+08
2.882919177789574265e+08
3.220565025779192448e+08
3.536827440750988722e+08
3.834430611607620120e+08
4.107866886658154726e+08
4.360901843631952405e+08
4.594455227667310834e+08
4.809569225820360184e+08
5.007347520179376602e+08
5.188912240257388949e+08
5.355374022424185276e+08
5.507811676426794529e+08
5.647258881566547155e+08
5.774696004499050379e+08
5.891045622027434111e+08
5.997170695967564583e+08
6.093874617893538475e+08
6.181902543860201836e+08
6.261943590705747604e+08
6.334633579141948223e+08
6.400558094037647247e+08
6.460255696144042015e+08
6.514221167266461849e+08
6.562908706511845589e+08
6.606735021708831787e+08
6.646082279657982588e+08
6.681300893220329285e+08
6.712712133681293726e+08
6.740610564309080839e+08
6.765266296300253868e+08
6.786927071932127476e+08
6.805820182144721746e+08
6.822154227277318239e+08
6.836120730527120829e+08
6.847895614065059423e+08
6.857640547772320509e+08
6.865504180354790688e+08
6.871623262228184938e+08
6.876123669100023508e+08
6.879121334648966789e+08
6.880723100146416426e+08
6.881027488302386999e+08
6.880140119794355631e+08
6.878126339529663324e+08
6.875066832353906631e+08
6.871033350060690641e+08
6.866092271005606651e+08
6.860305043095148802e+08
6.853728587738072872e+08
6.846415668335412741e+08
6.838415226557745934e+08
6.829772689357417822e+08
6.820530249389941692e+08
6.810727121269221306e+08
6.800399775854216814e+08
6.789582154559378624e+08
6.778305865493968725e+08
6.766600363066291809e+08
6.754493112535986900e+08
6.742009740858126879e+08
6.729174175038247108e+08
6.716008769103107452e+08
6.702534420689907074e+08
6.688770678163397312e+08
6.674735839086753130e+08
6.660447040795665979e+08
6.645920343756898642e+08
6.631170808330059052e+08
6.616212565495146513e+08
6.601058882057671547e+08
6.585722220796977282e+08
6.570214295981624126e+08
6.554546124637852907e+08
6.538728073923048973e+08
6.522769904924811125e+08
6.506680813178341389e+08
6.490469466168779135e+08
6.474144038062821627e+08
6.457712241891638041e+08
6.441181359389142990e+08
6.424558268671413660e+08
6.407849469927692413e+08
6.391061109278700352e+08
6.374199000945221186e+08
6.357268647857487202e+08
6.340275260825616121e+08
6.323223776380777359e+08
6.306118873388215303e+08
6.288964988524887562e+08
6.271766330706750154e+08
6.254526894543955326e+08
6.237077534246554375e+08
6.219767413696880341e+08
6.202427367610217333e+08
6.185060649247950315e+08
6.167670352681708336e+08
6.150259421736871004e+08
6.132830658363274336e+08
6.115386730473550558e+08
6.097930179286651611e+08
6.080463426211053133e+08
6.062988779299753904e+08
6.045508439306483269e+08
6.028024505370413065e+08
6.010538980355077982e+08
5.993053775864295959e+08
5.975570716957345009e+08
5.958091546583285332e+08
5.940617929753034115e+08
5.923151457466484308e+08
5.905693650411056280e+08
5.888245962445961237e+08
5.870809783886649609e+08
5.853386444602090120e+08
