0.000000000000000000e+00
9.910157570414697751e+06
1.881810946160739288e+07
2.681056088616391271e+07
3.399296967499748617e+07
4.039370748760901392e+07
4.612114998185852170e+07
5.126680834028206766e+07
5.589980301860803366e+07
6.007641569750486314e+07
6.384493388011275977e+07
6.724751699632769823e+07
7.032122331781493127e+07
7.309881578023192286e+07
7.560942605267843604e+07
7.787908512832763791e+07
7.993114144786682725e+07
8.178659349779464304e+07
8.346436038136890531e+07
8.498150776420308650e+07
8.635344110702438653e+07
8.759407404324249923e+07
8.871597704506960511e+07
8.973050981335113943e+07
9.064793979059466720e+07
9.147754857776281238e+07
9.222772765991948545e+07
9.290606460667885840e+07
9.351942074894151092e+07
9.407400121011020243e+07
9.457541807049183547e+07
9.502874735919596255e+07
9.543858049419124424e+07
9.580907072602990270e+07
9.614397508279424906e+07
9.644669226217682660e+07
9.672029687057229877e+07
9.696757036802709103e+07
9.719102904131019115e+07
9.739294929473800957e+07
9.757539051925729215e+07
9.774021577426172793e+07
9.788911049333477020e+07
9.802359940425868332e+07
9.814506183493348956e+07
9.825474556006804109e+07
9.835377932842656970e+07
9.844318419685290754e+07
9.852388378508840501e+07
9.859671355440323055e+07
9.866242920314982533e+07
9.872171426340751350e+07
9.877518697482065856e+07
9.882340650444997847e+07
9.886687857487991452e+07
9.890606055688253045e+07
9.894136607756894827e+07
9.897316919010594487e+07
9.900180814668644965e+07
9.902758881247523427e+07
9.905078775466194749e+07
9.907165503750774264e+07
9.909041675133517385e+07
9.910727730075427890e+07
9.912242147501446307e+07
9.913601632119634748e+07
9.914821283899001777e+07
9.915914751402495801e+07
9.916894370510540903e+07
9.917771289924605191e+07
9.918555584708298743e+07
9.919256359004041553e+07
9.919881838955190778e+07
9.920439456765687466e+07
9.920935926740685105e+07
9.921377314071501791e+07
9.921769097055642307e+07
9.922116223377026618e+07
9.922423161012092233e+07
9.922693944273672998e+07
9.922932215455900133e+07
9.923141262499256432e+07
9.923324053055128455e+07
9.923483265293034911e+07
9.923621315761126578e+07
9.923740384580944479e+07
9.923842438230708241e+07
9.923929250147201121e+07
9.924002419354395568e+07
9.924063387307180464e+07
9.924113453120562434e+07
9.924153787338535488e+07
9.924185444382078946e+07
9.924209373802496493e+07
9.924226430454245210e+07
9.924237383690543473e+07
9.924242925675189495e+07
9.924243678895117342e+07
9.924240202950167656e+07
9.924233000689212978e+07
9.924222523755238950e+07
9.924209177595967054e+07
9.924193325991202891e+07
9.924175295143254101e+07
9.924155377372248471e+07
9.924133834454308450e+07
9.924110900636771321e+07
9.924086785361516476e+07
9.924061675724375248e+07
9.924035738695999980e+07
9.924009123127117753e+07
9.923981961558885872e+07
9.923954371857106686e+07
9.923926458687250316e+07
9.923898314845632017e+07
9.923870022460575402e+07
9.923841654076123238e+07
9.923813273629617691e+07
9.923784937333396077e+07
9.923756694469861686e+07
9.923728588108320534e+07
9.923700655751132965e+07
