0.000000000000000000e+00
7.073610218547704697e+09
1.037574008085750389e+10
1.265156200999283218e+10
1.448438996722940636e+10
1.607711352690540314e+10
1.752113391558810425e+10
1.886408894523727036e+10
2.013324097503710175e+10
2.134523340671430969e+10
2.251071477146944046e+10
2.364782167121083069e+10
2.473887737590312576e+10
2.579866545721889877e+10
2.682955528403372955e+10
2.783325771929872131e+10
2.881102884540842438e+10
2.976380727909688950e+10
3.069230858830033493e+10
3.159709127778353119e+10
3.247860351075303650e+10
3.333721652706625366e+10
3.417324872255308533e+10
3.498698307973588562e+10
3.577867980834519196e+10
3.654858549986763000e+10
3.729693972445188904e+10
3.802397973927050781e+10
3.872994379597232056e+10
3.941507340609855652e+10
4.007961483080693054e+10
4.072381999399752808e+10
4.134794696854318237e+10
4.195226014869235992e+10
4.253703019432284546e+10
4.310253381206495667e+10
4.364905342264610291e+10
4.417687675184645844e+10
4.468629637327919006e+10
4.517760922415649414e+10
4.565111610975484467e+10
4.610712120809692383e+10
4.654593158312357330e+10
4.696785671214054871e+10
4.737320803141137695e+10
4.776229850232147980e+10
4.813544219943601990e+10
4.849295392097121429e+10
4.883514882159491730e+10
4.916234206706112671e+10
4.947179511268595123e+10
4.977007116085956573e+10
5.005428484577190399e+10
5.032474834258892822e+10
5.058177240817499542e+10
5.082566614597521210e+10
5.105673678552449799e+10
5.127528947560447693e+10
5.148162709014730072e+10
5.167605004606186676e+10
5.185885613223977661e+10
5.203034034907249451e+10
5.219079475788656616e+10
5.234050833977118683e+10
5.247976686333524323e+10
5.260885276098688507e+10
5.272804501337805176e+10
5.283761904170036316e+10
5.293784660755656433e+10
5.302899572016191864e+10
5.311133055065742493e+10
5.318511135333867645e+10
5.325059439361737061e+10
5.330803188255206299e+10
5.335767191778782654e+10
5.339975843075543976e+10
5.343453113998294830e+10
5.346222551037641907e+10
5.348307271832354736e+10
5.349729962247724915e+10
5.350512874007151794e+10
5.350677822861966705e+10
5.350246187284168243e+10
5.349238907666489410e+10
5.347676486013684845e+10
5.345578986108676910e+10
5.342966034136847687e+10
5.339856819751274109e+10
5.336270097561665344e+10
5.332224189029383087e+10
5.327736984750688171e+10
5.322825947110207367e+10
5.317508113286714935e+10
5.311800098592997742e+10
5.305718100131750488e+10
5.299277900749445343e+10
5.292494873270378876e+10
5.285383984992855835e+10
5.277959802430368805e+10
5.270157799593698883e+10
5.262146364761221313e+10
5.253863113216907501e+10
5.245321056273039246e+10
5.236532831297140503e+10
5.227510707571086884e+10
5.218266592281158447e+10
5.208812036624053192e+10
5.199158242015262604e+10
5.189316066385709381e+10
5.179296030553889465e+10
5.169108324660735321e+10
5.158762814655106354e+10
5.148269048818563843e+10
5.137636264318129730e+10
5.126873393776744843e+10
5.115989071851332092e+10
5.104991641809052277e+10
5.093889162092834473e+10
5.082689412867630005e+10
5.071399902539562225e+10
5.060027874240483856e+10
5.048580312270866394e+10
