0.000000000000000000e+00
3.177417963231378794e+08
5.475662781436498165e+08
7.091959076982492208e+08
8.325683680887043476e+08
9.328260727615796328e+08
1.017842510134602189e+09
1.092101747960336447e+09
1.158359474010983467e+09
1.218413079698468924e+09
1.273491481854801416e+09
1.324958978012681484e+09
1.372440881102457762e+09
1.416946699206973553e+09
1.458846954045605421e+09
1.498433098217159510e+09
1.535938551665398121e+09
1.571553311061178923e+09
1.605434325117579699e+09
1.637713009130034447e+09
1.668500782999131918e+09
1.697893216319859505e+09
1.725973174245277166e+09
1.752813235025050402e+09
1.778477568963998318e+09
1.803023413863729715e+09
1.826502244509671926e+09
1.848960707630296230e+09
1.870441375270133495e+09
1.890983356264820337e+09
1.910622795884969473e+09
1.929393286648969173e+09
1.947326208058506250e+09
1.964451009076871395e+09
1.980795444192193985e+09
1.996385771634436607e+09
2.011246920564575195e+09
2.025402632696731091e+09
2.038875582753080368e+09
2.051687481316588402e+09
2.063859162985922575e+09
2.075410662210253239e+09
2.086361278759848595e+09
2.096729634448765516e+09
2.106533722450384140e+09
2.115790950323123217e+09
2.124518177680149317e+09
2.132731749286945105e+09
2.140447524246400595e+09
2.147680901828725338e+09
2.154381450697664738e+09
2.160698962464261532e+09
2.166577593496925831e+09
2.172031113768939018e+09
2.177072926354615211e+09
2.181716080925077438e+09
2.185973286037917137e+09
2.189856920378481388e+09
2.193379043088914394e+09
2.196551403302287102e+09
2.199385448983258724e+09
2.201892335162850857e+09
2.204082931643319607e+09
2.205967830238941669e+09
2.207557351609518051e+09
2.208861551736286640e+09
2.209890228082992077e+09
2.210652925479383945e+09
2.211158941759462357e+09
2.211417333182499886e+09
2.211436919661133289e+09
2.211226289817651749e+09
2.210793805886691093e+09
2.210147608480105400e+09
2.209295621227787495e+09
2.208245555306099415e+09
2.207004913864154816e+09
2.205580996356593132e+09
2.203980902790482044e+09
2.202211537892615318e+09
2.200279615202761173e+09
2.198191661097475052e+09
2.195954018748438358e+09
2.193572852018615723e+09
2.191054149299056053e+09
2.188403727288589478e+09
2.185627234718422890e+09
2.182730156023130417e+09
2.179717814959395885e+09
2.176595378173477650e+09
2.173367858718245983e+09
2.170040119520422935e+09
2.166616876798531532e+09
2.163102703431869984e+09
2.159502032280864239e+09
2.155819159458845139e+09
2.152058247555484295e+09
2.148223328811950684e+09
2.144318308247656345e+09
2.140306930885692835e+09
2.136272319663392782e+09
2.132178623721655607e+09
2.128029268357687235e+09
2.123827566584880352e+09
2.119576721969051361e+09
2.115279831416330814e+09
2.110939887912704945e+09
2.106559783215183973e+09
2.102142310494816780e+09
2.097690166931412458e+09
2.093205956260311127e+09
2.088692191271218061e+09
2.084151296259304047e+09
2.079585609428766251e+09
2.074997385249084234e+09
2.070388796764211893e+09
2.065761937855020046e+09
2.061118825455212116e+09
2.056461401721158743e+09
2.051791536155931234e+09
2.047111027687924147e+09
2.042421606704484940e+09
