0.000000000000000000e+00
3.075636623035015464e+08
4.996372646962961555e+08
6.288871133000888824e+08
7.276744776167871952e+08
8.088931572253847122e+08
8.787460082519729137e+08
9.406431152106003761e+08
9.966400253633120060e+08
1.048061669250735760e+09
1.095806796863621950e+09
1.140943541383198738e+09
1.183044671675973654e+09
1.222918072077614069e+09
1.260830098376718521e+09
1.296989615105041265e+09
1.331563395979389191e+09
1.364686790001430035e+09
1.396471281297755718e+09
1.427009956530047178e+09
1.456381529856588125e+09
1.484653352978637457e+09
1.511883697960318804e+09
1.538123510387622118e+09
1.563417771044939756e+09
1.587806564363202095e+09
1.611325924561658621e+09
1.634008511382771969e+09
1.655884153878470659e+09
1.676980291076257467e+09
1.697322331366136789e+09
1.716933947318557739e+09
1.735837318835106134e+09
1.754053334677874088e+09
1.771601760261438370e+09
1.788501377940500975e+09
1.804770104754816532e+09
1.820425091606593132e+09
1.835482807074381113e+09
1.849959108460579634e+09
1.863869302189063787e+09
1.877228195286278725e+09
1.890050139372124195e+09
1.902349068339654922e+09
1.914138530701979160e+09
1.925431717421832323e+09
1.936241485905720234e+09
1.946580380735023499e+09
1.956460651616033077e+09
1.965894268956041574e+09
1.974805065919183254e+09
1.983384415310478210e+09
1.991551362731777191e+09
1.999316883018409014e+09
2.006691724323237181e+09
2.013686415148537397e+09
2.020311270575062990e+09
2.026576397803755045e+09
2.032491701109442949e+09
2.038066886292240143e+09
2.043311464700561047e+09
2.048234756889646053e+09
2.052845895970723391e+09
2.057153830698534727e+09
2.061167328338466883e+09
2.064894977348849297e+09
2.068345189909204006e+09
2.071526204321044207e+09
2.074446087303955078e+09
2.077112736206782341e+09
2.079533881150660038e+09
2.081717087118414879e+09
2.083669756002635241e+09
2.085399128622805357e+09
2.086912286720399618e+09
2.088216154939283848e+09
2.089317502797591925e+09
2.090222946656150818e+09
2.090938951687520981e+09
2.091471833848966360e+09
2.091827761861895561e+09
2.092012759199653864e+09
2.092032706085065365e+09
2.091893341498602629e+09
2.091600265197629213e+09
2.091158939746850491e+09
2.090574692559786081e+09
2.089852717950788021e+09
2.088998079196946383e+09
2.088015710609015465e+09
2.086910419610356331e+09
2.085686888822710037e+09
2.084349678157638788e+09
2.082903226912217855e+09
2.081351855867674589e+09
2.079699769389450073e+09
2.077951057527338743e+09
2.076109698114120722e+09
2.074179558861296892e+09
2.072143830954556465e+09
2.070046509556476831e+09
2.067871406588955879e+09
2.065621969117943287e+09
2.063301544492226124e+09
2.060913382391216278e+09
2.058460636859996080e+09
2.055946368330450773e+09
2.053373545627189159e+09
2.050745047957198143e+09
2.048063666882129431e+09
2.045332108272156239e+09
2.042552994240467310e+09
2.039728865057450771e+09
2.036862181043722868e+09
2.033955324441175938e+09
2.031010601261340380e+09
2.028030243110337257e+09
2.025016408989752293e+09
2.021971187072913885e+09
2.018896596456033230e+09
2.015794588883653402e+09
2.012667050448066235e+09
