0.000000000000000000e+00
1.422359802278497256e+06
2.828501122973735910e+06
4.210117357722170651e+06
5.552391131187396124e+06
6.839162784366435371e+06
8.059912537345718592e+06
9.212649968000674620e+06
1.030146388655513898e+07
1.133265442433836497e+07
1.231241982578694262e+07
1.325528360138877295e+07
1.414725460681641661e+07
1.500195998617115617e+07
1.582304074040865153e+07
1.661377044160925224e+07
1.737707164492282644e+07
1.811552028683592752e+07
1.883135759086485207e+07
1.952651502809374034e+07
2.020264957046214119e+07
2.086118367024333403e+07
2.150334486243734881e+07
2.213020156842666119e+07
2.274269339759914577e+07
2.334165554145215452e+07
2.392783766949079558e+07
2.450191815665209293e+07
2.506451461554946750e+07
2.561619167595834285e+07
2.615746682682345435e+07
2.668881496842115000e+07
2.721067215125903115e+07
2.772343882595215365e+07
2.822748280528222397e+07
2.872314204839746654e+07
2.921072731502999365e+07
2.969052469952156022e+07
3.016279803439912573e+07
3.062779114566553384e+07
3.108572994220902398e+07
3.153682432627418265e+07
3.198126991828346997e+07
3.241924959585569799e+07
3.285093485269492865e+07
3.327648698766092956e+07
3.369605813763189316e+07
3.410979216978721321e+07
3.451782544982820749e+07
3.492028750262612104e+07
3.531335801746520400e+07
3.570509433549495786e+07
3.609161117526701838e+07
3.647301572609313577e+07
3.684941052740107477e+07
3.722089376564395428e+07
3.758755954277928919e+07
3.794949812159723043e+07
3.830679615202136338e+07
3.865953688153272122e+07
3.900780035207290947e+07
3.935166358515007049e+07
3.969120075638105720e+07
4.002648336034189165e+07
4.035758036633352190e+07
4.068455836549457908e+07
4.100748170957937092e+07
4.132641264165347070e+07
4.164141141893562675e+07
4.195253642800839990e+07
4.225984429263333231e+07
4.256338997442906350e+07
4.286322686669231951e+07
4.315940688166940957e+07
4.345198053160411865e+07
4.374099700390562415e+07
4.402650423079242557e+07
4.430854895377068967e+07
4.458717678330974281e+07
4.486243225406936556e+07
4.513435887602580339e+07
4.540299918183016032e+07
4.566839477071712166e+07
4.593058634926444292e+07
4.618961376928330958e+07
4.644551606310013682e+07
4.669833147646866739e+07
4.694809749933296442e+07
4.719485089463917166e+07
4.743862772537560016e+07
4.767946338000467420e+07
4.791739259642927349e+07
4.815244948462411761e+07
4.838466754804585129e+07
4.861407970392379165e+07
4.884071830252086371e+07
4.906461514544487000e+07
4.928580150307937711e+07
4.950430813119600713e+07
4.972231057966011763e+07
4.993552198790789396e+07
5.014614329196927696e+07
5.035420333624646068e+07
5.055973052317336202e+07
5.076275282587911189e+07
5.096329780031384528e+07
5.116139259686485678e+07
5.135706397148666531e+07
5.155033829636749625e+07
5.174124157015383989e+07
5.192979942775277048e+07
5.211603714973077178e+07
5.229997967132773995e+07
5.248165159110166132e+07
5.266107717922221124e+07
5.283828038542810827e+07
5.301328484666261822e+07
5.318611389440310001e+07
5.335679056169769913e+07
5.352533758992248029e+07
5.369177743527274579e+07
5.385613227500031888e+07
