0.000000000000000000e+00
4.431310839739799500e+09
8.602573122768352509e+09
1.247725400066887474e+10
1.605338312474850845e+10
1.934348626954098892e+10
2.236678905438821793e+10
2.514518934374168396e+10
2.770103543588882828e+10
3.005590318272071838e+10
3.222995789302580643e+10
3.426101988094332123e+10
3.612568250143686676e+10
3.785975541633246613e+10
3.947651307653991699e+10
4.098772009262657928e+10
4.240377680548742676e+10
4.373386453122538757e+10
4.498608374540366364e+10
4.616758172956620789e+10
4.728466821324701691e+10
4.834291875463436127e+10
4.934726630196802521e+10
5.030208175329634094e+10
5.121124450609279633e+10
5.207820403911524200e+10
5.290603354739669800e+10
5.369747658963927460e+10
5.445498762584743500e+10
5.518076723428311920e+10
5.587679270824068451e+10
5.654484464897105408e+10
5.718653009352115631e+10
5.780330264625060272e+10
5.839648002047046661e+10
5.896725934175813293e+10
5.951673051648406219e+10
6.004588792732492065e+10
6.055564068133933258e+10
6.104682160491445160e+10
6.152019515291915131e+10
6.197646437618326569e+10
6.241627707144374847e+10
6.284023122072409058e+10
6.324887981235679626e+10
6.364273512317071533e+10
6.402227253046781921e+10
6.438793391304486084e+10
6.474013069246069336e+10
6.507924655882228088e+10
6.540243784303901672e+10
6.571656630963042450e+10
6.601861879583235168e+10
6.630889043703102112e+10
6.658765869421413422e+10
6.685518483637626648e+10
6.711171528952965546e+10
6.735748286666657257e+10
6.759270789120345306e+10
6.781759922486714935e+10
6.803235520962505341e+10
6.823716453208786011e+10
6.843220701779874420e+10
6.861765436194285583e+10
6.879367080224966431e+10
6.896041373919856262e+10
6.911803430806750488e+10
6.926667790686228943e+10
6.940648468373535156e+10
6.953758998711988831e+10
6.966012478148187256e+10
6.977421603130087280e+10
6.987998705564036560e+10
6.997755785544708252e+10
7.006704541552853394e+10
7.014856398298022461e+10
7.022222532369393921e+10
7.028813895843275452e+10
7.034641237985319519e+10
7.039715125173828125e+10
7.044045959162031555e+10
7.047643993788134766e+10
7.050519350234782410e+10
7.052682030932476807e+10
7.054141932195530701e+10
7.054908855673236084e+10
7.054992518693994141e+10
7.054402563575299072e+10
7.053148565968241882e+10
7.051240042300996399e+10
7.048686456382298279e+10
7.045497225222274780e+10
7.041681724124703979e+10
7.037249291102099609e+10
7.032209230661668396e+10
7.026570817008175659e+10
7.020343296706492615e+10
7.013535890844989014e+10
7.006157796738041687e+10
6.998135988473680115e+10
6.989638543273893738e+10
6.980597961208345032e+10
6.971023353329925537e+10
6.960923809722640991e+10
6.950308399134651184e+10
6.939186168366720581e+10
6.927566141440045166e+10
6.915457318566615295e+10
6.902868674942953491e+10
6.889809159387837219e+10
6.876287692842414856e+10
6.862313166750537872e+10
6.847894441335917664e+10
6.833040343791182709e+10
6.817759666393706512e+10
6.802061164561196136e+10
6.785953554859803009e+10
6.769445512976280975e+10
6.752545671664854431e+10
6.735262618678962708e+10
6.717604894696809387e+10
6.699580991249435425e+10
