0.000000000000000000e+00
6.305239212366448715e+06
1.276394045386723243e+07
1.936287494084102660e+07
2.609574042329683527e+07
3.295955044121956825e+07
3.995345732771162689e+07
4.707816779699477553e+07
5.433559740885518491e+07
6.172864439533088356e+07
6.926103148268641531e+07
7.701469435821399093e+07
8.484119285696227849e+07
9.282218038385783136e+07
1.009637682379649580e+08
1.092725254777702391e+08
1.177554452870515585e+08
1.264199180827568024e+08
1.352737100816911161e+08
1.443249463595029712e+08
1.535820976587955654e+08
1.630539703646997809e+08
1.727496991856256723e+08
1.826787421669734120e+08
1.928508777346987724e+08
2.032762035195572972e+08
2.139651367555340528e+08
2.249284160801734626e+08
2.361771045923018157e+08
2.477225940453844965e+08
2.595766100736113787e+08
2.717512183635392189e+08
2.842588316973631978e+08
2.971122178051249981e+08
3.103245079727296233e+08
3.239092063608943820e+08
3.378801999972164035e+08
3.522517694097480774e+08
3.670385998757931590e+08
3.822557932643771768e+08
3.979188804549672604e+08
4.140438343186549544e+08
4.306470832512916923e+08
4.477455252509151697e+08
4.653565425344154835e+08
4.834980166906837225e+08
5.021883443695940375e+08
5.214464535080363750e+08
5.412918200959769487e+08
5.617444854870464802e+08
5.826110909629985094e+08
6.043342307514946461e+08
6.267281453900871277e+08
6.498153154191279411e+08
6.736188815126132965e+08
6.981626652186208963e+08
7.234711903108596802e+08
7.495697047649363279e+08
7.764842033738499880e+08
8.042414510180343390e+08
8.328690066060953140e+08
8.623952477031773329e+08
8.928493958646426201e+08
9.242615426935508251e+08
9.566626766410616636e+08
9.900847105697805882e+08
1.024560510100612164e+09
1.060123922764557004e+09
1.096809807981520414e+09
1.134654067889026403e+09
1.173693679044254065e+09
1.213966725023884296e+09
1.255512429946606636e+09
1.298371192944195032e+09
1.342584623607638836e+09
1.388195578435669661e+09
1.435248198313749313e+09
1.483787947052473068e+09
1.533861651015047550e+09
1.585517539864402294e+09
1.638805288461326599e+09
1.693776059945875645e+09
1.750482550035161257e+09
1.808979032571583748e+09
1.869321406356446981e+09
1.931567243304860115e+09
1.995775837958794594e+09
2.062008258396153927e+09
2.130327398574741364e+09
2.200798032150991440e+09
2.273486867814543724e+09
2.348462606180581570e+09
2.425795998283288479e+09
2.505559905714629650e+09
2.587829362454035282e+09
2.672681638435700417e+09
2.760196304901485920e+09
2.850455301588588715e+09
2.943543005802570343e+09
3.040521360664402962e+09
3.139560230508197308e+09
3.241697220231210232e+09
3.347027215428706646e+09
3.455647915578003407e+09
3.567659915584552288e+09
3.683166789607201576e+09
3.802275177224768639e+09
3.925094872007993698e+09
4.051738912562295914e+09
4.182323676108773708e+09
4.316968974672435760e+09
4.455798153948658943e+09
4.598938194920569420e+09
4.746519818301992416e+09
4.898677591882813454e+09
5.055550040855116844e+09
5.217279761201033592e+09
5.384013536225080490e+09
5.555902456315956116e+09
5.733102042025037766e+09
5.915772370551280022e+09
6.104078205724083900e+09
