0.000000000000000000e+00
1.042256205547305872e+06
2.068171367539140163e+06
3.074255613366459962e+06
4.058617015054981224e+06
5.020132588817591779e+06
5.958161212960161269e+06
6.872394117475662380e+06
7.762763032752175815e+06
8.629378271350800991e+06
9.472484486281240359e+06
1.030051164923599735e+07
1.109748957704791427e+07
1.187221169334250689e+07
1.262519945271735825e+07
1.335700362757943384e+07
1.406819459462427534e+07
1.475935454647700116e+07
1.543107124010887556e+07
1.608393298362644948e+07
1.671852462829536572e+07
1.733542438112668693e+07
1.793520129007692263e+07
1.851841328222002462e+07
1.908560565739406273e+07
1.963730995736625418e+07
2.017404314460523427e+07
2.069630703609738499e+07
2.120458794688692316e+07
2.169935650559397787e+07
2.218106761041246355e+07
2.265016049926209822e+07
2.310705891207376122e+07
2.355217132677891478e+07
2.398589125358009711e+07
2.440859757460396737e+07
2.482065491815746948e+07
2.522241405859569833e+07
2.561421233431545645e+07
2.599637407765872404e+07
2.636921105158511177e+07
2.673302288887751848e+07
2.708809753041192517e+07
2.743471165966852382e+07
2.777313113120783493e+07
2.810361139129539579e+07
2.842639788924655691e+07
2.874172647838893905e+07
2.904982380581425503e+07
2.935090769031980634e+07
2.964227770303606614e+07
2.993001971907485649e+07
3.021135047618126869e+07
3.048645608487851545e+07
3.075551552759447694e+07
3.101870096198857576e+07
3.127617801212516800e+07
3.152810604774961248e+07
3.177463845195811987e+07
3.201592287757997215e+07
3.225210149261143431e+07
3.248331121505413577e+07
3.270968393751993775e+07
3.293134674196960405e+07
3.314842210495319590e+07
3.336102809371992946e+07
3.356927855356008559e+07
3.377328328673756868e+07
3.397314822336301208e+07
3.416897558455025405e+07
3.436086403818955272e+07
3.454890884766060114e+07
3.473320201379869878e+07
3.491383241041629761e+07
3.509088591367191076e+07
3.526444552556639910e+07
3.543459149183726311e+07
3.560140141450864822e+07
3.576495035934683681e+07
3.592531095845741034e+07
3.608255350825297832e+07
3.623674606300757080e+07
3.638795452420711517e+07
3.653624272589311749e+07
3.668167251618928462e+07
3.682430383519236743e+07
3.696419478939802945e+07
3.710140172282749414e+07
3.723597928500951082e+07
3.736798049596844614e+07
3.749745680835835636e+07
3.762445816687919199e+07
3.774903306510318816e+07
3.787122859983364493e+07
3.799109052311230451e+07
3.810866329198549688e+07
3.822399011613546312e+07
3.833711300347553939e+07
3.844807280380477011e+07
3.855798702382449061e+07
3.866471811904716492e+07
3.876940250836171955e+07
3.887207680009590834e+07
3.897277663699320704e+07
3.907153672996337712e+07
3.916839089044098556e+07
3.926337206141585857e+07
3.935651234719514102e+07
3.944784304195547104e+07
3.953739465713944286e+07
3.962519694774911553e+07
3.971127893758501858e+07
3.979566894347944856e+07
3.987839459856820107e+07
3.995948287464300543e+07
4.003896010362607986e+07
4.011685199820607156e+07
4.019318367167071998e+07
4.026797965697287023e+07
4.034126392506282032e+07
4.041305990251855552e+07
4.048339048850486428e+07
