0.000000000000000000e+00
4.519291020518112418e+02
6.105462179754037606e+03
2.907763219329528511e+04
8.618247276485234033e+04
1.918660364945731708e+05
3.524546329576644348e+05
5.663391363696757471e+05
8.278921122614010237e+05
1.130766001867446816e+06
1.469256660198150668e+06
1.838780203130035894e+06
2.234805515309132170e+06
2.653615529522042256e+06
3.091880165308285039e+06
3.546623418808525428e+06
4.015217469268536195e+06
4.495376403762427159e+06
4.985137755735015497e+06
5.482831517497478053e+06
5.987041537756530568e+06
6.496564984674450010e+06
7.010374210597683676e+06
7.527583529378408566e+06
8.047421876399222761e+06
8.569211273345438763e+06
9.092350421874169260e+06
9.616302487417956814e+06
1.014058609316725843e+07
1.066476863438772038e+07
1.118846117828595079e+07
1.171131438884505071e+07
1.223301508039301820e+07
1.275328314236214384e+07
1.327186868475438841e+07
1.378854932978828065e+07
1.430312762432527542e+07
1.481542857576523721e+07
1.532529732706047036e+07
1.583259698949300498e+07
1.633720664898124337e+07
1.683901955591203272e+07
1.733794150184142590e+07
1.783388938010882959e+07
1.832678992213447392e+07
1.881657859719949588e+07
1.930319866087162867e+07
1.978660033582120761e+07
2.026674010837873816e+07
2.074358012459739298e+07
2.121712114147424325e+07
2.168730192335660383e+07
2.215409870562966168e+07
2.261749168314154446e+07
2.307746470509427786e+07
2.353400500138820335e+07
2.398710293449869752e+07
2.443675177221194282e+07
2.488294747761081532e+07
2.532568851358401775e+07
2.576497565984316170e+07
2.620081184098987654e+07
2.663320196459816024e+07
2.706215276858710870e+07
2.748767267737582326e+07
2.790977166645514965e+07
2.832846113509678841e+07
2.874375378696399927e+07
2.915566351840185747e+07
2.956420531417912245e+07
2.996939515043602884e+07
3.037124990456861258e+07
3.076978727175571397e+07
3.116502568781152368e+07
3.155698425802785158e+07
3.194568269165609777e+07
3.233114124167057499e+07
3.271338064945213869e+07
3.309242209403328598e+07
3.346828714555322751e+07
3.384099772258263081e+07
3.421057605299195647e+07
3.457704463805466145e+07
3.494042621949502826e+07
3.530074374921069294e+07
3.565802036142018437e+07
3.601227934700679779e+07
3.636354412985015661e+07
3.671183824495662004e+07
3.705718531821843237e+07
3.739960904764905572e+07
3.773913318595849723e+07
3.807578152434761077e+07
3.840957787741393596e+07
3.874054606907405704e+07
3.906870991941865534e+07
3.939409323242605478e+07
3.971671978446906060e+07
4.003661331355708838e+07
4.035377053537295759e+07
4.066824229150157422e+07
4.098005214622589946e+07
4.128922358876635134e+07
4.159578002554086596e+07
4.189974477292432636e+07
4.220114105048038065e+07
4.249999197464082390e+07
4.279632055280951411e+07
4.309014967786943913e+07
4.338150212307291478e+07
4.367040053729590029e+07
4.395686744063866138e+07
4.424092522035557032e+07
4.452259612709791213e+07
4.480190227145406604e+07
4.507886562077210844e+07
4.535350799625051022e+07
4.562585107028320432e+07
4.589591636404559016e+07
4.616372524530894309e+07
4.642929892647076398e+07
4.669265846278943866e+07
