0.000000000000000000e+00
6.521605280484764933e+01
9.317752167142239159e+02
4.771559886725704928e+03
1.563030659932619710e+04
3.962240448819004814e+04
8.490699459959092201e+04
1.614476176365969877e+05
2.805760887518194504e+05
4.544186470009830082e+05
6.952754811054954771e+05
1.015900012347771670e+06
1.426626894348547794e+06
1.937419288848169148e+06
2.557030495516065508e+06
3.293026218644643202e+06
4.151893979673318565e+06
5.139200382534759119e+06
6.259765928149002604e+06
7.517837200329586864e+06
8.917244868671517819e+06
1.046154222527004778e+07
1.215412301720657572e+07
1.399831965604181401e+07
1.599748402164970711e+07
1.815505347661143541e+07
2.047460468796225265e+07
2.295989762332569063e+07
2.561491177427876741e+07
2.844387633183133602e+07
3.145129573313668370e+07
3.464197173042146862e+07
3.802102290667113662e+07
4.159390237602703273e+07
4.536641425571533293e+07
4.934472937537350506e+07
5.353540059369082749e+07
5.794537801667473465e+07
6.258202435259471089e+07
6.745313059241531789e+07
7.256693216859626770e+07
7.793212571732997894e+07
8.355788654786865413e+07
8.945388690618740022e+07
9.563031510775643587e+07
1.020978956048014164e+08
1.088679100464524031e+08
1.159522193850958943e+08
1.233632870786448270e+08
1.311142034360101074e+08
1.392151050044436455e+08
1.476838721079372466e+08
1.565356265805080235e+08
1.657862265276179314e+08
1.754522970525130332e+08
1.855512623980086446e+08
1.961013795513900518e+08
2.071217733614385426e+08
2.186324732180989981e+08
2.306544513469506502e+08
2.432096627724106908e+08
2.563210870054751933e+08
2.700127715137758851e+08
2.843098770337952375e+08
2.992387247872338295e+08
3.148268456657587290e+08
3.311030314506795406e+08
3.480973881365005970e+08
3.658413914297808409e+08
3.843679444973064065e+08
4.037114380402362347e+08
4.239078127736326456e+08
4.449946243936312795e+08
4.670111111174427271e+08
4.899982638844212890e+08
5.139988993095783591e+08
5.390577354841696024e+08
5.652214707213498354e+08
5.925388653483662605e+08
6.210608266503580809e+08
6.508404970745506287e+08
6.819333458074780703e+08
7.143972638418471813e+08
7.482926626537618637e+08
7.836825766152815819e+08
8.206327692716755867e+08
8.592118436172723770e+08
8.994913565084929466e+08
9.415459373574961424e+08
9.854534112548702955e+08
1.031294926674962878e+09
1.079155087922780514e+09
1.129122092486891508e+09
1.181287873468451262e+09
1.235748247262337446e+09
1.292603066672438622e+09
1.351956379649394274e+09
1.413916593845540047e+09
1.478596647188473225e+09
1.546143170019920588e+09
1.616650963009551764e+09
1.690247693490042925e+09
1.767066307827274799e+09
1.847245235429544210e+09
1.930928600138944626e+09
2.018266439259542465e+09
2.109414930485589981e+09
2.204536627001933575e+09
2.303800701037972450e+09
2.407383196166038036e+09
2.515467288644889355e+09
2.628243558119197845e+09
2.745910267996370316e+09
2.868673655832963943e+09
2.996748234074131489e+09
3.130357101501178741e+09
3.269732265754314423e+09
3.415114977310094833e+09
3.566756075305901527e+09
3.724916345617088318e+09
3.889866891606165409e+09
4.061889517977649689e+09
