0.000000000000000000e+00
1.416498232485431712e+06
2.800212789992521517e+06
4.146152977577557322e+06
5.451846349491583183e+06
6.716031530291642994e+06
7.938198690366723575e+06
9.118347828564630821e+06
1.025683945577569865e+07
1.135429382372625731e+07
1.241151913293576613e+07
1.343944301912262663e+07
1.441875776996387728e+07
1.536093862537939101e+07
1.626712904227720015e+07
1.713849447427965701e+07
1.797620801172441989e+07
1.878143919883403555e+07
1.955534536348696426e+07
2.029906494826221094e+07
2.101371244356006756e+07
2.170037460748489574e+07
2.236010772109974548e+07
2.299393567712868005e+07
2.360284873896100000e+07
2.418780283753396571e+07
2.474971929823105037e+07
2.528948490971262753e+07
2.580795226262416318e+07
2.630594029918106273e+07
2.678423502530533448e+07
2.724359034575287998e+07
2.768472898987878859e+07
2.810834350163651258e+07
2.851509727231825143e+07
2.890562559860689566e+07
2.928053675187187642e+07
2.964041304742584750e+07
2.998581190476206318e+07
3.031726689169975370e+07
3.063528874693939835e+07
3.094036637683099881e+07
3.123296782322843745e+07
3.151354120018402860e+07
3.178251559795653448e+07
3.204030195339506865e+07
3.228729388623648882e+07
3.252386850123987719e+07
3.275038715638816729e+07
3.296719619763135165e+07
3.317259870877560601e+07
3.337106004865827784e+07
3.356076460917510837e+07
3.374200551350125670e+07
3.391506406662624329e+07
3.408021030755597353e+07
3.423770353470079601e+07
3.438779280556567013e+07
3.453071741185213625e+07
3.466670733106779307e+07
3.479598365571954101e+07
3.491875900113922358e+07
3.503523789296217263e+07
3.514561713524604589e+07
3.525008616018147022e+07
3.534882736031220853e+07
3.544201640414462984e+07
3.552982253598824143e+07
3.561240886083471030e+07
3.568993261504379660e+07
3.576254542357069999e+07
3.583039354443291575e+07
3.589361810108134896e+07
3.595235530330778658e+07
3.600673665728821605e+07
3.605688916533140838e+07
3.610293551587289572e+07
3.614499426422581822e+07
3.618318000457397103e+07
3.621760353366605192e+07
3.624837200664597005e+07
3.627558908543088287e+07
3.629935508002630621e+07
3.631976708314677328e+07
3.633691909849073738e+07
3.635090216299895942e+07
3.636180446340829879e+07
3.636971144739606977e+07
3.637470592959299684e+07
3.637686819272866845e+07
3.637627608415895700e+07
3.637300510801072419e+07
3.636712851316671818e+07
3.635871737730144709e+07
3.634784068716743588e+07
3.633456541532000154e+07
3.631895659345956147e+07
3.630107738255932927e+07
3.628098913993843645e+07
3.625851844974076748e+07
3.623416869143485278e+07
3.620778433468891680e+07
3.617942012161013484e+07
3.614912928573696315e+07
3.611696360366601497e+07
3.608297344452705234e+07
3.604720781740970165e+07
3.600971441683888435e+07
3.597053966639216244e+07
3.592972876054578274e+07
3.588732570483326167e+07
3.584337335439432412e+07
3.579791345099054277e+07
3.575098665855649859e+07
3.570263259735523909e+07
3.565288987680134177e+07
3.560179612701200694e+07
3.554938802914397418e+07
3.549570134457071871e+07
3.544077094295153767e+07
3.538463082924301922e+07
3.532731416969783604e+07
