0.000000000000000000e+00
2.817949093473028392e+07
1.349479062347814143e+08
2.594370644308713675e+08
3.598248331044378281e+08
4.334935516781117320e+08
4.869166293170559406e+08
5.260375523613540530e+08
5.550730424771528244e+08
5.768777430910928249e+08
5.933897580997828245e+08
6.060569754360848665e+08
6.155794119115874767e+08
6.227785447736140490e+08
6.281526564739329815e+08
6.320744675061707497e+08
6.348273284426862001e+08
6.366298193741240501e+08
6.376527936470191479e+08
6.380314002270578146e+08
6.378737059625607729e+08
6.372669746492149830e+08
6.362823045212482214e+08
6.349780980313763618e+08
6.334026891681509018e+08
6.315963549491273165e+08
6.295928712532317638e+08
6.274207276725493670e+08
6.251040845070934296e+08
6.226635328444374800e+08
6.201167028825901747e+08
6.174787542943838835e+08
6.147627741670531034e+08
6.119801019770312309e+08
6.091405965541063547e+08
6.062528566161085367e+08
6.033244039091957808e+08
6.003618360513827801e+08
5.973709546916824579e+08
5.943568734503357410e+08
5.913241092141106129e+08
5.882766596631007195e+08
5.852180693564393520e+08
5.821514862696198225e+08
5.790797103300585747e+08
5.760052352205414772e+08
5.729302844974420071e+08
5.698568428904764652e+08
5.667866835046186447e+08
5.637213915254974365e+08
5.606929396034234762e+08
5.576414059359763861e+08
5.545985516054915190e+08
5.515653944094794989e+08
5.485428452838212252e+08
5.455317192476192713e+08
5.425327450973716974e+08
5.395465740103377104e+08
5.365737871943586469e+08
5.336149027022612095e+08
5.306703815127733350e+08
5.277406329661326408e+08
5.248260196308181882e+08
5.219268616678296328e+08
5.190434407503539920e+08
5.161760035892927647e+08
5.133247651087864041e+08
5.104899113104038835e+08
5.076716018599464297e+08
5.048699724267104268e+08
5.020851368015214205e+08
4.993171888167413473e+08
4.965662040887811780e+08
4.938322416012761593e+08
4.911153451450562477e+08
4.884155446292149425e+08
4.857328572760193348e+08
4.830672887110072374e+08
4.804188339583902955e+08
4.777874783508158326e+08
4.751731983615733385e+08
4.725759623664907217e+08
4.699957313420335650e+08
4.674324595054335594e+08
4.648860949021043777e+08
4.623565799450674653e+08
4.598438519106522799e+08
4.573478433943054080e+08
4.548684827299905419e+08
4.524056943763141632e+08
4.499593992722144127e+08
4.475295151647995710e+08
4.451159569116598964e+08
4.427186367597796321e+08
4.403374646029810905e+08
4.379723482196401954e+08
4.356231934922886491e+08
4.332899046105386615e+08
4.309723842586737275e+08
4.286475940804818273e+08
4.263614688671525717e+08
4.240908118619478345e+08
4.218355213289643526e+08
4.195954947749583721e+08
4.173706290669028759e+08
4.151608205408079028e+08
4.129659651024609208e+08
4.107859583206814528e+08
4.086206955136511326e+08
4.064700718288257718e+08
4.043339823168858290e+08
4.022123220001830459e+08
4.001049859360496998e+08
3.980118692753597498e+08
3.959328673166749477e+08
3.938678755562815666e+08
3.918167897344140410e+08
3.897795058779359460e+08
3.877559203397126794e+08
3.857459298349211216e+08
3.837494314744938612e+08
3.817663227959325910e+08
