0.000000000000000000e+00
1.316131760626858521e+10
2.388009989167417145e+10
3.386716706153736496e+10
4.340541654486122894e+10
5.257937555752700806e+10
6.142688831593090057e+10
6.997022628503738403e+10
7.822520047820666504e+10
8.620447742626776123e+10
9.391898005861795044e+10
1.013874927866389771e+11
1.085988133911142578e+11
1.155729305935512848e+11
1.223179479922909851e+11
1.288416000820774841e+11
1.351512986929187317e+11
1.412541654501456604e+11
1.471570556078778076e+11
1.528665763659131165e+11
1.583891015397357178e+11
1.637307837423578186e+11
1.688975648161606445e+11
1.738951849970655518e+11
1.787291911337651062e+11
1.834049441828507690e+11
1.879276261342243652e+11
1.923022464769691162e+11
1.965336482858563232e+11
2.006265139879367676e+11
2.045853708540644531e+11
2.084145962497297058e+11
2.121184226719374695e+11
2.157009425931852722e+11
2.191661131293135376e+11
2.225177605447142334e+11
2.257595846058438721e+11
2.288951627919955444e+11
2.319279543707125854e+11
2.348613043439927063e+11
2.376984472704453430e+11
2.404425109677977600e+11
2.430965200995376587e+11
2.456633996490151367e+11
2.481459782839673157e+11
2.505469916141702576e+11
2.528690853447207031e+11
2.551148183273298950e+11
2.572866655119128723e+11
2.593870208007183533e+11
2.614156816497283936e+11
2.633805828813611450e+11
2.652806934478184204e+11
2.671181104239916992e+11
2.688948627000405884e+11
2.706129132984560242e+11
2.722741616094400940e+11
2.738804455469434204e+11
2.754335436277173462e+11
2.769351769757480469e+11
2.783870112544413452e+11
2.797906585289219971e+11
2.811476790607979736e+11
2.824595830377222900e+11
2.837278322400563354e+11
2.849538416469089966e+11
2.861389809837828369e+11
2.872845762140177002e+11
2.883919109761738281e+11
2.894622279694395752e+11
2.904967302890975952e+11
2.914965827140219116e+11
2.924629129481146851e+11
2.933968128175345459e+11
2.942993394254979248e+11
2.951715162663744507e+11
2.960143343007299805e+11
2.968287529929091187e+11
2.976157013126801758e+11
2.983760787024067993e+11
2.991107560111472778e+11
2.998205763970184937e+11
3.005063561991066284e+11
3.011688857801458130e+11
3.018089303411323853e+11
3.024272307089863892e+11
3.030245040983225098e+11
3.036014448483392944e+11
3.041587251357922363e+11
3.046969956649661255e+11
3.052168863355217285e+11
3.057190068890475464e+11
3.062039475351100464e+11
3.066722795575570068e+11
3.071245559017916870e+11
3.075613117437044067e+11
3.079830650409138794e+11
3.083903170669389648e+11
3.087835529288981323e+11
3.091623511641505127e+11
3.095288191666320801e+11
3.098826385924554443e+11
3.102242346097024536e+11
3.105540185847572021e+11
3.108723885120747681e+11
3.111797294309561157e+11
3.114764138297401733e+11
3.117628020378158569e+11
3.120392426058308716e+11
3.123060726744668579e+11
3.125636183321319580e+11
3.128121949619083252e+11
3.130521075780832520e+11
3.132836511525750122e+11
3.135071109315579224e+11
3.137227627425769653e+11
3.139308732924345093e+11
3.141317004561210327e+11
3.143254935570510254e+11
3.145124936388603516e+11
3.146929337290089722e+11
3.148670390944273071e+11
