0.000000000000000000e+00
5.666084585938827515e+09
1.048905754940996170e+10
1.503195475156535339e+10
1.945556757156749344e+10
2.380342424560147095e+10
2.809194028700180054e+10
3.232872460439255524e+10
3.651786198832130432e+10
4.066181347238522339e+10
4.476221119668567657e+10
4.882731570084037781e+10
5.284344942102088928e+10
5.681885486072827911e+10
6.075416228544434357e+10
6.464992983902662659e+10
6.850666548031719971e+10
7.232484112401657104e+10
7.610490201229336548e+10
7.984727307427966309e+10
8.355236332884869385e+10
8.722056898389920044e+10
9.085227564748829651e+10
9.444785992144268799e+10
9.800769055782127380e+10
1.015321293010224915e+11
1.050215315008403168e+11
1.084762465568949280e+11
1.118966182380584106e+11
1.152829849089412079e+11
1.186356796874262695e+11
1.219550305514803925e+11
1.252413604092988739e+11
1.284949871437472839e+11
1.317162236397316284e+11
1.349053778013266296e+11
1.380627525640751953e+11
1.411886459067337646e+11
1.442833508658110962e+11
1.473471555554777222e+11
1.503803431947802734e+11
1.533831921435556335e+11
1.563559759479747925e+11
1.592989633962662659e+11
1.622124185848353882e+11
1.650966009947258911e+11
1.679517655781419678e+11
1.707781628545642090e+11
1.735760390158457031e+11
1.763456360395591431e+11
1.790809029791686401e+11
1.817949283419815979e+11
1.844813741716705322e+11
1.871404668938222046e+11
1.897724293786606140e+11
1.923774810854032593e+11
1.949558382086079407e+11
1.975077138256519470e+11
2.000333180445274048e+11
2.025328581511857605e+11
2.050065387557170410e+11
2.074545619367029419e+11
2.098771273831451416e+11
2.122744325334223633e+11
2.146466727107934570e+11
2.169940412550178528e+11
2.193167296497211304e+11
2.216149276451903076e+11
2.238888233763297729e+11
2.261386034755638733e+11
2.283644531805140381e+11
2.305665564363233948e+11
2.327450959925418091e+11
2.349002534945210571e+11
2.370322095693039856e+11
2.391411439060221558e+11
2.412272353308430481e+11
2.432906618765368958e+11
2.453316008467488098e+11
2.473502288750881958e+11
2.493467219791585083e+11
2.513212556096691284e+11
2.532740046947814331e+11
2.552051436798515320e+11
2.571148465627408142e+11
2.590032869248719482e+11
2.608706379582138367e+11
2.627170724883796997e+11
2.645427629940279541e+11
2.663478816227551880e+11
2.681326002036690979e+11
2.698970902568308105e+11
2.716415229997509766e+11
2.733660693511237793e+11
2.750708999319799194e+11
2.767561850644321899e+11
2.784220947681868896e+11
2.800687987549885864e+11
2.816964664211577759e+11
2.833091614610874634e+11
2.848990772314304199e+11
2.864704645596868286e+11
2.880234914694203491e+11
2.895583256079979248e+11
2.910751342307682495e+11
2.925740841843070679e+11
2.940553418888492432e+11
2.955190733200118408e+11
2.969654439899158936e+11
2.983946189278032227e+11
2.998067626602406006e+11
3.012020391909986572e+11
3.025806119806868896e+11
3.039426439262230225e+11
3.052882973402049561e+11
3.066177339302541504e+11
3.079311147783945923e+11
3.092286003205194092e+11
3.105103503260040283e+11
3.117765238775128174e+11
3.130272793510428467e+11
3.142627743962497559e+11
