0.000000000000000000e+00
1.095345358711541891e+08
3.797240800690335631e+08
8.230730378741172552e+08
1.438487205577729464e+09
2.218169919560731888e+09
3.151006638895097256e+09
4.224460940904498577e+09
5.425679694025997162e+09
6.742134870771044731e+09
8.161981721336597443e+09
9.675112309598218918e+09
1.127051647527339172e+10
1.293910286151961327e+10
1.467268701656980133e+10
1.646393455861631584e+10
1.830629369395444489e+10
2.019392415652630234e+10
2.212162690169677734e+10
2.408477709451127243e+10
2.607926176683752823e+10
2.810142276940135574e+10
3.014800517413089752e+10
3.221611099580471802e+10
3.430315793685360718e+10
3.640684277301790619e+10
3.852510896204214478e+10
4.065611805372365570e+10
4.279822449480847168e+10
4.494995344813381958e+10
4.710998127664508057e+10
4.927711837601577759e+10
5.145029407243363953e+10
5.362854333341596222e+10
5.581099506859207153e+10
5.799686182391886139e+10
6.018543069669315338e+10
6.237605532005270386e+10
6.456814878456125641e+10
6.676117738114060211e+10
6.895465506425158691e+10
7.114813854704650879e+10
7.334122295141850281e+10
7.553353794564903259e+10
7.772474431087451172e+10
7.991453088501451111e+10
8.210261183926499939e+10
8.428872424788562012e+10
8.647262591690664673e+10
8.865409344164648438e+10
9.083294784103414917e+10
9.300897271036607361e+10
9.518199113473439026e+10
9.735183903691517639e+10
9.951836404071221924e+10
1.016814244459383545e+11
1.038408883028274689e+11
1.059966325751114807e+11
1.081485423822589874e+11
1.102965103124795227e+11
1.124404357990675812e+11
1.145802245535141144e+11
1.167157880495620117e+11
1.188470430530414581e+11
1.209739111929013062e+11
1.230963185693633423e+11
1.252141953955777435e+11
1.273274756695546417e+11
1.294360968734986877e+11
1.315399996979829407e+11
1.336391277886735229e+11
1.357334275135584259e+11
1.378228477488493958e+11
1.399073396819158630e+11
1.419868566297790527e+11
1.440613538718442688e+11
1.461307884956817322e+11
1.481951192547858582e+11
1.502543064373463135e+11
1.523083117451593933e+11
1.543570981818896179e+11
1.564006299499677124e+11
1.584388723554749146e+11
1.604717917204249573e+11
1.624993553019055176e+11
1.645215312175895691e+11
1.665382883771682129e+11
1.685495964192949829e+11
1.705554256536648560e+11
1.725557470078813782e+11
1.745505319787934570e+11
1.765397525880066833e+11
1.785233813412967529e+11
1.805013911916725159e+11
1.824737555058537292e+11
1.844404480339447937e+11
1.864014428821013489e+11
1.883567144879986877e+11
1.903062375989240112e+11
1.922499293926262512e+11
1.941878227936929932e+11
1.961198933731032715e+11
1.980461169467391968e+11
1.999664695642990723e+11
2.018809274999659424e+11
2.037894672447153320e+11
2.056920655001502991e+11
2.075886991737588501e+11
2.094793453754934998e+11
2.113639814155783386e+11
2.132425848034533691e+11
2.151151332477702637e+11
2.169816046573583069e+11
2.188419771430828857e+11
2.206962290205225220e+11
2.225443388133949890e+11
2.243862852576648560e+11
2.262220473062695007e+11
2.280516041344030762e+11
2.298749351453009949e+11
2.316920199764698486e+11
2.335028385063116760e+11
