0.000000000000000000e+00
1.422809443621892249e+06
2.834603001371955499e+06
4.239188092739718035e+06
5.638556098590053618e+06
7.030986149598311633e+06
8.412284083826616406e+06
9.778861466904107481e+06
1.112919163544547930e+07
1.246323083992134407e+07
1.378147102627441660e+07
1.508444197402411886e+07
1.637257855925582536e+07
1.764623304708072171e+07
1.890571576485914737e+07
2.015132387846617028e+07
2.138335189393917471e+07
2.260208976294548437e+07
2.380781629104700685e+07
2.500079306627442315e+07
2.618126106962478533e+07
2.734944008792279288e+07
2.850553016268391535e+07
2.964971416211666539e+07
3.078216074022026360e+07
3.190302719700731337e+07
3.301246197141747549e+07
3.411060665659971535e+07
3.519759753009536862e+07
3.627356665105336905e+07
3.733864260478569567e+07
3.839295098170218617e+07
3.943661467105637491e+07
4.046975403633275628e+07
4.149248702314056456e+07
4.250492923517632484e+07
4.350719400083635002e+07
4.449939244303577393e+07
4.548163355767957866e+07
4.645402430162516236e+07
4.741666968832436204e+07
4.836967288808797300e+07
4.931313532960450649e+07
5.024715679959919304e+07
5.117183553807020932e+07
5.208726832720477134e+07
5.299355057274342328e+07
5.389077637715870142e+07
5.477903860451248288e+07
5.565842893724275380e+07
5.652903792540878057e+07
5.739095502910435200e+07
5.824426865484708548e+07
5.908906618678408861e+07
5.992543401353639364e+07
6.075345755145176500e+07
6.157322126495982707e+07
6.238480868463556468e+07
6.318830242348538339e+07
6.398378419188003987e+07
6.477133481147468090e+07
6.555103422838132828e+07
6.632296152579374611e+07
6.708719493620999902e+07
6.784381185335338116e+07
6.859288884385688603e+07
6.933450165874974430e+07
7.006872524476426840e+07
7.079563375546774268e+07
7.151530056221483648e+07
7.222779826491078734e+07
7.293319870257341862e+07
7.363157296368159354e+07
7.432299139629893005e+07
7.500752361796405911e+07
7.568523852534066141e+07
7.635620430362425745e+07
7.702048843570475280e+07
7.767815771108669043e+07
7.832927823457171023e+07
7.897391543470919132e+07
7.961213407202304900e+07
8.024399824702382088e+07
8.086957140801581740e+07
8.148891635871002078e+07
8.210209526565326750e+07
8.270916966548474133e+07
8.331020047203001380e+07
8.390524798324321210e+07
8.449437188800679147e+07
8.507763127279818058e+07
8.565508462823191285e+07
8.622678985548500717e+07
8.679280427261306345e+07
8.735318462076327205e+07
8.790798707029065490e+07
8.845726722678257525e+07
8.900108013699640334e+07
8.953948029471443594e+07
9.007252164651980996e+07
9.060025759749686718e+07
9.112274101685853302e+07
9.164002424350349605e+07
9.215215909150534868e+07
9.265919685553564131e+07
9.316118831622260809e+07
9.365818374544708431e+07
9.415023291157698631e+07
9.463738508464166522e+07
9.511968904144716263e+07
9.559719307063342631e+07
9.606994497767449915e+07
9.653799208982244134e+07
9.700138126099601388e+07
9.746015887661460042e+07
9.791437085837857425e+07
9.836406266899643838e+07
9.880927931685963273e+07
9.925006536066584289e+07
9.968646491399115324e+07
1.001185216498120874e+08
1.005462788049780130e+08
