0.000000000000000000e+00
3.333700814367678948e+06
6.504776832090648822e+06
9.379725803027421236e+06
1.188615500231764838e+07
1.406638037277636118e+07
1.598353636950466223e+07
1.768654242499974743e+07
1.921378211947582290e+07
2.059645421582853422e+07
2.185923884441895783e+07
2.303213160673147440e+07
2.410622451589050144e+07
2.510448362575072423e+07
2.603552184898488224e+07
2.690639656509553641e+07
2.772304786066785827e+07
2.849055927688834816e+07
2.921331706178851053e+07
2.989511811823434755e+07
3.053925423385031521e+07
3.114858493427551538e+07
3.172560297166343778e+07
3.227249290947045013e+07
3.279118234218859300e+07
3.328338548827277496e+07
3.375063938457036763e+07
3.419433333044739813e+07
3.461573247695726156e+07
3.501599654139366001e+07
3.539619459636329859e+07
3.575731678235264122e+07
3.610028366082981974e+07
3.642595378671699017e+07
3.673512995016200840e+07
3.702856442603785545e+07
3.730696347847662121e+07
3.757099129668246210e+07
3.782127348510277271e+07
3.805840019276979566e+07
3.828292894009748846e+07
3.849538718370877206e+07
3.869627464849910885e+07
3.888606544912905991e+07
3.906521001898013800e+07
3.923413686222553998e+07
3.939325414330334961e+07
3.954295112725016475e+07
3.968359948375197500e+07
3.981555446722007543e+07
3.993796023876313120e+07
4.005361252934955806e+07
4.016154584528301656e+07
4.026205962100406736e+07
4.035544129611413181e+07
4.044196697390207648e+07
4.052190202265165746e+07
4.059550162620186806e+07
4.066301128951736540e+07
4.072466730436234176e+07
4.078069717956309766e+07
4.083132003979335725e+07
4.087674699632316083e+07
4.091718149273432791e+07
4.095281962821767479e+07
4.098385046073067188e+07
4.101045629199751467e+07
4.103281293607927114e+07
4.105108997302076966e+07
4.106545098889061809e+07
4.107605380336721987e+07
4.108305068588522822e+07
4.108658856123395264e+07
4.108680920539970696e+07
4.108384943235295266e+07
4.107784127240781486e+07
4.106891214271385968e+07
4.105718501038643718e+07
4.104277854873108119e+07
4.102580728697618097e+07
4.100638175389206409e+07
4.098460861563985050e+07
4.096059080816876888e+07
4.093442766445093602e+07
4.090621503682544082e+07
4.087604541469871253e+07
4.084400803783363104e+07
4.081018900544297695e+07
4.077467138128652424e+07
4.073753529496046901e+07
4.069885803955418617e+07
4.065871416583815962e+07
4.061717557313754410e+07
4.057431159703639895e+07
4.053018909404858202e+07
4.048487252338331938e+07
4.043842402592699975e+07
4.039090350055448711e+07
4.034236867787877470e+07
4.029237559846386313e+07
4.024196826749037951e+07
4.019070802939938754e+07
4.013864461280818284e+07
4.008582591238119453e+07
4.003229804914755374e+07
3.997810542886716127e+07
3.992329079851709306e+07
3.986789530096402019e+07
3.981195852788855880e+07
3.975551857102051377e+07
3.969861207174504548e+07
3.964127426913483441e+07
3.958353904646051675e+07
3.952543897623251379e+07
3.946700536382053047e+07
3.940826828969989717e+07
3.934925665036764741e+07
3.928999819797266275e+07
3.923051957870081812e+07
3.917084636995468289e+07
3.911100311636658758e+07
3.905101336468137801e+07
