0.000000000000000000e+00
6.935161944231294910e+02
5.104475680569560609e+03
1.763072652569506681e+04
4.310244061077052174e+04
8.609646669292634760e+04
1.504498590104032774e+05
2.389800935329131898e+05
3.534021617584386258e+05
4.944023159476798028e+05
6.618096802902832860e+05
8.550573152862022398e+05
1.072623461319863563e+06
1.312983298366521252e+06
1.574482348510920303e+06
1.855431761173609411e+06
2.154171212553921156e+06
2.469107389166610781e+06
2.798735332808193285e+06
3.141648419928189833e+06
3.496541166005348787e+06
3.862207711448754650e+06
4.237537845542035066e+06
4.621511730525305495e+06
5.013194031618483365e+06
5.411727871391464956e+06
5.816328851681012660e+06
6.226279281907904893e+06
6.640922691245858558e+06
7.059658665851622820e+06
7.481938030500917695e+06
7.907258380240499042e+06
8.335159958595235832e+06
8.765221872608939186e+06
9.197058630585549399e+06
9.630316985328188166e+06
1.006467306366187334e+07
1.049982976188139804e+07
1.093551438633646816e+07
1.137147651851492934e+07
1.180748608458367735e+07
1.224333161027827673e+07
1.267881864319199324e+07
1.311376832581349276e+07
1.354801610402657092e+07
1.398141055715791881e+07
1.441381233699675836e+07
1.484509320448357612e+07
1.527513515395420603e+07
1.570382961591946892e+07
1.613109167119704187e+07
1.655681544539950229e+07
1.698091649291666970e+07
1.740331725844537839e+07
1.782394656812652946e+07
1.824273916271693632e+07
1.865963526883669943e+07
1.907458020476045832e+07
1.948752401759616658e+07
1.989842114902495593e+07
2.030723012706588209e+07
2.071391328158508614e+07
2.111843648149474338e+07
2.152076889178728312e+07
2.192088274872783199e+07
2.231875315168592334e+07
2.271435787022855133e+07
2.310767716522300243e+07
2.349869362281100079e+07
2.388739200021778420e+07
2.427375908245133236e+07
2.465778354902996868e+07
2.503945584995150566e+07
2.541876809018498659e+07
2.579571392202763632e+07
2.617028844472561404e+07
2.654248811080786213e+07
2.691231063862865791e+07
2.727975493065640330e+07
2.764482099708460271e+07
2.800750988437568769e+07
2.836782360838039592e+07
2.872576509170408919e+07
2.908133810501806438e+07
2.943454721203798056e+07
2.978539771791352332e+07
3.013389562079351023e+07
3.048004756634922698e+07
3.082386080505523086e+07
3.116534315204261243e+07
3.150450294935347512e+07
3.184134903043847904e+07
3.217589068675087765e+07
3.250813763630153239e+07
3.283809999404906854e+07
3.316578824400867522e+07
3.349121321297119558e+07
3.381438604573199898e+07
3.413531818173619360e+07
3.445399910322108120e+07
3.477046312477878481e+07
3.508472244479582459e+07
3.539678947522033751e+07
3.570667682410757244e+07
3.601439727914056927e+07
3.631996379206884652e+07
3.662338946401169896e+07
3.692468753157613426e+07
3.722387135374265909e+07
3.752095439947521687e+07
3.781595023601415753e+07
3.810887251781386882e+07
3.839973497608902305e+07
3.868855140893553197e+07
3.897533567199458182e+07
3.926010166962977499e+07
3.954286334658947587e+07
3.982363468012791872e+07
4.010242967256038636e+07
4.037926234422907978e+07
4.065414672685771435e+07
4.092709685727424175e+07
