0.000000000000000000e+00
6.521605280484764080e+02
8.665591639093761842e+03
3.839784670011480921e+04
1.085874671260049217e+05
2.399209788886384631e+05
4.528459011140087969e+05
7.654062303700606572e+05
1.191284711152224801e+06
1.738425582491635578e+06
2.408568341045124922e+06
3.206245312422761228e+06
4.107268820007760078e+06
5.107923944996213540e+06
6.196112066678958945e+06
7.359957231285776943e+06
8.588677610286755487e+06
9.873064028614399955e+06
1.120565545614243113e+07
1.258071272180584446e+07
1.399407668341929652e+07
1.544297356598529592e+07
1.692580791936528683e+07
1.844196638835236430e+07
1.999164365607894212e+07
2.157569454961730540e+07
2.319551211350817233e+07
2.485292935363435000e+07
2.655014150953076780e+07
2.828964557552567497e+07
3.007419401305348054e+07
3.190675997284784168e+07
3.379051176249670237e+07
3.572879469355893135e+07
3.772511879688300192e+07
3.978315119658172131e+07
4.190671218317326158e+07
4.409977422983903438e+07
4.636646335919974744e+07
4.871106239820616692e+07
5.113801576180940866e+07
5.365193548733708262e+07
5.625760830538661033e+07
5.896000358318743110e+07
6.176428201569038630e+07
6.467580497044997662e+07
6.770014441650992632e+07
7.084309338643468916e+07
7.411067693548938632e+07
7.750916357365277410e+07
8.100901568433545530e+07
8.468767103493602574e+07
8.851754472570766509e+07
9.250599947109907866e+07
9.666070524895085394e+07
1.009896534549560696e+08
1.055011715338139832e+08
1.102039381004850119e+08
1.151069985666045249e+08
1.202197812885167301e+08
1.255521142546006888e+08
1.311142423306449801e+08
1.369168450830067396e+08
1.429710552001932859e+08
1.492884775343859792e+08
1.558812087852488160e+08
1.627618578492083848e+08
1.699435668582100868e+08
1.774400329328026175e+08
1.852655306752558053e+08
1.934349354292978048e+08
2.019637473339642882e+08
2.108681161999861300e+08
2.201648672381139100e+08
2.298715276697859168e+08
2.400063542515706122e+08
2.505883617459120750e+08
2.616373523718027174e+08
2.731739462701649070e+08
2.852196130199185014e+08
2.977967042419246435e+08
3.109284873292747140e+08
3.246391803436908722e+08
3.389539881191465259e+08
3.538991396151973605e+08
3.695019265639402270e+08
3.857907434559693336e+08
4.027951289122053981e+08
4.205458084900328517e+08
4.390747389737418890e+08
4.584151542009261250e+08
4.786016124781755209e+08
4.996700456411094666e+08
5.216578098155984282e+08
5.446037379388636351e+08
5.685481941010111570e+08
5.935331297695555687e+08
6.196021419614584446e+08
6.468005334293310642e+08
6.754652283144736290e+08
7.050779298963117599e+08
7.359673048049135208e+08
7.681861433723182678e+08
8.017892760226920843e+08
8.368336470940066576e+08
8.733783912059789896e+08
9.114849122604734898e+08
9.512169651634345055e+08
9.926407403603897095e+08
1.035824951280654430e+09
1.080840924788517237e+09
1.127762694743078709e+09
1.176667098771725416e+09
1.227633878365939379e+09
1.280745782411675692e+09
1.336088674270468473e+09
1.393751642531359196e+09
1.453827115557804346e+09
1.516410979958064318e+09
1.581602703111870766e+09
1.649505459890769243e+09
1.720226263714844227e+09
