0.000000000000000000e+00
2.817949093473028392e+06
1.631273971695117094e+07
4.225644616003830731e+07
7.823892947048209608e+07
1.215882846382932663e+08
1.702799475699988604e+08
2.228837028061342835e+08
2.783910070538495779e+08
3.360787813629588485e+08
3.954177571729371548e+08
4.560234547165455818e+08
5.175813959077043533e+08
5.798592503850657940e+08
6.426745160324591398e+08
7.058819627830761671e+08
7.693646956273447275e+08
8.330276775647572279e+08
8.967929569294590950e+08
9.605960969521648884e+08
1.024383467548420906e+09
1.088110165013342619e+09
1.151738395465467215e+09
1.215236205268604994e+09
1.278576474185419798e+09
1.341736109680332661e+09
1.404695396805655718e+09
1.467437469572910786e+09
1.529947878023620129e+09
1.592214231308063745e+09
1.654225901596322775e+09
1.715973777025761127e+09
1.777450054442466497e+09
1.838648064640169621e+09
1.899562124295580387e+09
1.960187409957191229e+09
2.020519850348110676e+09
2.080556033953248978e+09
2.140293129422417164e+09
2.199728816767450809e+09
2.258861227688861847e+09
2.317688893655171871e+09
2.376210700590816021e+09
2.434425849217777729e+09
2.492333820250783443e+09
2.549934343772838116e+09
2.607227372222581863e+09
2.664213056511629581e+09
2.720891724862091541e+09
2.777263864014641285e+09
2.833333157974983692e+09
2.889097298568581581e+09
2.944557153729130745e+09
2.999713693170078754e+09
3.054567977698461056e+09
3.109121149623222828e+09
3.163374424132959843e+09
3.217329081533993721e+09
3.270986460253429413e+09
3.324347950523655891e+09
3.377414988674932957e+09
3.430189051971546173e+09
3.482671653934628487e+09
3.534864340101411819e+09
3.586768684176446915e+09
3.638386284535376072e+09
3.689718761046255112e+09
3.740767752177295208e+09
3.791534912363289833e+09
3.842021909605960846e+09
3.892230423286113262e+09
3.942162142167787552e+09
3.991818762576665878e+09
4.041201986736793041e+09
4.090313521251298904e+09
4.139155075714220047e+09
4.187728361441821575e+09
4.236035090312922001e+09
4.284076973708761215e+09
4.331855721543842316e+09
4.379373041380000114e+09
4.426630637616648674e+09
4.473630210750852585e+09
4.520373456701395988e+09
4.566862066191606522e+09
4.613097724186113358e+09
4.659082109377178192e+09
4.704816893716609001e+09
4.750303741989607811e+09
4.795544311427238464e+09
4.840540251354460716e+09
4.885293202870940208e+09
4.929804798562106133e+09
4.974076662238084793e+09
5.018110408698382378e+09
5.061907643520346642e+09
5.105469962869575500e+09
5.148798953330630302e+09
5.191896191756497383e+09
5.234760951164546013e+09
5.277397098051260948e+09
5.319806179237455368e+09
5.361989731370351791e+09
5.403949280847846985e+09
5.445686343754537582e+09
5.487202425808618546e+09
5.528499022318864822e+09
5.569577618150932312e+09
5.610439687702297211e+09
5.651086694885180473e+09
5.691520093116868973e+09
5.731741325316886902e+09
5.771751823910491943e+09
5.811553010838027954e+09
5.851146297569695473e+09
5.890533085125324249e+09
5.929714764098765373e+09
5.968692714686558723e+09
6.007468306720530510e+09
6.046042899704022408e+09
6.084417842851471901e+09
6.122594475131065369e+09
