0.000000000000000000e+00
1.039374657843982428e+08
2.005550673497014940e+08
2.846011420340332389e+08
3.568649847474974394e+08
4.200564978153151870e+08
4.765384134011729360e+08
5.280255376681256890e+08
5.757254723248875141e+08
6.204963276157243252e+08
6.629597796758959293e+08
7.039738483629980087e+08
7.430759433790849447e+08
7.809467585014537573e+08
8.177940655378233194e+08
8.537824448751846552e+08
8.890439129947509766e+08
9.236855525594485998e+08
9.577950865891056061e+08
9.914450159808408022e+08
1.024695735563107252e+09
1.057597912173434854e+09
1.090194321661302090e+09
1.122521283767033577e+09
1.154609794388552666e+09
1.186486427482909918e+09
1.218174059723112822e+09
1.249692457429427624e+09
1.281058755498316050e+09
1.312287850912820816e+09
1.343392728157113552e+09
1.374384729940692902e+09
1.405273783692641020e+09
1.436068592052006006e+09
1.466776793870742559e+09
1.497405100926800966e+09
1.527959414520190716e+09
1.558444925322385073e+09
1.588866199217288971e+09
1.619227251370521545e+09
1.649531610363637924e+09
1.679782373908770323e+09
1.709982257400134087e+09
1.740133636348617792e+09
1.770238583574359179e+09
1.800298901891965866e+09
1.830316152907545090e+09
1.860291682451374292e+09
1.890226643090930223e+09
1.920122014103089333e+09
1.949680242714531898e+09
1.979499143832091331e+09
2.009280516495791674e+09
2.039024807206920624e+09
2.068732360675042152e+09
2.098403429967342377e+09
2.128038185627374172e+09
2.157636723880105019e+09
2.187199074025264740e+09
2.216725205108349323e+09
2.246215031947608948e+09
2.275668420585706234e+09
2.305085193226912498e+09
2.334465132713104725e+09
2.363807986585961819e+09
2.393113470777245045e+09
2.422381272964230061e+09
2.451611055623455048e+09
2.480802458812044144e+09
2.509955102702913761e+09
2.539068589897265911e+09
2.568142507535176754e+09
2.597176429223304749e+09
2.626169916796243191e+09
2.655122521926821709e+09
2.684033787598884106e+09
2.712903249454800129e+09
2.741730437028713703e+09
2.770514874875505447e+09
2.799256083604583263e+09
2.827953580826418400e+09
2.856606882019483089e+09
2.885215501324083805e+09
2.913778952269285679e+09
2.942296748438405514e+09
2.970768404078182697e+09
2.999193434656044960e+09
3.027571357369822979e+09
3.055901691613702297e+09
3.084183959403696537e+09
3.112417685766140938e+09
3.140602399091864586e+09
3.168737631458795071e+09
3.196822918925503254e+09
3.224857801797771454e+09
3.252841824870485306e+09
3.280774537646430016e+09
3.308655494534042358e+09
3.336484255025466442e+09
3.364537877895921230e+09
3.392260412421801567e+09
3.419929456832186222e+09
3.447544592449314594e+09
3.475105406324405670e+09
3.502611491325321198e+09
3.530062446212781906e+09
3.557457875706122875e+09
3.584797390539170742e+09
3.612080607507164478e+09
3.639307149505219460e+09
3.666476645559083939e+09
3.693588730848669052e+09
3.720643046724919796e+09
3.747639240720541477e+09
3.774576966554980278e+09
3.801455884134167671e+09
3.828275659545331955e+09
3.855035965047286510e+09
3.881736479056613922e+09
3.908376886129887104e+09
3.934956876942399025e+09
3.961476148263565540e+09
