0.000000000000000000e+00
1.131859172108594328e+07
3.890269645234790444e+07
8.358509497197844088e+07
1.447691953476587236e+08
2.211835350960801840e+08
3.112530523211341500e+08
4.133052352095065117e+08
5.256877445797358751e+08
6.468340605718324184e+08
7.752974670071907043e+08
9.098194627865738869e+08
1.049159727195885181e+09
1.192276914735305071e+09
1.338254125647831440e+09
1.486288778618497849e+09
1.635681795672256470e+09
1.785826845665993929e+09
1.936200081641530752e+09
2.086350606343026400e+09
2.235891772173308849e+09
2.384493342059579849e+09
2.531874489641370296e+09
2.677797589872191906e+09
2.822062737186607361e+09
2.964502922925601959e+09
3.104979803483970165e+09
3.243379993502383709e+09
3.379611822977656364e+09
3.513602502510969162e+09
3.645295646492304325e+09
3.774649109488152504e+09
3.901633096262152195e+09
4.026228510612548828e+09
4.148425512514255047e+09
4.268222256902227879e+09
4.385623790844385147e+09
4.500641088856256485e+09
4.613290208741827965e+09
4.723591552643134117e+09
4.831569219982282639e+09
4.937250440718736649e+09
5.040665078854098320e+09
5.141845197425613403e+09
5.240824677364140511e+09
5.337638883575496674e+09
5.432324372456152916e+09
5.524918635792829514e+09
5.615459876636072159e+09
5.703986813293650627e+09
5.790558066379812241e+09
5.875192941341053009e+09
5.957930759247264862e+09
6.038810793190475464e+09
6.117872169772430420e+09
6.195153783800102234e+09
6.270694224644958496e+09
6.344531712905937195e+09
6.416704046177223206e+09
6.487248552862879753e+09
6.556202053104067802e+09
6.623600825993035316e+09
6.689480582343311310e+09
6.753876442369335175e+09
6.816822917702454567e+09
6.878353897235208511e+09
6.938502636343063354e+09
6.997301749083380699e+09
7.054783203016054153e+09
7.110978316329811096e+09
7.165917756993141174e+09
7.219631543679840088e+09
7.272149048246663094e+09
7.323498999564984322e+09
7.373709488530064583e+09
7.422807974090808868e+09
7.470821290160040855e+09
7.517775653280644417e+09
7.563696670936502457e+09
7.608609350409318924e+09
7.652538108093268394e+09
7.695506779189071655e+09
7.737538627707744598e+09
7.778656356722004890e+09
7.818882118810249329e+09
7.858237526644146919e+09
7.896743663676503181e+09
7.934421094890944481e+09
7.971289877579463959e+09
8.007369572117815018e+09
8.042679252712332726e+09
8.077237518094944954e+09
8.111062502146018028e+09
8.144171884427229881e+09
8.176582900609015465e+09
8.208312352779135704e+09
8.239376619620830536e+09
8.269791666450641632e+09
8.299573055107500076e+09
8.328729844076313972e+09
8.357283072819705963e+09
8.385247146791037560e+09
8.412636106002117157e+09
8.439463634082745552e+09
8.465743067164627075e+09
8.491487402588054657e+09
8.516709307430446625e+09
8.541421126856287003e+09
8.565634892288550377e+09
8.589362329402061462e+09
8.612614865939670563e+09
8.635403639352396011e+09
8.657739504265020370e+09
8.679633039768844604e+09
8.701094556543554306e+09
8.722134103810306549e+09
8.742761476118343353e+09
8.762986219967569351e+09
8.782817640269630432e+09
8.802264806650152206e+09
8.821336559594871521e+09
8.840041516442462921e+09
