0.000000000000000000e+00
1.422357523734186543e+06
2.828497638861791231e+06
4.210111045234094374e+06
5.552376501110769808e+06
6.839130828337869607e+06
8.059857779466952197e+06
9.212577679928110912e+06
1.030138605704357103e+07
1.133258120347181521e+07
1.231235621123227477e+07
1.324610934527974389e+07
1.413848240321398713e+07
1.499354980936900154e+07
1.581495645926527493e+07
1.660597972434509359e+07
1.736954593689413741e+07
1.810823470898163319e+07
1.882429069916034862e+07
1.951964845388572291e+07
2.019596759681868553e+07
2.085467280011739209e+07
2.149699341909641027e+07
2.212399935053676739e+07
2.273663139669194445e+07
2.333572571972390637e+07
2.392203279040197283e+07
2.449623165847958252e+07
2.505894051781536639e+07
2.561072450966360047e+07
2.615210158102335408e+07
2.668354704745380580e+07
2.720549733859993517e+07
2.771835325206542015e+07
2.822248291791798919e+07
2.871822458454957977e+07
2.920588927426587790e+07
2.968576331868025288e+07
3.015811076378973201e+07
3.062317562693033740e+07
3.108118398799245059e+07
3.153234590178298205e+07
3.197685712476049364e+07
3.241490065592877567e+07
3.284664809751168638e+07
3.327226084568154439e+07
3.369189112492752820e+07
3.410568288167815655e+07
3.451377255369191617e+07
3.491628973171165586e+07
3.531335772916255891e+07
3.570509407447057962e+07
3.609161093907220662e+07
3.647301551253197342e+07
3.684941033450122178e+07
3.722089359163101017e+07
3.758755938605436683e+07
3.794949798071730882e+07
3.830679602568186820e+07
3.865953676855231076e+07
3.900780025138019770e+07
3.935166349577158689e+07
3.969120067743109167e+07
4.002648329101310670e+07
4.035758030588893592e+07
4.068455831326062232e+07
4.100748166493917257e+07
4.132641260404152423e+07
4.164141138783280551e+07
4.195253640293745697e+07
4.225984427315516025e+07
4.256338996013893932e+07
4.286322685721699893e+07
4.315940687666425109e+07
4.345198053075052053e+07
4.374099700690902025e+07
4.402650423737988621e+07
4.430854896368935704e+07
4.458717679632518440e+07
4.486243226996401697e+07
4.513435889459757507e+07
4.540299920289116353e+07
4.566839479409269243e+07
4.593058637479209900e+07
4.618961379681177437e+07
4.644551609248832613e+07
4.669833150758523494e+07
4.694809753205544502e+07
4.719485092885311693e+07
4.743862776097433269e+07
4.767946341688847542e+07
4.791739263450503349e+07
4.815244952380478382e+07
4.838466758824996650e+07
4.861407974507509172e+07
4.884071834454810619e+07
4.906461518828133494e+07
4.928580154666242003e+07
4.950430817546705157e+07
4.972016533170849830e+07
4.993340278877266496e+07
5.014404985088197887e+07
5.035213536692699045e+07
5.055768774370061606e+07
5.076073495856662095e+07
5.096130457159110904e+07
5.115942373716346174e+07
5.135511921513104439e+07
5.154841738147043437e+07
5.173934423851618171e+07
5.192792542476733774e+07
5.211418622429029644e+07
5.229815157573620230e+07
5.247984608098976314e+07
5.265929401346608996e+07
5.283651932607103139e+07
5.301154565884029865e+07
5.318439634627174586e+07
5.335509442436490208e+07
5.352366263738106936e+07
5.369012344433703274e+07
5.385449902524476498e+07
