0.000000000000000000e+00
1.123059644769412279e+09
2.893144774806127548e+09
4.946663181676180840e+09
7.143912511711173058e+09
9.419815424982927322e+09
1.173972269202650452e+10
1.408343032162690163e+10
1.643837423125456047e+10
1.879636557556135559e+10
2.115187793326473999e+10
2.350100583205147171e+10
2.584110423142218399e+10
2.817024949375957108e+10
3.048705688593548203e+10
3.279052805233394241e+10
3.507994661004737091e+10
3.735480502200178528e+10
3.961475234939388275e+10
4.185955627116358948e+10
4.408907505489069366e+10
4.630323659660159302e+10
4.850202256404299927e+10
5.068545627824246216e+10
5.285359336915637207e+10
5.500651451405117798e+10
5.714431975606035614e+10
5.926712403301574707e+10
6.137505364117878723e+10
6.346824342672716522e+10
6.554683454768987274e+10
6.761097268582586670e+10
6.966080661539476013e+10
7.169648705643891907e+10
7.371816575589613342e+10
7.572599475188156128e+10
7.772012578574913025e+10
7.970070983374324036e+10
8.166789673567971802e+10
8.362183490252122498e+10
8.556267108821128845e+10
8.749055021391242981e+10
8.940561523501489258e+10
9.130800704306347656e+10
9.319786439618551636e+10
9.507532387276202393e+10
9.694051984402641296e+10
9.879358446204072571e+10
1.006346476601251068e+11
1.024638371633286896e+11
1.042813953742786865e+11
1.060873275730400543e+11
1.078817550164246063e+11
1.096647968599321289e+11
1.114365701946124573e+11
1.131971900861617432e+11
1.149467696156198578e+11
1.166854199211477661e+11
1.184132502404570618e+11
1.201303679535410919e+11
1.218368786254223175e+11
1.235328860486839142e+11
1.252184922855991974e+11
1.268937977097093506e+11
1.285589010467317657e+11
1.302138994147065735e+11
1.318588883633115234e+11
1.334939619122927094e+11
1.351192125889734192e+11
1.367347314648167114e+11
1.383406081910260620e+11
1.399369310331781921e+11
1.415237869048881226e+11
1.431012614005121460e+11
1.446694388268996277e+11
1.462284022342072144e+11
1.477782334457921143e+11
1.493190130872041931e+11
1.508508206142966309e+11
1.523737343404780579e+11
1.538878314631282349e+11
1.553931880892011414e+11
1.568898792600391235e+11
1.583779789754219055e+11
1.598575602168742981e+11
1.613286949702562256e+11
1.627914542476586609e+11
1.642459081086278381e+11
1.656921256807411499e+11
1.671301751795556641e+11
1.685601239279516907e+11
1.699820383748916016e+11
1.713959841136145935e+11
1.728020258992868652e+11
1.742002276661262512e+11
1.755906525440201111e+11
1.769733628746535645e+11
1.783484202271662903e+11
1.797158854133536072e+11
1.810757434823310242e+11
1.824281293849440918e+11
1.837731017407723083e+11
1.851107184687480164e+11
1.864410368003068237e+11
1.877641132921704712e+11
1.890800038387753601e+11
1.903887636843589172e+11
1.916904474347159424e+11
1.929851090686358643e+11
1.942728019490326538e+11
1.955535788337770081e+11
1.968274918862421570e+11
1.980945926855718994e+11
1.993549322366813354e+11
2.006085609799987793e+11
2.018555288009575500e+11
2.030958850392467041e+11
2.043296784978278809e+11
2.055569574517268066e+11
2.067777696566066284e+11
2.079921623571303406e+11
2.092001822951192627e+11
