0.000000000000000000e+00
1.087345955263135719e+10
2.146642110904676437e+10
3.171236136359363937e+10
4.159586178744087219e+10
5.111902358447982788e+10
6.029174013753450775e+10
6.912729856254643250e+10
7.764016532678247070e+10
8.584485425755178833e+10
9.375536923978923035e+10
1.014101322831179047e+11
1.087685804192851715e+11
1.158702069181011047e+11
1.227258044378031921e+11
1.293454499307994995e+11
1.357385736754552002e+11
1.419140255179522705e+11
1.478801353308404846e+11
1.536447666581823730e+11
1.592153635442399292e+11
1.645989910402944031e+11
1.698023700882860718e+11
1.748319075265671692e+11
1.796937219298670654e+11
1.843936659262318420e+11
1.889373455520870972e+11
1.933301371252141418e+11
1.975772020403410645e+11
2.016834998256652222e+11
2.056537997414950867e+11
2.094926911538244019e+11
2.132045928751806030e+11
2.167937616314471436e+11
2.202642997855683899e+11
2.236201624261340942e+11
2.268651639100080566e+11
2.300029839326967163e+11
2.330371731874637756e+11
2.359711586637839355e+11
2.388082486271943970e+11
2.415516373155979614e+11
2.442044093813357544e+11
2.467695441036378784e+11
2.492499193922007751e+11
2.516483155994826660e+11
2.539674191567066040e+11
2.562098260464418945e+11
2.583780451228912354e+11
2.604745012895767212e+11
2.625078955657101135e+11
2.644684404737355347e+11
2.663640017439136353e+11
2.681966983932926025e+11
2.699685794803480835e+11
2.716816265786351318e+11
2.733377561521582947e+11
2.749388218368740845e+11
2.764866166324677734e+11
2.779828750083022461e+11
2.794292749272392578e+11
2.808274397908406982e+11
2.821789403093007202e+11
2.834852962993041382e+11
2.847479784128720703e+11
2.859684098001252441e+11
2.871479677087755737e+11
2.882879850230407104e+11
2.893897517445672607e+11
2.904545164178403931e+11
2.914834875024597168e+11
2.924778346945553589e+11
2.934386901995321045e+11
2.943671499582243652e+11
2.952642748284658203e+11
2.961310917239815063e+11
2.969685947124296265e+11
2.977777460743344727e+11
2.985594773245762939e+11
2.993146901980218506e+11
3.000442576008095093e+11
3.007490245287277222e+11
3.014298089540596313e+11
3.020874026821962891e+11
3.027225721792643433e+11
3.033360593719461060e+11
3.039285824206155396e+11
3.045008364668608398e+11
3.050534943564050293e+11
3.055872073383923340e+11
3.061026057419575195e+11
3.066002996309500122e+11
3.070808794376411133e+11
3.075449165762070923e+11
3.079929640367333984e+11
3.084255569604589233e+11
3.088432131969364624e+11
3.092464338437598877e+11
3.096357037694721069e+11
3.100066131506771851e+11
3.103692458066720581e+11
3.107192942805130005e+11
3.110571832966335449e+11
3.113833237367593384e+11
3.116981130732272949e+11
3.120019357890900269e+11
3.122951637854328613e+11
3.125781567763134766e+11
3.128512626717157593e+11
3.131148179488979492e+11
3.133691480124953613e+11
3.136145675437257690e+11
3.138513808390338135e+11
3.140798821384949341e+11
3.143003559442901001e+11
3.145130773295516968e+11
3.147183122378656006e+11
3.149163177737120972e+11
3.151073424841110840e+11
3.152916266317330933e+11
3.154694024597273560e+11
3.156408944485078735e+11
