0.000000000000000000e+00
1.373967134020331204e+08
2.397969122995722294e+08
3.138844798030105829e+08
3.727445343583027720e+08
4.226146944219061732e+08
4.666772825751385689e+08
5.067346874767060280e+08
5.438928349192727804e+08
5.788725060663387775e+08
6.121658363739833832e+08
6.444351556822741032e+08
6.752976148044914007e+08
7.052685795613642931e+08
7.344928214159649611e+08
7.630827481294980049e+08
7.911269235486673117e+08
8.186960070742831230e+08
8.458469888766934872e+08
8.726262703373408318e+08
8.990719442032405138e+08
9.252155089165360928e+08
9.510831756722313166e+08
9.766968775765209198e+08
1.002075057716800570e+09
1.027233290969534159e+09
1.052184779262431502e+09
1.076940749453243494e+09
1.101510775505099773e+09
1.125903041260739803e+09
1.150124556204472065e+09
1.174181333718908310e+09
1.198078539198746443e+09
1.221820613771280766e+09
1.245411378149447441e+09
1.268854120206371546e+09
1.292151669136927366e+09
1.315306458509388924e+09
1.338320580069180965e+09
1.361195829809105873e+09
1.383933747544061899e+09
1.406535651007794142e+09
1.429002665311789036e+09
1.451335748463248968e+09
1.473535713522837400e+09
1.495603247887791634e+09
1.517538930108370781e+09
1.539343244581353426e+09
1.561016594411372185e+09
1.582559312686874151e+09
1.603758193292625904e+09
1.625041716389909267e+09
1.646195278696757078e+09
1.667219021369576931e+09
1.688113054467648983e+09
1.708877462216174126e+09
1.729512307654634476e+09
1.750017636744138718e+09
1.770393481997853994e+09
1.790639865690237999e+09
1.810756802693811893e+09
1.830744302986060143e+09
1.850602373863739252e+09
1.870331021897407293e+09
1.889930254654905558e+09
1.909400082219235659e+09
1.928740518523179293e+09
1.947951582520444870e+09
1.967033299210875273e+09
1.985985700535180807e+09
2.004808826153059483e+09
2.023502724116852045e+09
2.042067451451695681e+09
2.060503074651857615e+09
2.078809670101922274e+09
2.096987324430571556e+09
2.115036134803860903e+09
2.132956209164229631e+09
2.150747666420748234e+09
2.168410636595688343e+09
2.185945260931707859e+09
2.203351691963875771e+09
2.220630093560054302e+09
2.237780640932906151e+09
2.254803520626481533e+09
2.271698930480048656e+09
2.288467079571544647e+09
2.305108188142829895e+09
2.321622487508652210e+09
2.338010219951185703e+09
2.354271638601662636e+09
2.370407007310598850e+09
2.386416600507857323e+09
2.402300703053889275e+09
2.418059610083057880e+09
2.433693626840168953e+09
2.449203068511039257e+09
2.464588260047897339e+09
2.479849535990364075e+09
2.495137994476195335e+09
2.510151249911067009e+09
2.525041652719507217e+09
2.539809574022370338e+09
2.554455393586364746e+09
2.568979499630620956e+09
2.583382288632622242e+09
2.597664165133502007e+09
2.611825541543230534e+09
2.625866837945926189e+09
2.639788481905520439e+09
2.653590908271991730e+09
2.667274558988492966e+09
2.680839882899332047e+09
2.694287335559315205e+09
2.707617379044223785e+09
2.720830481762897968e+09
2.733927118270797253e+09
2.746907769085389137e+09
2.759772920503200054e+09
2.772523064418843269e+09
2.785158698146024704e+09
2.797680324240508080e+09
