0.000000000000000000e+00
6.594074505274419785e+09
9.117972761127712250e+09
1.080270197313541031e+10
1.215466317643586159e+10
1.333337422093323135e+10
1.440748621122534752e+10
1.541184158799592590e+10
1.636602661288426208e+10
1.728183409252389526e+10
1.816671636081794357e+10
1.903401992953904724e+10
1.986986832146627045e+10
2.068520793847650909e+10
2.148159309791511917e+10
2.226011713496221542e+10
2.302155680553009796e+10
2.376646927897434998e+10
2.449525861059112930e+10
2.520822204339207077e+10
2.590558267740398407e+10
2.658751274795943069e+10
2.725415032891367340e+10
2.790561136860504913e+10
2.854199837437082291e+10
2.916340666747919846e+10
2.976992886332664871e+10
3.036165804776088333e+10
3.093868999171047974e+10
3.150112465508887100e+10
3.204906716548275375e+10
3.258262840963981628e+10
3.310192534095486832e+10
3.360708108039945221e+10
3.409822486912768555e+10
3.457549191656216431e+10
3.503902317684996796e+10
3.548896507829235077e+10
3.592546922402616882e+10
3.634869207740474701e+10
3.675879464182144165e+10
3.715594214189955139e+10
3.754030371080766296e+10
3.791205208683254242e+10
3.827136332111262512e+10
3.861841649752099609e+10
3.895339346502629852e+10
3.927647858238525391e+10
3.958785847469792938e+10
3.988772180115038300e+10
4.017342909555408478e+10
4.045094268912646484e+10
4.071751378616024780e+10
4.097333704362992096e+10
4.121860813216484070e+10
4.145352355370985413e+10
4.167828046497686768e+10
4.189307650615834045e+10
4.209810963445585632e+10
4.229357796206468964e+10
4.247967959832754517e+10
4.265661249584892273e+10
4.282457430042256927e+10
4.298376220468222046e+10
4.313437280543789673e+10
4.327660196469863892e+10
4.341064467442012787e+10
4.353669492504037476e+10
4.365494557789019775e+10
4.376558824157737732e+10
4.386881315245516968e+10
4.396480905928776550e+10
4.405376311223046875e+10
4.413586075623214722e+10
4.421128562896851349e+10
4.428021946340017700e+10
4.434284199504262543e+10
4.439933087402030182e+10
4.444986158196331787e+10
4.449460735379315948e+10
4.453373910442575073e+10
4.456742536040687561e+10
4.459583219647817230e+10
4.461912317705918884e+10
4.463745930261365509e+10
4.465099896085597992e+10
4.465989788273970795e+10
4.466430910315711975e+10
4.466438292626808929e+10
4.466026689536408234e+10
4.465210576716484833e+10
4.464004149043475342e+10
4.462421318879874420e+10
4.460475714763113403e+10
4.458180680488195038e+10
4.455549274570465088e+10
4.452594270073898315e+10
4.449328154790509033e+10
4.445763131755773163e+10
4.441871190283314514e+10
4.437741130600783539e+10
4.433347185745355225e+10
4.428700428283267212e+10
4.423811653130731201e+10
4.418691379768321228e+10
4.413349854684971619e+10
4.407797054036889648e+10
4.402042686506794739e+10
4.396096196349408722e+10
4.389966766609206390e+10
4.383663322496922302e+10
4.377194534911653137e+10
4.370568824095736694e+10
4.363794363410012054e+10
4.356879083217523193e+10
4.349830674864081573e+10
4.342656594744616699e+10
4.335364068444571686e+10
4.327960094946195984e+10
4.320451450889943695e+10
4.312844694881491089e+10
4.305146171835786438e+10
