0.000000000000000000e+00
7.585503360224369913e+06
3.838264862870796770e+07
8.453065733374889195e+07
1.396801331325891614e+08
2.004195959880676866e+08
2.648167750624054074e+08
3.316960157500308156e+08
4.002981710496897697e+08
4.701092975009429455e+08
5.407680510095279217e+08
6.120172623896772861e+08
6.836557401338148117e+08
7.555360734542303085e+08
8.275443831639823914e+08
8.995913910283930302e+08
9.716062281308182478e+08
1.043532041339792728e+09
1.115322811431641579e+09
1.186941006725966692e+09
1.258355824781437397e+09
1.329541855634696960e+09
1.400478052235129356e+09
1.471146928104203224e+09
1.541533925355182886e+09
1.611626912025296450e+09
1.681415778678048134e+09
1.750892112008125782e+09
1.820048928750619650e+09
1.888880457237010956e+09
1.957381956907103777e+09
2.025549568288309097e+09
2.093380187605287313e+09
2.160871361433427811e+09
2.228021197764957905e+09
2.294828290592381954e+09
2.361291655685351849e+09
2.427410675684010983e+09
2.493185052983884335e+09
2.558614769166506767e+09
2.623700049952670574e+09
2.688441334833849907e+09
2.752839250681599617e+09
2.816894588751697063e+09
2.880608284595203400e+09
2.943981400466770172e+09
3.007015109884829521e+09
3.069710684051486969e+09
3.132069479884052277e+09
3.194092929446912766e+09
3.255785861477623463e+09
3.317146484666833401e+09
3.378176404089647293e+09
3.438877268513661385e+09
3.499250764577163696e+09
3.559298611600881577e+09
3.619022556958700180e+09
3.678424371942471504e+09
3.737505848064298630e+09
3.796268793746835709e+09
3.854715031358289719e+09
3.912846394554097176e+09
3.970664725891873360e+09
4.028171874690189362e+09
4.085369695105225563e+09
4.142260044402349472e+09
4.198844781402310371e+09
4.255125765084051132e+09
4.311104853328145981e+09
4.366783901786662102e+09
4.422164762866784096e+09
4.477249284816916466e+09
4.532039310905205727e+09
4.586536678681469917e+09
4.640743219314472198e+09
4.694660756997334480e+09
4.748291108414598465e+09
4.801636082265126228e+09
4.854697478835608482e+09
4.907477089619971275e+09
4.959976696980437279e+09
5.012198073846425056e+09
5.064142983447823524e+09
5.115813179079529762e+09
5.167210403894417763e+09
5.218336390722190857e+09
5.269192861911803246e+09
5.319781529195343018e+09
5.370104093571479797e+09
5.420162245206745148e+09
5.469957663353060722e+09
5.519492016280102730e+09
5.568766961221184731e+09
5.617784144331470490e+09
5.666545200657444954e+09
5.715051754116651535e+09
5.763305417486783028e+09
5.811307792403323174e+09
5.859060469364965439e+09
5.906562554498577118e+09
5.953818104947546005e+09
6.000828677789947510e+09
6.047595819054017067e+09
6.094121063753307343e+09
6.140405935926278114e+09
6.186451948679901123e+09
6.232260604236915588e+09
6.277833393986376762e+09
6.323171798537200928e+09
6.368277287774399757e+09
6.413151320917743683e+09
6.457795346582609177e+09
6.502210802842788696e+09
6.546399117295041084e+09
6.590361707125207901e+09
6.634099979175709724e+09
6.677615330014264107e+09
6.720909146003669739e+09
6.763982803372527122e+09
6.806837668286769867e+09
6.849475096921875000e+09
6.891896435535671234e+09
