0.000000000000000000e+00
5.453098254523177147e+09
1.025477635271224594e+10
1.480853435237575722e+10
1.924255721325196075e+10
2.359806700300962067e+10
2.789202334515258026e+10
3.213268960384020233e+10
3.632462990996044922e+10
4.047063171012944031e+10
4.457254820541577148e+10
4.864060562459117126e+10
5.265760156513958740e+10
5.663367067220902252e+10
6.056949724467086792e+10
6.446567905076976013e+10
6.832275350353005981e+10
7.214121467037542725e+10
7.592152462024566650e+10
7.966412116631393433e+10
8.336942325270489502e+10
8.703783476424838257e+10
9.066974725792652893e+10
9.426554194267184448e+10
9.782559112610655212e+10
1.013502592774470215e+11
1.048399038103934021e+11
1.082948756595626221e+11
1.117155197035094604e+11
1.151021750732449188e+11
1.184551753752575684e+11
1.217748488509926910e+11
1.250615184896366882e+11
1.283155021072836304e+11
1.315371124027292480e+11
1.347266569979707336e+11
1.378844384697939148e+11
1.410107543774848938e+11
1.441058972906201172e+11
1.471701548199892578e+11
1.502038096539784241e+11
1.532071396021166382e+11
1.561804176469754944e+11
1.591239120051793213e+11
1.620378861979143677e+11
1.649225991310287781e+11
1.677783051845573730e+11
1.706052543113062134e+11
1.734036921439657593e+11
1.761738601100928040e+11
1.789082134360338745e+11
1.816228265966983643e+11
1.843098679170012817e+11
1.869695633195669861e+11
1.896021351850225220e+11
1.922078024966663818e+11
1.947867809870098572e+11
1.973392832853531799e+11
1.998655190655955200e+11
2.023656951935266724e+11
2.048400158728955078e+11
2.072886827896075134e+11
2.097118952534578552e+11
2.121098503368630981e+11
2.144827430101141052e+11
2.168307662727271423e+11
2.191541112805249634e+11
2.214529674681365662e+11
2.237275226666493530e+11
2.259779632162039185e+11
2.282044740733587646e+11
2.304072389131032715e+11
2.325864402254304504e+11
2.347422594064228210e+11
2.368748768438345032e+11
2.389844719971865234e+11
2.410712234724164734e+11
2.431353090911518555e+11
2.451769059546975403e+11
2.471961905028425598e+11
2.491933385676178589e+11
2.511685254221394653e+11
2.531219258246959229e+11
2.550537140582358398e+11
2.569640639654329224e+11
2.588531489795023499e+11
2.607211421509528809e+11
2.625682161704592285e+11
2.643945433880437317e+11
2.662002958287573242e+11
2.679856452050462646e+11
2.697507629259951172e+11
2.714958201036288757e+11
2.732209875564619141e+11
2.749264358104674072e+11
2.766123350976487427e+11
2.782788553523822632e+11
2.799261662056954346e+11
2.815544369776473999e+11
2.831685997516068115e+11
2.847591108552161865e+11
2.863310895518282471e+11
2.878847038051173096e+11
2.894201212062948608e+11
2.909375089581575928e+11
2.924370338582082520e+11
2.939188622809642334e+11
2.953831601595637817e+11
2.968300929667742310e+11
2.982598256954975586e+11
2.996725228388684082e+11
3.010683483700301514e+11
3.024474657216699219e+11
3.038100377653906250e+11
3.051562267909903564e+11
3.064861944857153320e+11
3.078001019135500488e+11
3.090981094946008301e+11
3.103803769846262207e+11
3.116470634547626953e+11
3.128983272714948120e+11
3.141343260769039307e+11
