0.000000000000000000e+00
5.104013008474794030e+07
1.795674956131890416e+08
3.477594760196273327e+08
5.348409853717916608e+08
7.305790408441908360e+08
9.295103794824560881e+08
1.128501239243530035e+09
1.325660707432320595e+09
1.519810679744163752e+09
1.710205814203424692e+09
1.896331591606538057e+09
2.077939976056446552e+09
2.254864466622833252e+09
2.427022807128752708e+09
2.594391965271212101e+09
2.756991029807690144e+09
2.914869255098725796e+09
3.068097541984477520e+09
3.216762266839286804e+09
3.360960748577561378e+09
3.500797879239535809e+09
3.636383594714999676e+09
3.767830960944331646e+09
3.895254716912675858e+09
4.018770160637310028e+09
4.138492295399238586e+09
4.254535175282724380e+09
4.367011404626470566e+09
4.476031757205561638e+09
4.581704889154936790e+09
4.684137125694979668e+09
4.783432306233965874e+09
4.879691675822794914e+09
4.973013813522236824e+09
5.063494590224090576e+09
5.151227149997937202e+09
5.236301910225894928e+09
5.318806576720663071e+09
5.398826170757624626e+09
5.476443065535262108e+09
5.551737030043527603e+09
5.624785278693060875e+09
5.695662525358948708e+09
5.764441040736297607e+09
5.831190712102931976e+09
5.895979104746279716e+09
5.958871524444057465e+09
6.019931080497371674e+09
6.079218748904825211e+09
6.136810280221476555e+09
6.192745168179910660e+09
6.247078383788558006e+09
6.299863012382168770e+09
6.351150313547685623e+09
6.400989779914768219e+09
6.449429194720550537e+09
6.496514688079241753e+09
6.542290791904838562e+09
6.586800493450016975e+09
6.630085287436711311e+09
6.672185226764254570e+09
6.713138971789707184e+09
6.752983838182245255e+09
6.791755843359547615e+09
6.829489751519145966e+09
6.866219117281865120e+09
6.901976327967869759e+09
6.936792644528630257e+09
6.970698241160335541e+09
7.003722243626059532e+09
7.035892766315393448e+09
7.067236948071250916e+09
7.097780986814375877e+09
7.127550172996550560e+09
7.156568921913855553e+09
7.184860804911430359e+09
7.212448579511199951e+09
7.239354218493881226e+09
7.265598937966341019e+09
7.291203224445039749e+09
7.316186860985890388e+09
7.340568952390385628e+09
7.364367949517330170e+09
7.387601672728947639e+09
7.410287334499542236e+09
7.432441561214256287e+09
7.454080414184842110e+09
7.475219409908703804e+09
7.495873539596782684e+09
7.516057287995208740e+09
7.535784651524951935e+09
7.555069155763023376e+09
7.573923872288135529e+09
7.592361434913005829e+09
7.610394055324893951e+09
7.628033538155249596e+09
7.645291295498738289e+09
7.662178360901268005e+09
7.678701855275201797e+09
7.694875743992691040e+09
7.710710000518632889e+09
7.726214270900409698e+09
7.741397885369569778e+09
7.756269869517765045e+09
7.770838955062483788e+09
7.785113590217582703e+09
7.799101949683102608e+09
7.812811944268352509e+09
7.826251230161765099e+09
7.839427217860561371e+09
7.852347080772766113e+09
7.865017763503737450e+09
7.877445989838863373e+09
7.889638270433737755e+09
7.901600910222662926e+09
7.913340015555960655e+09
7.924861501076202393e+09
7.936171096343082428e+09
7.947274352216302872e+09
7.958176647005533218e+09
7.968883192396110535e+09
