0.000000000000000000e+00
1.422962707290878287e+06
2.833644029356014915e+06
4.232736093693599105e+06
5.620498395699630491e+06
6.996869750153104775e+06
8.361566296505466104e+06
9.714183999289920554e+06
1.105429406245643273e+07
1.238151620426204056e+07
1.369556195398208126e+07
1.500738349652758241e+07
1.629449753908536769e+07
1.756817597552193329e+07
1.882848574091300741e+07
2.007553773033080250e+07
2.130947116522506997e+07
2.253044197082073987e+07
2.373861470151641220e+07
2.493415722906704992e+07
2.611723741166667640e+07
2.728802110165451467e+07
2.844667101794371009e+07
2.959334615760634094e+07
3.072820153433506191e+07
3.185138811080001667e+07
3.296305284409527481e+07
3.406333879618173093e+07
3.515238528094679862e+07
3.623032803100924939e+07
3.729729937396673113e+07
3.835342841151276231e+07
3.939884119701060653e+07
4.043366090843889117e+07
4.145800801451490819e+07
4.247200043246347457e+07
4.347575367642346770e+07
4.446938099591974914e+07
4.545299350418251008e+07
4.642670029638361186e+07
4.739060855808256567e+07
4.834482366433614492e+07
4.928944927003913373e+07
5.022458739212758839e+07
5.115033848431102186e+07
5.206680150499813259e+07
5.297407397906808555e+07
5.387225205410237610e+07
5.476143055165507644e+07
5.564170301408902556e+07
5.650877042773796618e+07
5.737159332020487636e+07
5.822578264726322889e+07
5.907142724114340544e+07
5.990861483744495362e+07
6.073743210388165712e+07
6.155796466703659296e+07
6.237029713733272254e+07
6.317451313240091503e+07
6.397069529900430143e+07
6.475892533365921676e+07
6.553928400207728148e+07
6.631185115753634274e+07
6.707670575827934593e+07
6.783392588402591646e+07
6.858358875167311728e+07
6.932577073025658727e+07
7.006054735523000360e+07
7.078799334212136269e+07
7.150818259961417317e+07
7.222118824209889770e+07
7.292708260173620284e+07
7.362593724006715417e+07
7.431782295920599997e+07
7.500280981264416873e+07
7.568096711569400132e+07
7.635236345559805632e+07
7.701706670132488012e+07
7.767514401307521760e+07
7.832666185151514411e+07
7.897168598675519228e+07
7.961028150709116459e+07
8.024251282752084732e+07
8.086844369805057347e+07
8.148813721180376410e+07
8.210165581294305623e+07
8.270906130441507697e+07
8.331041485552933812e+07
8.390577700937867165e+07
8.449520769010905921e+07
8.507876621004757285e+07
8.565651127669349313e+07
8.622850099958088994e+07
8.679479289701628685e+07
8.735544390269893408e+07
8.791051037222670019e+07
8.846004808949379623e+07
8.900411227298414707e+07
8.954275758196303248e+07
9.007814597231939435e+07
9.060606246012604237e+07
9.112872128386372328e+07
9.164617492063692212e+07
9.215847531796304882e+07
9.266567389943066239e+07
9.316782157027742267e+07
9.366496872289188206e+07
9.415716524224033952e+07
9.464446051122063398e+07
9.512690341594554484e+07
9.560454235095709562e+07
9.607742522437360883e+07
9.654559946297156811e+07
9.700911201720285416e+07
9.746800936614964902e+07
9.792233752241894603e+07
9.837214203697596490e+07
9.881746800392016768e+07
9.925836006520333886e+07
9.969486241529162228e+07
1.001270188057728112e+08
1.005548725499094129e+08
