0.000000000000000000e+00
1.051477377475286834e+06
2.101065085870644078e+06
3.147716599113877863e+06
4.190977827499538660e+06
5.230577450503767468e+06
6.266335218344919384e+06
7.298125547755883075e+06
8.325859197971189395e+06
9.349472658991724253e+06
1.036892140847677179e+07
1.139244671935382858e+07
1.240344467987053655e+07
1.341021862501506135e+07
1.441276538004447334e+07
1.541108730145595968e+07
1.640519117618174106e+07
1.739508734525880218e+07
1.838078899920068309e+07
1.936231160698081553e+07
2.033967245047054812e+07
2.131289024308963120e+07
2.228198481636273861e+07
2.324697686167537794e+07
2.420788771720085666e+07
2.516473919199628383e+07
2.611755342082246393e+07
2.706635274445385858e+07
2.801115961120046303e+07
2.895199649612170458e+07
2.988888583502417803e+07
3.082184997082741559e+07
3.175091111028588563e+07
3.267609128938486427e+07
3.359741234599991888e+07
3.451489589863672107e+07
3.542856333025353402e+07
3.633843577632728964e+07
3.724453411645463854e+07
3.814687896888898313e+07
3.904549068750875443e+07
3.994038936078905314e+07
4.083159481241580844e+07
4.171912660323707759e+07
4.260300403429405391e+07
4.348324615071433783e+07
4.435987174628396332e+07
4.523289936854428053e+07
4.610234732428409159e+07
4.696823368531863391e+07
4.782763482783582062e+07
4.868648647982535511e+07
4.954182923002681136e+07
5.039368027309320122e+07
5.124205659915374219e+07
5.208697499987008423e+07
5.292845207439513505e+07
5.376650423521283269e+07
5.460114771384156495e+07
5.543239856638785452e+07
5.626027267894098163e+07
5.708478577280151844e+07
5.790595340953920782e+07
5.872379099587792903e+07
5.953831378840652853e+07
6.034953689811655879e+07
6.115747529476791620e+07
6.196214381108561903e+07
6.276355714679027349e+07
6.356172987246638536e+07
6.435667643327288330e+07
6.514841115250003338e+07
6.593694823497788608e+07
6.672230177034094185e+07
6.750448573615455627e+07
6.828351400090749562e+07
6.905940032687664032e+07
6.983215837286776304e+07
7.060180169683888555e+07
7.136834375840951502e+07
7.213179792126208544e+07
7.289217745543876290e+07
7.364949553953993320e+07
7.440376526282715797e+07
7.515499962723580003e+07
7.590321154930147529e+07
7.664841386200353503e+07
7.739061931653051078e+07
7.812984058396983147e+07
7.886609025692716241e+07
7.959938085107664764e+07
8.032972480664676428e+07
8.105713448984438181e+07
8.178162219422006607e+07
8.250320014197731018e+07
8.322188048522800207e+07
8.393767530719795823e+07
8.465059662338359654e+07
8.536065638266229630e+07
8.606893684118208289e+07
8.677328075301852822e+07
8.747479868256545067e+07
8.817350232186570764e+07
8.886940330128946900e+07
8.956251319041115046e+07
9.025284349885365367e+07
9.094040567710214853e+07
9.162521111728756130e+07
9.230727115394228697e+07
9.298659706472894549e+07
9.366320007114380598e+07
9.433709133919513226e+07
9.500828198005887866e+07
9.567678305071237683e+07
9.634260555454637110e+07
9.700576044195692241e+07
9.766625861091887951e+07
9.832411090754005313e+07
9.897932812659838796e+07
9.963192101206265390e+07
1.002819002575966567e+08
1.009292765070486814e+08
