0.000000000000000000e+00
1.819871842591130495e+09
4.468516493687067986e+09
7.442179165604437828e+09
1.056311335175382233e+10
1.375186224352672195e+10
1.696731135780030823e+10
2.018607419092451096e+10
2.339396923952068710e+10
2.658201186402202606e+10
2.974434207540657425e+10
3.287676168463128281e+10
3.597696755970925903e+10
3.904324988623030853e+10
4.207450453583981323e+10
4.507005631712332153e+10
4.802953875670340729e+10
5.095281042022826385e+10
5.383989550188877869e+10
5.669094091830792236e+10
5.950618486217874146e+10
6.228593346005728149e+10
6.503054325503531647e+10
6.774040793684376526e+10
7.041594820913903809e+10
7.305760400061024475e+10
7.566582844515806580e+10
7.824108320956541443e+10
8.078383485592234802e+10
8.329455200442042542e+10
8.577370311920762634e+10
8.822175478202906799e+10
9.063917034964703369e+10
9.302640891450875854e+10
9.538392450590690613e+10
9.771216548244294739e+10
1.000115740770332794e+11
1.022825860637677612e+11
1.045256305222155609e+11
1.067411296796949615e+11
1.089294988158983459e+11
1.110911462173295441e+11
1.132264731714468079e+11
1.153358739923486176e+11
1.174197360713968506e+11
1.194784399474238281e+11
1.215123593921786652e+11
1.235218615074853821e+11
1.255073068312468567e+11
1.274690494499671631e+11
1.294076689645615082e+11
1.313232716796058960e+11
1.332161931017780151e+11
1.350867627675997162e+11
1.369353043664620667e+11
1.387621358630693054e+11
1.405675696187899780e+11
1.423519125115126648e+11
1.441154660536919250e+11
1.458585265083445129e+11
1.475813850028143616e+11
1.492843276401753845e+11
1.509676356081801147e+11
1.526315852856958618e+11
1.542764483465955811e+11
1.559024918610933533e+11
1.575099783945303955e+11
1.590991661036328430e+11
1.606703088302717590e+11
1.622236561927662964e+11
1.637594536747758789e+11
1.652779427118337097e+11
1.667793607755762939e+11
1.682639414557276611e+11
1.697319145398976135e+11
1.711835060912543335e+11
1.726189385241331482e+11
1.740384306776418762e+11
1.754421978873234253e+11
1.768304520549352417e+11
1.782034017164045715e+11
1.795612521080166626e+11
1.809042052308923950e+11
1.822324599138097839e+11
1.835462118744226379e+11
1.848456537789280090e+11
1.861309753002322693e+11
1.874023631746643677e+11
1.886600012572830200e+11
1.899040705758228760e+11
1.911347493833234253e+11
1.923522132094827881e+11
1.935566349107764893e+11
1.947481847193810425e+11
1.959270302909390869e+11
1.970933367512033691e+11
1.982472667415933533e+11
1.993889804636991577e+11
2.005186357227643738e+11
2.016362697172342529e+11
2.027421553589760742e+11
2.038364434928282166e+11
2.049192827320043945e+11
2.059908194969083252e+11
2.070511980530984802e+11
2.081005605484268494e+11
2.091390470493766785e+11
2.101667955766212158e+11
2.111839421398261719e+11
2.121906207717171326e+11
2.131869635614322510e+11
2.141731006871804810e+11
2.151491604482242432e+11
2.161152692962047424e+11
2.170715518658282471e+11
2.180181310049299316e+11
2.189551278039322510e+11
2.198826616247136841e+11
2.208008501289030762e+11
2.217098093056149902e+11
2.226096534986398010e+11
2.235004954331029358e+11
