0.000000000000000000e+00
6.976569104010452271e+09
1.506274545982419777e+10
2.330017377372543335e+10
3.144802475386755371e+10
3.941848410900511169e+10
4.717462865590936279e+10
5.470080278133885956e+10
6.199155791934580231e+10
6.904680198342147827e+10
7.586941941526095581e+10
8.246174952572109985e+10
8.883168618784991455e+10
9.498537487116729736e+10
1.009292541730981750e+11
1.066698881248478394e+11
1.122138573416851654e+11
1.175676874503594818e+11
1.227378017823122864e+11
1.277304902249941711e+11
1.325518890359341125e+11
1.372079682086834717e+11
1.417045241036126404e+11
1.460471757817482300e+11
1.502413639580003357e+11
1.542923518114952087e+11
1.582052271104200134e+11
1.619849052612641296e+11
1.656361329996002502e+11
1.691634925159100342e+11
1.725714058648996582e+11
1.758641395466576843e+11
1.790458091772328491e+11
1.821203841877698975e+11
1.850916925073504944e+11
1.879634251966362000e+11
1.907391410083740234e+11
1.934222708575723877e+11
1.960161221892507324e+11
1.985238832355210266e+11
2.009486271566795959e+11
2.032933160631989136e+11
2.055608049171826782e+11
2.077538453131086426e+11
2.098750891386315002e+11
2.119270921169235229e+11
2.139123172325515747e+11
2.158331380432656250e+11
2.176918418803422546e+11
2.194906329403084717e+11
2.212322029002868347e+11
2.229180108189011841e+11
2.245500297284462585e+11
2.261301608404150085e+11
2.276602361400156250e+11
2.291420208900654297e+11
2.305772160471876221e+11
2.319674605931773071e+11
2.333143337843361511e+11
2.346193573215030823e+11
2.358839974434362488e+11
2.371096669461239929e+11
2.382977271305281982e+11
2.394494896811866455e+11
2.405662184780252991e+11
2.416491313436587524e+11
2.426994017283822327e+11
2.437181603349890747e+11
2.447064966854771118e+11
2.456654606316400146e+11
2.465960638114738770e+11
2.474992810532661133e+11
2.483760517291706543e+11
2.492272810600151062e+11
2.500538413730261230e+11
2.508565733141046143e+11
2.516362870162261963e+11
2.523937632254924927e+11
2.531297543863052368e+11
2.538449856870885925e+11
2.545401560679359436e+11
2.552159391915127563e+11
2.558729843785018616e+11
2.565119175088353271e+11
2.571333418899153442e+11
2.577378390929865723e+11
2.583259697587834167e+11
2.588982743735384521e+11
2.594552740164021606e+11
2.599974710792882385e+11
2.605253499601253967e+11
2.610393777304638367e+11
2.615400047783522034e+11
2.620276654273705750e+11
2.625027785326743164e+11
2.629657480548765259e+11
2.634169636125662842e+11
2.638568010142354736e+11
2.642856227703591003e+11
2.647036736508509521e+11
2.651113992791188049e+11
2.655091250397655945e+11
2.658971648875800476e+11
2.662758217705421143e+11
2.666453880369536133e+11
2.670061458272785339e+11
2.673583674512551270e+11
2.677023157508245850e+11
2.680382444493996277e+11
2.683663984879802246e+11
2.686870143486043701e+11
2.690003203656048584e+11
2.693065370251273499e+11
2.696058772533474121e+11
2.698985466938092346e+11
2.701847439742942505e+11
2.704646609636124268e+11
2.707384830186947937e+11
2.710063892223530273e+11
2.712685526120578308e+11
2.715251404000751953e+11
2.717763141852879639e+11
