0.000000000000000000e+00
1.193471873697951196e+03
9.107812364890558456e+03
3.262326704965554018e+04
8.285872761117020855e+04
1.723085719184259069e+05
3.140877852890540962e+05
5.212782976525689010e+05
8.063991129000278888e+05
1.181020269646438537e+06
1.655525180497979745e+06
2.240139909481428564e+06
2.941619337437599897e+06
3.766573723458114546e+06
4.720559344677754678e+06
5.808240177732001059e+06
7.033554964503406547e+06
8.399877212032813579e+06
9.910160895578669384e+06
1.156706851247759908e+07
1.337308075289627165e+07
1.533058865478353575e+07
1.744196996968802437e+07
1.970965182665234059e+07
2.213616183170321584e+07
2.472416961479967460e+07
2.747652062382411957e+07
3.039626372212916613e+07
3.348667390480043367e+07
3.675127122635148466e+07
4.019383683664601296e+07
4.381842685440382361e+07
4.762938466754186153e+07
5.163135213415884972e+07
5.582928006394597888e+07
6.022843828390854597e+07
6.483442553145755827e+07
6.965317936947689950e+07
7.469098627957782149e+07
7.995449205948171020e+07
8.545071262672640383e+07
9.118704531236819923e+07
9.717128071399420500e+07
1.034116151663220674e+08
1.099166638792643845e+08
1.166954747870332748e+08
1.237575431472250521e+08
1.311128269255118370e+08
1.387717629993077815e+08
1.467452842123544514e+08
1.550415185979559124e+08
1.636756418728126287e+08
1.726601804566779733e+08
1.820082338735001683e+08
1.917334965197269619e+08
2.018502804744350910e+08
2.123735393861450255e+08
2.233188934725881219e+08
2.347026556712376773e+08
2.465418589800736010e+08
2.588542850298134983e+08
2.716584939306983352e+08
2.849738554388623834e+08
2.988205814893387556e+08
3.132197601448501348e+08
3.281933910117111206e+08
3.437644221764158607e+08
3.599567887188110948e+08
3.767954528601549268e+08
3.943064458068406582e+08
4.125169113531234860e+08
4.314551513088284731e+08
4.511506728207449913e+08
4.716342376592266560e+08
4.929379135444201827e+08
5.150951275895515680e+08
5.381407219417914152e+08
5.621110117044290304e+08
5.870438452273904085e+08
6.129786668565559387e+08
6.399565822358659506e+08
6.680204262598590851e+08
6.972148337780624628e+08
7.275863131565604210e+08
7.591833228061056137e+08
7.920563507903153896e+08
8.262579976318116188e+08
8.618430624386358261e+08
8.988686324778860807e+08
9.373941763283057213e+08
9.774816407484970093e+08
1.019195551402544498e+09
1.062603117590124130e+09
1.107774341133646727e+09
1.154782129580638409e+09
1.203702413885421753e+09
1.254614270740207911e+09
1.307600049731979847e+09
1.362745505508019209e+09
1.420162888174875259e+09
1.479923175880916834e+09
1.542123223523105145e+09
1.606863875275415897e+09
1.674250124844485044e+09
1.744391281982326984e+09
1.817401145491056204e+09
1.893398182963025093e+09
1.972505717508557320e+09
2.054852121732528448e+09
2.140571019230419159e+09
2.229801493884164333e+09
2.322688307248147964e+09
2.419382124326064587e+09
2.520039748050080776e+09
2.624824362784826279e+09
2.733905787190199852e+09
2.847460736788829327e+09
2.965673096596277237e+09
3.088734204184767246e+09
3.216843143564285278e+09
3.350207050278487682e+09
3.489041428126866341e+09
