0.000000000000000000e+00
3.910591272296452522e+08
7.483146690941244364e+08
1.074144040343817472e+09
1.381603405523771763e+09
1.675466155032548904e+09
1.957853064304426193e+09
2.229921002062888145e+09
2.492414269502842903e+09
2.745875900830251217e+09
2.990739687773236275e+09
3.227703554409780502e+09
3.456358769839421272e+09
3.677412659166992664e+09
3.891141446756977081e+09
4.097804597321487427e+09
4.297647837479201317e+09
4.490905198514102936e+09
4.677800453800991058e+09
4.858548169631398201e+09
5.033354501805388451e+09
5.202417820444890976e+09
5.365929215743714333e+09
5.524072919155615807e+09
5.677026663089588165e+09
5.824961994844633102e+09
5.968044555711718559e+09
6.106434332965290070e+09
6.240285890292150497e+09
6.369748580706462860e+09
6.494966744951339722e+09
6.616079897644127846e+09
6.733222902888695717e+09
6.846526140689943314e+09
6.956115665220304489e+09
7.062113355775793076e+09
7.164637061099605560e+09
7.263800737629951477e+09
7.359714582135927200e+09
7.452485159132986069e+09
7.542215523413166046e+09
7.629005337980437279e+09
7.712950987645952225e+09
7.794145688509031296e+09
7.872679593526302338e+09
7.948639894351917267e+09
8.022110919615800858e+09
8.093174229793178558e+09
8.161908708807151794e+09
8.228390652496258736e+09
8.292653979150915146e+09
8.354870539892543793e+09
8.415048085505784988e+09
8.473253407888734818e+09
8.529551109505122185e+09
8.584003675420819283e+09
8.636671542936031342e+09
8.687613168898225784e+09
8.736885094776775360e+09
8.784542009577281952e+09
8.830636810670063019e+09
8.875220662604381561e+09
8.918343053977350235e+09
8.960051852423458099e+09
9.000393357788633347e+09
9.039412353549875259e+09
9.077152156539741516e+09
9.113654665032444000e+09
9.148960405246488571e+09
9.183108576316759109e+09
9.216137093787120819e+09
9.248082631672805786e+09
9.278980663140138626e+09
9.308865499849477768e+09
9.337770330005836487e+09
9.365727255159833908e+09
9.392767325800441742e+09
9.418920575779508591e+09
9.444216055606567383e+09
9.468681864651283264e+09
9.492345182289623260e+09
9.515232298028509140e+09
9.537368640642662048e+09
9.558778806356166840e+09
9.579486586100240707e+09
9.599514991877553940e+09
9.618886282262556076e+09
9.637621987066169739e+09
9.655742931192377090e+09
9.673269257713193893e+09
9.690220450187799454e+09
9.706615354250537872e+09
9.722472198491916656e+09
9.737808614655702591e+09
9.752641657174671173e+09
9.766987822066608429e+09
9.780863065211645126e+09
9.794282820031141281e+09
9.807262014587823868e+09
9.819777619143854141e+09
9.831914485512975693e+09
9.843652839201427460e+09
9.855005742564243317e+09
9.865985830201786041e+09
9.876605322959888458e+09
9.886876041471794128e+09
9.896809419256896973e+09
9.906416515390813828e+09
9.915708026760805130e+09
9.924694299920200348e+09
9.933385342554817200e+09
9.941790834574251175e+09
9.949920138840167999e+09
9.957782311543592453e+09
9.965386112242603302e+09
9.972740013571634293e+09
9.979852210633035660e+09
9.986730630081382751e+09
9.993382938910528183e+09
9.999816552953155518e+09
1.000603864510224533e+10
1.001205615326351166e+10
