0.000000000000000000e+00
3.334191700122999959e+06
6.538251465436512604e+06
9.580650748489849269e+06
1.243135337339946441e+07
1.507272096776254661e+07
1.750221254913828149e+07
1.972902378209596500e+07
2.176881141636983305e+07
2.363941357207662985e+07
2.535834387805410102e+07
2.695686531431359425e+07
2.841770973020490259e+07
2.976984729810100794e+07
3.102416113368798047e+07
3.219011999978791922e+07
3.327596766986887157e+07
3.428889509061129391e+07
3.523519219139149040e+07
3.612037963517212868e+07
3.694932195370891690e+07
3.772632389974596351e+07
3.845521197295061499e+07
3.913940307201687247e+07
3.978196213431768119e+07
4.038565047205246985e+07
4.095296632467427850e+07
4.148617894407645613e+07
4.198735732923884690e+07
4.245839454242666811e+07
4.290102837586418539e+07
4.331685899819986522e+07
4.370736409347235411e+07
4.407391190956714004e+07
4.441777255552289635e+07
4.474012782457108796e+07
4.504207976971299946e+07
4.532465821854181588e+07
4.558882738185547292e+07
4.583549168472616374e+07
4.606550092775594443e+07
4.627965486921143532e+07
4.647870730477509648e+07
4.666336971014334261e+07
4.683431450214551389e+07
4.699217796608141065e+07
4.713756289026995003e+07
4.727104094314497709e+07
4.739315482343538851e+07
4.750442020988486707e+07
4.760436818108084798e+07
4.769548091567116231e+07
4.777714268362130970e+07
4.784977751754999906e+07
4.791378986770554632e+07
4.796956574119788408e+07
4.801747375149732828e+07
4.805786608723448217e+07
4.809107940827164054e+07
4.811743567608380318e+07
4.813724292468335479e+07
4.815079597761543840e+07
4.815837711593812704e+07
4.816025670156305283e+07
4.815669375985972583e+07
4.814793652501545101e+07
4.813422295127696544e+07
4.811578119288019836e+07
4.809283005519241840e+07
4.806557941933973134e+07
4.803423064237213135e+07
4.799897693482246250e+07
4.796000371733883023e+07
4.791748895791695267e+07
4.787160349111784250e+07
4.782251132053404301e+07
4.777036990565440059e+07
4.771533043417996168e+07
4.765753808075264096e+07
4.759713225297715515e+07
4.753424682554744184e+07
4.746901036321777850e+07
4.740154633330604434e+07
4.733197330835646391e+07
4.726040515954668075e+07
4.718695124137493968e+07
4.711171656812594831e+07
4.703480198257685453e+07
4.695630431737074256e+07
4.687631654945507646e+07
4.679492794795628637e+07
4.671222421583298594e+07
4.662828762563025951e+07
4.654319714963460714e+07
4.645702858470972627e+07
4.636985467207495123e+07
4.628174521227275580e+07
4.619276717555487901e+07
4.610298480790387839e+07
4.601155093349876255e+07
4.592033570424949378e+07
4.582849409004994482e+07
4.573608039663787931e+07
4.564314667768056691e+07
4.554974281845168024e+07
4.545591661634261906e+07
4.536171385834448785e+07
4.526717839562781900e+07
4.517235221534252167e+07
4.507727550975161791e+07
4.498198674280948937e+07
4.488652271428754926e+07
4.479091862154579163e+07
4.469520811904534698e+07
4.459942337568941712e+07
4.450359513008006662e+07
4.440775274376996607e+07
4.431192425258793682e+07
4.421613641611142457e+07
4.412041476535705477e+07
4.402478364875636995e+07
4.392926627648138255e+07
