0.000000000000000000e+00
3.345367478369110730e+06
6.643515186357563362e+06
9.896871454360447824e+06
1.303845599801223166e+07
1.605063034306751378e+07
1.894303446537981927e+07
2.172425613630165532e+07
2.440083977567943186e+07
2.697891887245472148e+07
2.946434922080495581e+07
3.186235179315676168e+07
3.417738454699506611e+07
3.641324475660702586e+07
3.857324183011459559e+07
4.066034946645433456e+07
4.267731167450713366e+07
4.462670662019424886e+07
4.651098097774375975e+07
4.833246717973420024e+07
5.009339249158038199e+07
5.179588508958169818e+07
5.344197953252153844e+07
5.503362238302540779e+07
5.657267797974076867e+07
5.806093412252465636e+07
5.950010743472015858e+07
6.089184824892753363e+07
6.223774495048294216e+07
6.353932777972985059e+07
6.479807213613954931e+07
6.601540144863869250e+07
6.719268968312448263e+07
6.833126355547577143e+07
6.943240451055389643e+07
7.049735051767207682e+07
7.152729772271817923e+07
7.252340198768022656e+07
7.348678034030701220e+07
7.441851235021020472e+07
7.531964144280844927e+07
7.619117615893232822e+07
7.703409136540183425e+07
7.784932942020885646e+07
7.863780129486529529e+07
7.940038765582944453e+07
8.013793990656007826e+07
8.085128119156274199e+07
8.154120736371359229e+07
8.220848791612271965e+07
8.285386687979976833e+07
8.347806368839015067e+07
8.408177401125131547e+07
8.466567055612905324e+07
8.523040384267458320e+07
8.577660294801212847e+07
8.630487622552970052e+07
8.681581199801981449e+07
8.730997922624960542e+07
8.778792815398763120e+07
8.825019093046414852e+07
8.869728221118985116e+07
8.912969973800896108e+07
8.954792489921483397e+07
8.995242327051146328e+07
9.034364513756202161e+07
9.072202600082628429e+07
9.108798706335212290e+07
9.144193570215238631e+07
9.178426592376749218e+07
9.211535880458475649e+07
9.243558291645902395e+07
9.274529473815441132e+07
9.304483905310414732e+07
9.333454933396407962e+07
9.361474811441574991e+07
9.388574734865635633e+07
9.414784875899595022e+07
9.440134417196515203e+07
9.464651584332253039e+07
9.488363677233503759e+07
9.511297100569224358e+07
9.533477393140141666e+07
9.554929256299842894e+07
9.575676581439739466e+07
9.595742476569104195e+07
9.615149292020237446e+07
9.633918645307846367e+07
9.652071445170693099e+07
9.669627914822582901e+07
9.686607614438924193e+07
9.703029462904110551e+07
9.718911758844184875e+07
9.734272200968423486e+07
9.749127907742625475e+07
9.763495436416214705e+07
9.777390801424451172e+07
9.790829492186367512e+07
9.803826490318369865e+07
9.816396286282746494e+07
9.828552895489713550e+07
9.840309873870998621e+07
9.851680332942366600e+07
9.862676954371899366e+07
9.873312004070313275e+07
9.883597345819033682e+07
9.893544454451227188e+07
9.903164428600502014e+07
9.912468003031492233e+07
9.921465560566058755e+07
9.930167143618412316e+07
9.938582465352004766e+07
9.946720920470605791e+07
9.954591595655597746e+07
9.962203279661093652e+07
9.969564473078121245e+07
9.976683397778734565e+07
9.983568006050568819e+07
9.990225989431983232e+07
9.996664787257628143e+07
1.000289159492394626e+08
1.000891337188377380e+08
