0.000000000000000000e+00
3.264995208088765621e+09
6.375310695549826622e+09
9.303943213051866531e+09
1.204608552285310364e+10
1.460661282577422905e+10
1.699523745423883438e+10
1.922395515794729233e+10
2.130558170345785904e+10
2.325289880244559479e+10
2.507816538865132523e+10
2.680947960742998886e+10
2.842320629225709915e+10
2.994663268681700897e+10
3.138844313154001999e+10
3.275644198026784134e+10
3.405761648365133286e+10
3.529820650202179718e+10
3.648377544166232300e+10
3.761927904025442505e+10
3.870913008540919495e+10
3.975725809338863373e+10
4.076716357541445160e+10
4.174196689141293335e+10
4.268445191287709808e+10
4.359710483963355255e+10
4.448214857453217316e+10
4.534157307878105927e+10
4.617716212440354156e+10
4.699051683941204071e+10
4.778307641252905273e+10
4.855613629200286102e+10
4.931086418002023315e+10
5.004831409207242584e+10
5.076943872036418915e+10
5.147510031245657349e+10
5.216608025100023651e+10
5.284308749767425537e+10
5.350676604417375946e+10
5.415770149514758301e+10
5.479642689216363525e+10
5.542342787388038635e+10
5.603914725542603302e+10
5.664398909933012390e+10
5.723832234105640411e+10
5.782248402406961823e+10
5.839678219229707336e+10
5.896149848168985748e+10
5.951689044722348022e+10
6.006319365701187134e+10
6.059529254310317993e+10
6.112413210432693481e+10
6.164447397267803955e+10
6.215648309544743347e+10
6.266031025009619904e+10
6.315609321315767670e+10
6.364395782936148071e+10
6.412401899167311859e+10
6.459638154161907959e+10
6.506114109809342957e+10
6.551838482183944702e+10
6.596819212191728973e+10
6.641063530970226288e+10
6.684578020529319763e+10
6.727368670063063812e+10
6.769440928311847687e+10
6.810799752310575104e+10
6.851449652819786072e+10
6.891394736703894043e+10
6.930638746491162109e+10
6.969185097325166321e+10
7.007036911494898987e+10
7.044197050711984253e+10
7.080668146286383057e+10
7.116452627336973572e+10
7.151552747161437988e+10
7.185970607877392578e+10
7.219708183438462830e+10
7.252767341118257141e+10
7.285149861550000000e+10
7.316857457400798035e+10
7.347891790754835510e+10
7.378254489274218750e+10
7.407947161201377869e+10
7.436971409263133240e+10
7.465328843532521057e+10
7.493021093301321411e+10
7.520049818013571167e+10
7.546416717306686401e+10
7.572123540205798340e+10
7.597172093513237000e+10
7.621564249434330750e+10
7.645301952477626038e+10
7.668387225667036438e+10
7.690822176101017761e+10
7.712608999892616272e+10
7.733749986522894287e+10
7.754247522638917542e+10
7.774104095326223755e+10
7.793511262127355957e+10
7.812087441578050232e+10
7.830030775500920105e+10
7.847344177021971130e+10
7.864030669157933044e+10
7.880093385496189880e+10
7.895535570528034973e+10
7.910360579657144165e+10
7.924571878903785706e+10
7.938173044325090027e+10
7.951167761170405579e+10
7.963559822790106201e+10
7.975353129315664673e+10
7.986551686127911377e+10
7.997159602129484558e+10
8.007181087837274170e+10
8.016620453309394836e+10
8.025482105921302795e+10
8.033770548004130554e+10
8.041490374358488464e+10
8.048646269655981445e+10
8.055243005740295410e+10
8.061285438838746643e+10
