0.000000000000000000e+00
1.158861354597658873e+09
3.094352243773770332e+09
5.322140706670848846e+09
7.687072767023123741e+09
1.012341926490711975e+10
1.259808226544671059e+10
1.509244858395710564e+10
1.759523107960263062e+10
2.009920773895694733e+10
2.259957341407789993e+10
2.509295641005897522e+10
2.757712067371280670e+10
3.005044312770629501e+10
3.251176497431747437e+10
3.496025758320029449e+10
3.739533149940547180e+10
3.981657318338981628e+10
4.222370010346953583e+10
4.461652827929232025e+10
4.699494845840803528e+10
4.935890839436781311e+10
5.170839951056378174e+10
5.404344676394356537e+10
5.636410087447977448e+10
5.867043232435794830e+10
6.096252669487666321e+10
6.324048102390370178e+10
6.550440094833905029e+10
6.775439845480679321e+10
6.999059010464729309e+10
7.221309563087539673e+10
7.442203682830662537e+10
7.661753667575370789e+10
7.879971864262092590e+10
8.096870614248902893e+10
8.312462210418701172e+10
8.526758863697471619e+10
8.739772677123840332e+10
8.951515625984805298e+10
9.161999542827874756e+10
9.371236106393597412e+10
9.579236833698432922e+10
9.786013074646228027e+10
9.991576008665446472e+10
1.019593664296477966e+11
1.039910581207668304e+11
1.060109417842059174e+11
1.080191223366789551e+11
1.100157030073159485e+11
1.120008998481629639e+11
1.139746973138169708e+11
1.159371937483765717e+11
1.178884859250749512e+11
1.198286690805417328e+11
1.217578369498766937e+11
1.236760818021340637e+11
1.255834944758963928e+11
1.274801644146838989e+11
1.293661797019989014e+11
1.312416270958496094e+11
1.331065920626333313e+11
1.349611588102891846e+11
1.368054103206544952e+11
1.386394283809778748e+11
1.404632936145589600e+11
1.422770855104965515e+11
1.440808824525379333e+11
1.458747617470298157e+11
1.476587996499780884e+11
1.494330713932287598e+11
1.511976512097861633e+11
1.529526123582873230e+11
1.546980271466543884e+11
1.564339669549477539e+11
1.581605022574440002e+11
1.598777026439633179e+11
1.615856368404715271e+11
1.632843727289819641e+11
1.649739773667816162e+11
1.666545170050068054e+11
1.683260571065921936e+11
1.699886623636167603e+11
1.716423967140697021e+11
1.732873233580587158e+11
1.749235047734821777e+11
1.765510027311858215e+11
1.781698783096242065e+11
1.797801919090462952e+11
1.813820032652235413e+11
1.829753714627382812e+11
1.845603549478496094e+11
1.861370115409529419e+11
1.877053984486490479e+11
1.892655722754372253e+11
1.908175890350472412e+11
1.923615041614234924e+11
1.938973725193746643e+11
1.954252484149009399e+11
1.969451064878009338e+11
1.984570796031118164e+11
1.999612204440766602e+11
2.014575811735386658e+11
2.029462134428232422e+11
2.044271684003624268e+11
2.059004967000701904e+11
2.073662485094774170e+11
2.088244735176346436e+11
2.102752209427910767e+11
2.117185395398569336e+11
2.131544776076564026e+11
2.145830829959788208e+11
2.160044031124338379e+11
2.174184849291179199e+11
2.188253749890975037e+11
2.202251194127154846e+11
2.216177639037262268e+11
2.230033537552647705e+11
2.243819338556552429e+11
2.257535486940643311e+11
2.271182423660036316e+11
2.284760585786863403e+11
