0.000000000000000000e+00
1.046343222489269800e+06
2.089379511865581619e+06
3.129386310199212283e+06
4.166485026535166427e+06
5.200681230728367344e+06
6.231891522924816236e+06
7.259969200599318370e+06
8.284730074765499681e+06
9.305976627118187025e+06
1.032351812380457669e+07
1.134636776681490429e+07
1.235597939493597485e+07
1.336146807329684496e+07
1.436275799795135856e+07
1.535980109869774058e+07
1.635257225881155767e+07
1.734106435956702381e+07
1.832528374960996956e+07
1.930524642708695680e+07
2.028097500654637441e+07
2.125249641633160412e+07
2.221984021343109757e+07
2.318303738754288480e+07
2.414211953487984091e+07
2.509711830151435733e+07
2.604806501773946360e+07
2.699499046483360603e+07
2.793792473206725717e+07
2.887689713448803872e+07
2.981193617135616019e+07
3.074306951170439273e+07
3.167032399802330136e+07
3.259372566209742427e+07
3.351329974899476022e+07
3.442907074648831785e+07
3.534106241800355911e+07
3.624929783771313727e+07
3.715379942674729228e+07
3.805458898972787708e+07
3.895168775100876391e+07
3.984511639014164358e+07
4.073489507619611919e+07
4.162104350065761060e+07
4.250358090870633721e+07
4.338252612874875963e+07
4.425789760013170540e+07
4.512971339901600778e+07
4.599799126242687553e+07
4.686274861052635312e+07
4.771892983270975947e+07
4.857673202734902501e+07
4.943106409898269176e+07
5.028194239258982986e+07
5.112938302372402698e+07
5.197340189197349548e+07
5.281401469330037385e+07
5.365123693135567009e+07
5.448508392785889655e+07
5.531557083212673664e+07
5.614271262982753664e+07
5.696652415103312582e+07
5.778702007763181627e+07
5.860421495016196370e+07
5.941812317411816120e+07
6.022875902577859908e+07
6.103613665759629756e+07
6.184027010319216549e+07
6.264117328198599070e+07
6.343886000349497050e+07
6.423334397132928669e+07
6.502463878690910339e+07
6.581275795292606205e+07
6.659771487657041848e+07
6.737952287254169583e+07
6.815819516586023569e+07
6.893374489449581504e+07
6.970618511182585359e+07
7.047552878893738985e+07
7.124178881678453088e+07
7.200497800821119547e+07
7.276510909985002875e+07
7.352219475390666723e+07
7.427624755983649194e+07
7.502728003592339158e+07
7.577530463076648116e+07
7.652033372468112409e+07
7.726237963102211058e+07
7.800145459743165970e+07
7.873757080702097714e+07
7.947074037948691845e+07
8.020097537217056751e+07
8.092828778105998039e+07
8.165268954174269736e+07
8.237419253031030297e+07
8.309280856421804428e+07
8.380854940310415626e+07
8.452142674956952035e+07
8.523145224992197752e+07
8.594227409967473149e+07
8.664660239594998956e+07
8.734811356877115369e+07
8.804681904554092884e+07
8.874273020063245296e+07
8.943585835596147180e+07
9.012621478153540194e+07
9.081381069598180056e+07
9.149865726705649495e+07
9.218076561213326454e+07
9.286014679867589474e+07
9.353681184469337761e+07
9.421077171918019652e+07
9.488203734254105389e+07
9.555061958700266480e+07
9.621652927701182663e+07
9.687977718962171674e+07
9.754037405486589670e+07
9.819833055612199008e+07
9.885365733046463132e+07
9.950636496900868416e+07
1.001564640172426105e+08
1.008039649753542244e+08
