0.000000000000000000e+00
1.562800191188216805e+08
3.136997368631416559e+08
4.616255715243787766e+08
6.043122118916431665e+08
7.437203704785758257e+08
8.807182305201511383e+08
1.015739427946383238e+09
1.149024794393328190e+09
1.280720315388205051e+09
1.410921270246623993e+09
1.540005631352226019e+09
1.667385264477102280e+09
1.793423522522209167e+09
1.918150842410974503e+09
2.041592750910146952e+09
2.163771338593437195e+09
2.284706226212249279e+09
2.404415215361250877e+09
2.522914736990396976e+09
2.640220167102725029e+09
2.756346053176522255e+09
2.871306279338059425e+09
2.985114188730895042e+09
3.097782675469270706e+09
3.209324254647407532e+09
3.319751116295403004e+09
3.429075167440507889e+09
3.537308065251105785e+09
3.644461243422366619e+09
3.750545933388056755e+09
3.855573181534075737e+09
3.959553863295055389e+09
4.062498694801052570e+09
4.164418242583672523e+09
4.265322931733988762e+09
4.365223052816624641e+09
4.464128767778184891e+09
4.562050115037418365e+09
4.658997013905777931e+09
4.754979268456809998e+09
4.850006570939538002e+09
4.944088504812465668e+09
5.037234547460432053e+09
5.129454072645069122e+09
5.220756352730305672e+09
5.311150560717194557e+09
5.400645772116210938e+09
5.489250966680501938e+09
5.576975030019606590e+09
5.663620653769645691e+09
5.749617335962890625e+09
5.834758907888732910e+09
5.919053893728147507e+09
6.002510730270996094e+09
6.085137768078578949e+09
6.166943272599255562e+09
6.247935425242271423e+09
6.328122324414258003e+09
6.407511986522146225e+09
6.486112346945821762e+09
6.563931260983343124e+09
6.640976504771202087e+09
6.717255776181772232e+09
6.792776695699786186e+09
6.867546807279541016e+09
6.941573579184208870e+09
7.014864404808548927e+09
7.087426603486127853e+09
7.159267421281997681e+09
7.230394031771783829e+09
7.300813536807862282e+09
7.370532967273378372e+09
7.439559283824698448e+09
7.507899377622854233e+09
7.575560071054471016e+09
7.642548118442605972e+09
7.708870206747948647e+09
7.774532956260673523e+09
7.839542921283399582e+09
7.903906590805356979e+09
7.967630389168237686e+09
8.030720676723890305e+09
8.093183750484068871e+09
8.155025844762491226e+09
8.216253131809387207e+09
8.276871722438730240e+09
8.336887666648304939e+09
8.396306954232744217e+09
8.455135515389768600e+09
8.513379221319676399e+09
8.571043884818262100e+09
8.628135260863233566e+09
8.684659047194347382e+09
8.740620884887243271e+09
8.796026358921173096e+09
8.850880998740711212e+09
8.905190278811471939e+09
8.958959619169981003e+09
9.012341055292020798e+09
9.065041295377384186e+09
9.117217587033687592e+09
9.168875137445812225e+09
9.220019102039360046e+09
9.270654584996990204e+09
9.320786639769615173e+09
9.370420269582221985e+09
9.419560427934526443e+09
9.468212019096582413e+09
9.516379898599267960e+09
9.564068873719779968e+09
9.611283703962263107e+09
9.658029101533426285e+09
9.704309731813510895e+09
9.750130213822319031e+09
9.795495120680654526e+09
9.840408980067010880e+09
9.884876274669752121e+09
9.928901442634622574e+09
9.972488878007804871e+09
1.001564293117455292e+10
1.005836790929331017e+10
