0.000000000000000000e+00
3.374529743959919930e+09
6.755034775618860245e+09
1.012701625092598343e+10
1.348457272843083382e+10
1.682478274533496094e+10
2.014624409313393021e+10
2.344841609885179138e+10
2.673126139748385620e+10
2.999503367321664047e+10
3.324014710998792267e+10
3.648459191702820587e+10
3.969372276753048706e+10
4.288573554833662415e+10
4.606113014810981750e+10
4.922037653888415527e+10
5.236391017760577393e+10
5.549213065854809570e+10
5.860540234335910034e+10
6.170405613476570129e+10
6.478839185224671936e+10
6.785868086278999329e+10
7.091516874954534912e+10
7.395807788721765137e+10
7.698760984973071289e+10
8.000394761265145874e+10
8.300725753657431030e+10
8.599769113250471497e+10
8.897538661921200562e+10
9.194047028754586792e+10
9.489305768917413330e+10
9.783325466801864624e+10
1.007611582524538727e+11
1.036768574254883881e+11
1.065804337889562683e+11
1.094719621363754272e+11
1.123515109476933899e+11
1.152191428177269592e+11
1.180749148287350159e+11
1.209188788762881775e+11
1.237510819564152222e+11
1.265715664209268951e+11
1.293803702068445435e+11
1.321775270449791565e+11
1.349630666519309082e+11
1.377370149090841370e+11
1.404993940315620728e+11
1.432502227295754700e+11
1.459895163641301270e+11
1.487172870986583557e+11
1.514282403841373291e+11
1.541331048146929932e+11
1.568264651074124146e+11
1.595083221323626099e+11
1.621786742908084106e+11
1.648375176590960388e+11
1.674848461321889648e+11
1.701206515667846069e+11
1.727449239238780518e+11
1.753576514105729370e+11
1.779588206209070435e+11
1.805484166754313965e+11
1.831264233592642822e+11
1.856928232583346558e+11
1.882475978935319519e+11
1.907907278524818115e+11
1.933221929186835022e+11
1.958419721977525024e+11
1.983500442405376282e+11
2.008463871628945618e+11
2.033309787619251709e+11
2.058037966285074158e+11
2.082648182559692383e+11
2.107140211447796936e+11
2.131513829031488037e+11
2.155768813434586487e+11
2.179904945744556580e+11
2.203922010891704712e+11
2.227819798485288696e+11
2.251598103606593933e+11
2.275256727558975830e+11
2.298795478575160522e+11
2.322214172482171021e+11
2.345512633324387207e+11
2.368690693945368652e+11
2.391748196529147949e+11
2.414684993101814270e+11
2.437500945994306946e+11
2.460195928267317200e+11
2.482769824099393616e+11
2.505222529139258423e+11
2.527553950823499756e+11
2.549764008660729980e+11
2.571852634483428955e+11
2.593819772668638916e+11
2.615665380328709717e+11
2.637389427473302917e+11
2.658991897143878784e+11
2.680472785521862488e+11
2.701850420138998108e+11
2.723086972094735107e+11
2.744202011281124878e+11
2.765195587169589233e+11
2.786067762558784180e+11
2.806818613549278564e+11
2.827448229499956665e+11
2.847956712967217407e+11
2.868344179627966919e+11
2.888610758187443848e+11
2.908756590272824097e+11
2.928781830313544312e+11
2.948686645409268799e+11
2.968471215186374512e+11
2.988135731643777466e+11
3.007680398988952637e+11
3.027105433464889526e+11
3.046411063168778687e+11
3.065597527863107910e+11
3.084665078779879761e+11
3.103613978418608398e+11
3.122444500338728027e+11
3.141156928946991577e+11
