0.000000000000000000e+00
2.810382288674333096e+09
4.613594388263207436e+09
5.969714841523262978e+09
7.108823728607093811e+09
8.127354346441252708e+09
9.073201480614963531e+09
9.973030034141656876e+09
1.084290180006389046e+10
1.169305503726662445e+10
1.253029483495007515e+10
1.336754903979849243e+10
1.419153846999076843e+10
1.501292234149166107e+10
1.583338997095350456e+10
1.665417277212953949e+10
1.747617093326553726e+10
1.830004108515598297e+10
1.912625828708214569e+10
1.995516067339818573e+10
2.078698213136448669e+10
2.162187655398873901e+10
2.245993605820082855e+10
2.330120481278742218e+10
2.414568962767348099e+10
2.499336812413268661e+10
2.584419507787725067e+10
2.669810736838535309e+10
2.755502785568714905e+10
2.841486842546272659e+10
2.927753238496666336e+10
3.014291634945042801e+10
3.101091172693273544e+10
3.188140588529013443e+10
3.275428306753630447e+10
3.362942510730841446e+10
3.450671198588153839e+10
3.538602226369854736e+10
3.626723341286167145e+10
3.715022207185325623e+10
3.803486423962279510e+10
3.892103542286782837e+10
3.980861074766323090e+10
4.069746504441872406e+10
4.158747291338197327e+10
4.247850877645433044e+10
4.337044691989780426e+10
4.426316153153960419e+10
4.515652673527404785e+10
4.605041662500286102e+10
4.693576085219221497e+10
4.783032034622271729e+10
4.872502824671553040e+10
4.961975890142469788e+10
5.051438683087298584e+10
5.140878677946358490e+10
5.230283377030817413e+10
5.319640316357843781e+10
5.408937071809566498e+10
5.498161265580986786e+10
5.587300572877693176e+10
5.676342728821093750e+10
5.765275535517961884e+10
5.854086869249734497e+10
5.942764687738549805e+10
6.031297037447228241e+10
6.119672060872775269e+10
6.207878003794600677e+10
6.295903222441407013e+10
6.383736190543025970e+10
6.471365506236503601e+10
6.558779898798445892e+10
6.645968235178213501e+10
6.732919526310021210e+10
6.819622933184022522e+10
6.906067772659587097e+10
6.992243523006542969e+10
7.078139829162229919e+10
7.163746507695074463e+10
7.249053551467027283e+10
7.334051133989674377e+10
7.418729613470271301e+10
7.503079536546203613e+10
7.587091641707476807e+10
7.670756862408493042e+10
7.754066329871806335e+10
7.837011375587367249e+10
7.919583533512179565e+10
8.001774541975976562e+10
8.083576345299444580e+10
8.164981095132121277e+10
8.245981151517926025e+10
8.326569083696325684e+10
8.406737670648352051e+10
8.486479901395965576e+10
8.565788975064486694e+10
8.644658300717581177e+10
8.723081496974473572e+10
8.801052391418910217e+10
8.879337812198539734e+10
8.956381748887757874e+10
9.032956057005572510e+10
9.109055392306657410e+10
9.184674613761294556e+10
9.259808781918798828e+10
9.334453157130262756e+10
9.408603197639163208e+10
9.482254557549223328e+10
9.555403084677651978e+10
9.628044818302320862e+10
9.700175986810949707e+10
9.771793005260000610e+10
9.842892472851008606e+10
9.913471170331674194e+10
9.983526057328443909e+10
1.005305426961785278e+11
1.012205311634249878e+11
1.019052007717849121e+11
1.025845279945974579e+11
1.032584909526537170e+11
1.039270693847500153e+11
1.045902446179761810e+11
