0.000000000000000000e+00
1.032557145423072815e+10
1.962143262403817749e+10
2.782899141983499527e+10
3.500393588728792572e+10
4.124090595259096527e+10
4.664513920927983856e+10
5.131947556691973114e+10
5.535854993336118317e+10
5.884663781339801788e+10
6.185736430859380341e+10
6.447839153072165680e+10
6.671279339007624817e+10
6.863506840598061371e+10
7.028499064537670898e+10
7.169653015765736389e+10
7.289873670932577515e+10
7.391650322989218140e+10
7.477121627547029114e+10
7.548130537863636780e+10
7.606270447018919373e+10
7.652923820792634583e+10
7.689294491704374695e+10
7.716434642445489502e+10
7.735267361351766968e+10
7.746605516391441345e+10
7.751167572830624390e+10
7.749590874796194458e+10
7.742442821859750366e+10
7.730230297048846436e+10
7.713407640547874451e+10
7.692383411940197754e+10
7.667526141461874390e+10
7.639169235868484497e+10
7.607615175861569214e+10
7.573139118476948547e+10
7.535991998487965393e+10
7.496403206963453674e+10
7.454582912019799805e+10
7.410724076007330322e+10
7.365004214457768250e+10
7.317586934749012756e+10
7.268623286340849304e+10
7.218252949371958923e+10
7.166605284200765991e+10
7.113800260970437622e+10
7.059949285355592346e+10
7.005155934207557678e+10
6.949516612770735168e+10
6.893121143427784729e+10
6.836627040116518402e+10
6.778970574055512238e+10
6.720792254755263519e+10
6.662160410879054260e+10
6.603138960917617035e+10
6.543787733810212708e+10
6.484162760841761017e+10
6.424316541896202850e+10
6.364298288759244537e+10
6.304154147831453705e+10
6.243927404328578186e+10
6.183658669799779510e+10
6.123386054583148956e+10
6.063145326633906555e+10
6.002970058001632690e+10
5.942891760093994904e+10
5.882940008743303680e+10
5.823142559986000824e+10
5.763525457372254944e+10
5.704113131540357208e+10
5.644928492718467712e+10
5.585993016751658630e+10
5.527326825195607758e+10
5.468948759966802216e+10
5.410876452994470978e+10
5.353126391278253937e+10
5.295713977719504547e+10
5.238653588061104584e+10
5.181958624241355133e+10
5.125641564440637970e+10
5.069714010075508118e+10
5.014186729972971344e+10
4.959069701937947845e+10
4.904372151908529663e+10
4.850102590877958679e+10
4.796268849746422577e+10
4.742878112252767181e+10
4.689936946123628998e+10
4.637451332565880585e+10
4.585426694218283844e+10
4.533867921668508911e+10
4.482779398633071136e+10
4.432165025889676666e+10
4.382028244044548798e+10
4.332372055210098267e+10
4.283199043662794495e+10
4.234511395545000458e+10
4.186310917669891357e+10
4.138599055483442688e+10
4.090907164735170746e+10
4.044180417635807037e+10
3.997944625449668884e+10
3.952199949689919281e+10
3.906946269429289246e+10
3.862183195122047424e+10
3.817910081861518860e+10
3.774126042101665497e+10
3.730829957869252777e+10
3.688020492491033173e+10
3.645696101858989716e+10
3.603855045254690552e+10
3.562495395752541351e+10
3.521615050220378876e+10
3.481211738934636688e+10
3.441283034826036835e+10
3.401826362371121597e+10
3.362839006143458176e+10
3.324318119038060379e+10
3.286260730181386566e+10
3.248663752538772202e+10
3.211523990230472946e+10
3.174838145566738510e+10
