0.000000000000000000e+00
9.221171927981004046e+03
3.289371833150383463e+04
7.346098574741813354e+04
1.323608124445575813e+05
2.104448616861760383e+05
3.081740053847578238e+05
4.257314302802208113e+05
5.630961652190132299e+05
7.200943876409227960e+05
8.964369221955318935e+05
1.091935070117830532e+06
1.305955102822622284e+06
1.538006931672553997e+06
1.787565927327115089e+06
2.054083673876524903e+06
2.336996581557465717e+06
2.635732798781802412e+06
2.949717759091806598e+06
3.278378623354366049e+06
3.621147822175183333e+06
3.977465861962942407e+06
4.346783526285816915e+06
4.728563579455353320e+06
5.122282059806792997e+06
5.527429234630028717e+06
5.943510276217231527e+06
6.370045708356473595e+06
6.806571664313538931e+06
7.252639990527728572e+06
7.707818224611713551e+06
8.171689471565318294e+06
8.643852198212124407e+06
9.123919962605947629e+06
9.611521092419819906e+06
1.010629832403275184e+07
1.060790841209606640e+07
1.111602171773159318e+07
1.163032178213918209e+07
1.215050489123026095e+07
1.267627963592364453e+07
1.320736647191153467e+07
1.374349728200388327e+07
1.428441494356855005e+07
1.482987290308622271e+07
1.537963475941893831e+07
1.593347385703741014e+07
1.649117289015534334e+07
1.705252351846983656e+07
1.761732599499882385e+07
1.818535712479975447e+07
1.875646676075049862e+07
1.933047875384553894e+07
1.990722418821468577e+07
2.048654107155926153e+07
2.106827403788150847e+07
2.165227406226997077e+07
2.223839818746322021e+07
2.282650926188344508e+07
2.341647568880788237e+07
2.400817118632954359e+07
2.460147455774738267e+07
2.519626947201927006e+07
2.579244425390832499e+07
2.638989168345333263e+07
2.698850880439662933e+07
2.758819674120783433e+07
2.818886052434805036e+07
2.879040892342726141e+07
2.939275428791613132e+07
2.999581239508332685e+07
3.059950230483942851e+07
3.120374622117918357e+07
3.180846935992464423e+07
3.241359982248265296e+07
3.301906847534110025e+07
3.362480883503937721e+07
3.423075695835911483e+07
3.483685133749204874e+07
3.544303279995210469e+07
3.604924441300909966e+07
3.665543139243119955e+07
3.726154101533281058e+07
3.786752253693404049e+07
3.847332711104650795e+07
3.907890771410911530e+07
3.968421907260551304e+07
4.028921759370301664e+07
4.089386129896032810e+07
4.149810976095872372e+07
4.210192404271829128e+07
4.270526663976757228e+07
4.330810142474120110e+07
4.391039359438642859e+07
4.451210961886501312e+07
4.511321719324249774e+07
4.571368519106249511e+07
4.631348361990805715e+07
4.691258357885752618e+07
4.751094981735759974e+07
4.810856263397135586e+07
4.870539617420373112e+07
4.930142552176980674e+07
4.989662666429626942e+07
5.049097646044776589e+07
5.108445260841266811e+07
5.167703361568629742e+07
5.226869877009242028e+07
5.285942811198680848e+07
5.344920240758949518e+07
5.403800312339469790e+07
5.462581240161011368e+07
5.521261303657942265e+07
5.579838845214417577e+07
5.638312267990336567e+07
5.696680033833084255e+07
5.754940661271281540e+07
5.813092723586932570e+07
5.871134846962552518e+07
5.929065708699983358e+07
5.986884035507810116e+07
6.044588601854381710e+07
