0.000000000000000000e+00
1.276585751952199340e+08
3.277290906931455135e+08
5.503079812690677643e+08
7.799064023347696066e+08
1.010120990460869670e+09
1.237844539438421011e+09
1.461428962044278383e+09
1.679961592295140505e+09
1.892935407020171404e+09
2.100082194629718542e+09
2.301221512329644680e+09
2.496386851506050110e+09
2.685614279310974598e+09
2.868980952777598381e+09
3.046591606454166412e+09
3.218569427379898548e+09
3.385049753004627228e+09
3.546175637409645081e+09
3.702094684638661385e+09
3.852956759957805157e+09
3.998912320898697853e+09
4.140111193112279892e+09
4.276701670120765209e+09
4.408829851947543144e+09
4.536639161898629189e+09
4.660269997501482964e+09
4.779859483315826416e+09
4.895541301644691467e+09
5.007445583156115532e+09
5.115698843783537865e+09
5.220423957483446121e+09
5.321740156819043159e+09
5.419763055135519028e+09
5.514604685455530167e+09
5.606373552266051292e+09
5.695174693171448708e+09
5.781109748011681557e+09
5.864277033532320976e+09
5.944771622076811790e+09
6.022685423074966431e+09
6.098107266343155861e+09
6.171122986404728889e+09
6.241815507194190979e+09
6.310264926633754730e+09
6.376548600672073364e+09
6.440741226457262039e+09
6.502914924383325577e+09
6.563139318803933144e+09
6.621481617252396584e+09
6.678024546715656281e+09
6.732812238416621208e+09
6.785905129653104782e+09
6.837361540069027901e+09
6.887237742091841698e+09
6.935588029491889954e+09
6.982464784057762146e+09
7.027918540391142845e+09
7.071998048832530975e+09
7.114750336535533905e+09
7.156220766712657928e+09
7.196453096079716682e+09
7.235489530529364586e+09
7.273370779066924095e+09
7.310136106043781281e+09
7.345823381725232124e+09
7.380469131230838776e+09
7.414108581886212349e+09
7.446775709025695801e+09
7.478503280285710335e+09
7.509322898428661346e+09
7.539265042737204552e+09
7.568359109018492699e+09
7.596633448257652283e+09
7.624115403959358215e+09
7.650831348215814590e+09
7.676806716538906097e+09
7.702066041493634224e+09
7.726632985169284821e+09
7.750530370524024010e+09
7.773780211637948990e+09
7.796403742908782005e+09
7.818421447223665237e+09
7.839853083139723778e+09
7.860717711105246544e+09
7.881033718752570152e+09
7.900818845292935371e+09
7.920090205042790413e+09
7.938864310110251427e+09
7.957157092269621849e+09
7.974983924051123619e+09
7.992359639072211266e+09
8.009298551636099815e+09
8.025814475622394562e+09
8.041920742693986893e+09
8.057630219843662262e+09
8.072955326303153038e+09
8.087908049836711884e+09
8.102499962440578461e+09
8.116738794170460701e+09
8.130638877561309814e+09
8.144210622216994286e+09
8.157464079367877960e+09
8.170408954893136978e+09
8.183054621864145279e+09
8.195410132626004219e+09
8.207484230433740616e+09
8.219285360659158707e+09
8.230821681583787918e+09
8.242101074792891502e+09
8.253131155184955597e+09
8.263919280610632896e+09
8.274472561154621124e+09
8.284797868073513985e+09
8.294901842402200699e+09
8.304790903240965843e+09
8.314471255735033035e+09
8.323948898757870674e+09
8.333229632309201241e+09
8.342319064638244629e+09
8.351222619102403641e+09
8.359945540771181107e+09
