0.000000000000000000e+00
4.659704735192841326e+04
1.631511910110015015e+05
3.575926099663937930e+05
6.322781946684441064e+05
9.864896702468539588e+05
1.417644005859540775e+06
1.922003015348098939e+06
2.495129205197585281e+06
3.132193133401216939e+06
3.828185939513746183e+06
4.578581467870861292e+06
5.377850064145131037e+06
6.221170790825854987e+06
7.103915639533486217e+06
8.021680444221272133e+06
8.970303212418118492e+06
9.945873201245449483e+06
1.094473322069639713e+07
1.196347703042343818e+07
1.299894323936236650e+07
1.404820677467772178e+07
1.510856872695413232e+07
1.617754518074814789e+07
1.725285548815796152e+07
1.833241032674571127e+07
1.941429979366039112e+07
2.049678171894327551e+07
2.157827032804819569e+07
2.265732534298809990e+07
2.373264158046979085e+07
2.480303908177188784e+07
2.586745379130504280e+07
2.692492878748268634e+07
2.797460605972113088e+07
2.901571881829524785e+07
3.004758431878470257e+07
3.106959717947439104e+07
3.208122316794281080e+07
3.308199343188779056e+07
3.407149914876741171e+07
3.504938656889452785e+07
3.601535242707287520e+07
3.696913969859277457e+07
3.791053367632725835e+07
3.883935834672122449e+07
3.975547304359426349e+07
4.065876935984540731e+07
4.154916829832505435e+07
4.242661764430442452e+07
4.329121938104635477e+07
4.414283789810368419e+07
4.498148734781776369e+07
4.580720007657592744e+07
4.662002487863263488e+07
4.742002538856438547e+07
4.820727860175879300e+07
4.898187351312505454e+07
4.974390986494759470e+07
5.049349699548882991e+07
5.123075278058330715e+07
5.195580266105633974e+07
5.266877874934785068e+07
5.336981900922957063e+07
5.405906650297319889e+07
5.473666870076121390e+07
5.540277684753298759e+07
5.605754538282965869e+07
5.670113140954265743e+07
5.733369420778702945e+07
5.795539479041108489e+07
5.856639549692317843e+07
5.916685962286362797e+07
5.975695108187831938e+07
6.033683409796115756e+07
6.090667292552670836e+07
6.146663159515345097e+07
6.201687368300312757e+07
6.255756210207398236e+07
6.308885891358619183e+07
6.361092515692722797e+07
6.412392069670452178e+07
6.462800408556285501e+07
6.512333244152603298e+07
6.561006133871585131e+07
6.608834471038839221e+07
6.655833476330762357e+07
6.702018190255022049e+07
6.747403466590365767e+07
6.792003966708289087e+07
6.835834154704923928e+07
6.878908293276852369e+07
6.921240440279605985e+07
6.962844445912130177e+07
7.003733950474818051e+07
7.043922382652606070e+07
7.083422958278301358e+07
7.122248679534657300e+07
7.160412334556850791e+07
7.197920065253327787e+07
7.234790786569933593e+07
7.271036643473894894e+07
7.306669568638283014e+07
7.341701283567360044e+07
7.376143299945603311e+07
7.410006921188342571e+07
7.443303244173566997e+07
7.476043161136047542e+07
7.508237361706404388e+07
7.539896335078996420e+07
7.571030372293885052e+07
7.601649568619146943e+07
7.631763826020984352e+07
7.661382855710004270e+07
7.690516180753003061e+07
7.719173138740408421e+07
7.747362884500358999e+07
7.775094392851085961e+07
7.802376461384008825e+07
7.829217713270516694e+07
7.855626600086030364e+07
7.881611404645490646e+07
