0.000000000000000000e+00
1.060392258939898312e+08
2.121304249314103723e+08
3.179897185339253545e+08
4.234937846902496219e+08
5.285726989111807942e+08
6.331843778038679361e+08
7.373036650717153549e+08
8.409164414723460674e+08
9.440160224615789652e+08
1.046600792390701890e+09
1.149318069589153290e+09
1.250875972638723850e+09
1.351930768025697947e+09
1.452489056214898825e+09
1.552557959780836582e+09
1.652144834243175745e+09
1.751257065497151136e+09
1.849901930484639168e+09
1.948086504049248695e+09
2.045817599427654266e+09
2.143101733105889320e+09
2.239945107174833298e+09
2.336353604098486900e+09
2.432332790131033421e+09
2.527887924605060577e+09
2.623023973049848557e+09
2.717745622649651527e+09
2.812057298963476658e+09
2.905963183135197163e+09
2.999467229051685333e+09
3.092573180076535702e+09
3.185284585112385750e+09
3.277604813836996078e+09
3.369537071025289536e+09
3.461084409917675972e+09
3.552249744629334927e+09
3.643035861618700504e+09
3.733445430249350071e+09
3.823481012489704132e+09
3.913145071800985336e+09
4.002439981266791344e+09
4.091368031018529892e+09
4.179931435010191917e+09
4.268132337194334984e+09
4.355972817148597717e+09
4.443454895199450493e+09
4.530580537086718559e+09
4.617351658209446907e+09
4.703770127490493774e+09
4.789667358524947166e+09
4.875389443938655853e+09
4.960764221733178139e+09
5.045793407424531937e+09
5.130478684743236542e+09
5.214821707842766762e+09
5.298824103313618660e+09
5.382487472020889282e+09
5.465813390781740189e+09
5.548803413897583008e+09
5.631459074554338455e+09
5.713781886102836609e+09
5.795773343230527878e+09
5.877434923034246445e+09
5.958768086003128052e+09
6.039774276919855118e+09
6.120454925687524796e+09
6.200811448088878632e+09
6.280845246483892441e+09
6.360557710451320648e+09
6.439950217379018784e+09
6.519024133007629395e+09
6.597780811931718826e+09
6.676221598062049866e+09
6.754347825052391052e+09
6.832160816693826675e+09
6.909661887279476166e+09
6.986852341942014694e+09
7.063733476966426849e+09
7.140306580079923630e+09
7.216572930721069336e+09
7.292533800289735794e+09
7.368190452379570961e+09
7.443544142994277000e+09
7.518596120749160767e+09
7.593347627059062958e+09
7.667799896313743591e+09
7.741954156041795731e+09
7.815811627063947678e+09
7.889373523636612892e+09
7.962641053586385727e+09
8.035615418436312675e+09
8.108297813524433136e+09
8.180689428115299225e+09
8.252791445504877090e+09
8.324605043119499207e+09
8.396131392609160423e+09
8.467371659935647964e+09
8.538327005455894470e+09
8.609079788909168243e+09
8.679465929468721390e+09
8.749570607845296860e+09
8.819394962672756195e+09
8.888940127336818695e+09
8.958207230036092758e+09
9.027197393840198517e+09
9.095911736745315552e+09
9.164351371727128983e+09
9.232517406791624069e+09
9.300410945023639679e+09
9.368033084633411407e+09
9.435384919001333237e+09
9.502467536720819473e+09
9.569282021639698029e+09
9.635829452899959564e+09
9.702110904976076126e+09
9.768127447712068558e+09
9.833880146357187271e+09
9.899370061600551605e+09
9.964598249604526520e+09
1.002956576203715134e+10
1.009427364610361671e+10
