0.000000000000000000e+00
1.046048872184367967e+06
2.087193519300878746e+06
3.121758135806705337e+06
4.147610594084020704e+06
5.162454696397843771e+06
6.164050785101801157e+06
7.150382023213138804e+06
8.119767817501210608e+06
9.070925484768364578e+06
1.000298535111947358e+07
1.092449402753156610e+07
1.181706944129496068e+07
1.269008501917259954e+07
1.354391112993660383e+07
1.437907755707282946e+07
1.519622174299700744e+07
1.599604667615226284e+07
1.677928835552616790e+07
1.754669178015094623e+07
1.829899398618465662e+07
1.903691260015268996e+07
1.976113852839038894e+07
2.047233164070488885e+07
2.117111855725255609e+07
2.185809187321312353e+07
2.253381034086871147e+07
2.319879967143143341e+07
2.385355372423611581e+07
2.449853592591317371e+07
2.513418081415076554e+07
2.576089563594338298e+07
2.637906195381390303e+07
2.698903722913589701e+07
2.759115636204905808e+07
2.818573317440227419e+07
2.877306182689932734e+07
2.935341816495932266e+07
2.992706099023106694e+07
3.049423325652474537e+07
3.105516319032609463e+07
3.161006533714865893e+07
3.215914153582176939e+07
3.270258182345274091e+07
3.324056527426867932e+07
3.377326077586189657e+07
3.430082774655707181e+07
3.482341679770431668e+07
3.534117034470400959e+07
3.585422317049860209e+07
3.635764038130554557e+07
3.686171208278626949e+07
3.736144549464811385e+07
3.785694973311376572e+07
3.834832850313900411e+07
3.883568044648706913e+07
3.931909946353753656e+07
3.979867501105293632e+07
4.027449237793246657e+07
4.074663294080365449e+07
4.121517440113466978e+07
4.168019100539743900e+07
4.214175374966976792e+07
4.259993056993852556e+07
4.305478651924828440e+07
4.350638393273735791e+07
4.395478258150744438e+07
4.440003981618855149e+07
4.484221070098625124e+07
4.528134813892738521e+07
4.571750298896127194e+07
4.615072417551622540e+07
4.658105879106190801e+07
4.700855219218361378e+07
4.743324808963201940e+07
4.785518863277648389e+07
4.827441448885644972e+07
4.869096491739280522e+07
4.910487784009578079e+07
4.951618990657915175e+07
4.992493655616655201e+07
5.033115207605540007e+07
5.073486965608426929e+07
5.113612144032970816e+07
5.153493857574445009e+07
5.193135125803155452e+07
5.232538877493503690e+07
5.271707954711656272e+07
5.310645116677153856e+07
5.349353043413253874e+07
5.387834339199122787e+07
5.426091535836631805e+07
5.464127095743149519e+07
5.501943414881306887e+07
5.539542825535669178e+07
5.576927598945611715e+07
5.614099947803277522e+07
5.651062028624484688e+07
5.687815944000316411e+07
5.724728188676036149e+07
5.761069844631919265e+07
5.797209359533967078e+07
5.833148640188209713e+07
5.868889549190609157e+07
5.904433906593944132e+07
5.939783491495783627e+07
5.974940043552011997e+07
6.009905264419925958e+07
6.044680819134792686e+07
6.079268337423437089e+07
6.113669414958225191e+07
6.147885614554678649e+07
6.181918467315577716e+07
6.215769473724494129e+07
6.249440104691258818e+07
6.282931802551929653e+07
6.316245982025495917e+07
6.349384031129615009e+07
6.382347312057378888e+07
6.415137162017080933e+07
6.447754894036760926e+07
6.480201797735434026e+07
