0.000000000000000000e+00
1.521031927842104733e+08
3.075734026572384238e+08
4.562899114539622068e+08
5.998589385622875690e+08
7.399459546823072433e+08
8.774465301523183584e+08
1.012844006436385870e+09
1.146416818132572174e+09
1.278336652916408539e+09
1.408716188543759346e+09
1.537980949103137970e+09
1.665479674517266035e+09
1.791617554064342022e+09
1.916429329755269051e+09
2.039943712541107655e+09
2.162185186501811981e+09
2.283175198281008720e+09
2.402932961220963955e+09
2.521476011303381920e+09
2.638820599269083500e+09
2.754981972222494125e+09
2.869974579203566551e+09
2.983812223513612270e+09
3.096508177146010399e+09
3.208075267846868992e+09
3.318525946138841629e+09
3.427872337493190289e+09
3.536126283366429329e+09
3.643299373798769474e+09
3.749402973554807663e+09
3.854448243276358128e+09
3.958446156749489784e+09
4.061407515119697094e+09
4.163342958691985130e+09
4.264262976806024551e+09
4.364177916166558266e+09
4.463097987926292419e+09
4.561033273754999161e+09
4.657993731080093384e+09
4.753989197646152496e+09
4.849029395511761665e+09
4.943123934578936577e+09
5.036282315732404709e+09
5.128513933651666641e+09
5.219828079347259521e+09
5.310233942463591576e+09
5.399740613383220673e+09
5.488357085161568642e+09
5.576092255316170692e+09
5.662739173277869225e+09
5.748746653842118263e+09
5.833898882459500313e+09
5.918204391007798195e+09
6.001671623180843353e+09
6.084308935732707977e+09
6.166124599665822029e+09
6.247126801369325638e+09
6.327323643713072777e+09
6.406723147101965904e+09
6.485333250494601250e+09
6.563161812389774323e+09
6.640216611783785820e+09
6.716505349101245880e+09
6.792035647101614952e+09
6.866815051763492584e+09
6.940851033148445129e+09
7.014150986245858192e+09
7.086722231800222397e+09
7.158572017122012138e+09
7.229707516883237839e+09
7.300135833898638725e+09
7.369863999893281937e+09
7.438898976257432938e+09
7.507247654789230347e+09
7.574916858425861359e+09
7.641913341963796616e+09
7.708243792768433571e+09
7.773914831473716736e+09
7.838933012672199249e+09
7.903304825595597267e+09
7.967036694786563873e+09
8.030134980761696815e+09
8.092605980666172028e+09
8.154455928920247078e+09
8.215690997857885361e+09
8.276317298357589722e+09
8.336340880465903282e+09
8.395767734013439178e+09
8.454603789223907471e+09
8.512854917316098213e+09
8.570526931099072456e+09
8.627625585560644150e+09
8.684156578449377060e+09
8.740125550850059509e+09
8.795538087752979279e+09
8.850399718616958618e+09
8.904715917926292419e+09
8.958492105741699219e+09
9.011881459281776428e+09
9.064588402643054962e+09
9.116771325908792496e+09
9.168435436318700790e+09
9.219585889362525940e+09
9.270227789296861649e+09
9.320366189656738281e+09
9.370006093761806488e+09
9.419152455217304230e+09
9.467810178409868240e+09
9.515984118998203278e+09
9.563679084398746490e+09
9.610899834266344070e+09
9.657651080969970703e+09
9.703937490063646317e+09
9.749763680752529144e+09
9.795134226354257584e+09
9.840053654755598068e+09
9.884526448864505768e+09
9.928557047057518005e+09
9.972149843622709274e+09
1.001530918919812393e+10
1.005803939120575142e+10
