0.000000000000000000e+00
3.341649066437422764e+06
6.590835861951682717e+06
9.752725608314381912e+06
1.282558593628716841e+07
1.580492571233764477e+07
1.868717028502875194e+07
2.147128825921223685e+07
2.415858492676948383e+07
2.675180766040252894e+07
2.925435277045892552e+07
3.168541234472819418e+07
3.401642110779982805e+07
3.626721097501093149e+07
3.844095806372390687e+07
4.054066278162053227e+07
4.256915977291018516e+07
4.452913031402045488e+07
4.642311482245504111e+07
4.825352469649060816e+07
5.002265322044864297e+07
5.173268544369192421e+07
5.338570701723556221e+07
5.498371202053345740e+07
5.652860984639102966e+07
5.802223123481012881e+07
5.946633355738594383e+07
6.086260545479227602e+07
6.221267092392913997e+07
6.351809294135931879e+07
6.478037669804777950e+07
6.600097250871598721e+07
6.718127844828081131e+07
6.832264275832819939e+07
6.942636605851712823e+07
7.049370339117114246e+07
7.152586612193900347e+07
7.252402371511296928e+07
7.348930539878123999e+07
7.442280173229844868e+07
7.532556608642558753e+07
7.619861604480153322e+07
7.704293473406177759e+07
7.785947208884046972e+07
7.864914605701565742e+07
7.941284374984629452e+07
8.015142254105997086e+07
8.086571111846292019e+07
8.155651049123302102e+07
8.222459495571205020e+07
8.286986847927886248e+07
8.349495268777349591e+07
8.409948680711986125e+07
8.468414742157976329e+07
8.524958868133848906e+07
8.579644306478869915e+07
8.632532211268877983e+07
8.683681713551464677e+07
8.733149989523091912e+07
8.780992326261556149e+07
8.827262185119931400e+07
8.872011262880913913e+07
8.915289550764435530e+07
8.957145391375878453e+07
8.997625533676949143e+07
9.036775186057049036e+07
9.074638067578485608e+07
9.111256457465203106e+07
9.146671242901295424e+07
9.180921965202136338e+07
9.214046864418137074e+07
9.246082922428429127e+07
9.277065904578986764e+07
9.307030399917560816e+07
9.336009860075375438e+07
9.364036636843603849e+07
9.391142018490432203e+07
9.417356264862948656e+07
9.442708641316133738e+07
9.467227451509544253e+07
9.490940069111038744e+07
9.513872968444818258e+07
9.536051754120320082e+07
9.557501189676472545e+07
9.578245225275138021e+07
9.598307024475890398e+07
9.617708990123298764e+07
9.636472789376801252e+07
9.654619377912032604e+07
9.672169023321501911e+07
9.689141327741679549e+07
9.705555249732267857e+07
9.721429125432854891e+07
9.736780689021085203e+07
9.751627092495736480e+07
9.765984924807137251e+07
9.779870230356837809e+07
9.793298526887381077e+07
9.806284822782608867e+07
9.818749263138641417e+07
9.830890563451616466e+07
9.842632130205143988e+07
9.853987091850748658e+07
9.864968145946741104e+07
9.875587573305699229e+07
9.885857251676478982e+07
9.895788668976289034e+07
9.905392936087609828e+07
9.914680799234437943e+07
9.923662651951622963e+07
9.932348546660852432e+07
9.940748205866217613e+07
9.948871032981854677e+07
9.956726122803929448e+07
9.964322271638512611e+07
9.971667987096893787e+07
9.978771497569069266e+07
9.985640761386209726e+07
9.992283475682175159e+07
9.998707084964114428e+07
1.000491878940166235e+08
1.001092555284398198e+08
