0.000000000000000000e+00
3.345429383712659590e+06
6.643809421608870849e+06
9.898721644556446001e+06
1.304301705287425406e+07
1.605658043382838368e+07
1.894940277746275812e+07
2.173074614804170653e+07
2.440737734467475861e+07
2.698548135547819734e+07
2.947092531104597449e+07
3.188017445634776354e+07
3.419440027980664372e+07
3.642948669345438480e+07
3.858874017768166959e+07
4.067513227277489007e+07
4.269140535351787508e+07
4.464013625992199779e+07
4.652377050392901897e+07
4.834463944325495511e+07
5.010496932597513497e+07
5.180688736255966127e+07
5.345242719996272773e+07
5.504353454597169161e+07
5.658207294194594026e+07
5.806982944585388899e+07
5.950851999044145644e+07
6.089979426386546344e+07
6.224524004776994884e+07
6.354638701440609992e+07
6.480471002614603937e+07
6.602163200187452137e+07
6.719852642125323415e+07
6.833671953511050344e+07
6.943749234236404300e+07
7.050208238385477662e+07
7.153168539318129420e+07
7.252745683519904315e+07
7.349051335484685004e+07
7.442193415255165100e+07
7.532276229757161438e+07
7.619400598706594110e+07
7.703663975618302822e+07
7.785160564278674126e+07
7.863981430937139690e+07
7.940214612407453358e+07
8.013945220233346522e+07
8.085255541054825485e+07
8.154225133303669095e+07
8.220930920354241133e+07
8.285341049904632568e+07
8.347760728770203888e+07
8.408131759266749024e+07
8.466521412146914005e+07
8.522994739356368780e+07
8.577614648590272665e+07
8.630441975172087550e+07
8.681535551367436349e+07
8.730952273240897059e+07
8.778747165158517659e+07
8.824973442033693194e+07
8.869682569408905506e+07
8.912924321460911632e+07
8.954746837012204528e+07
8.995196673627063632e+07
9.034318859866335988e+07
9.072156945771110058e+07
9.108753051641781628e+07
9.144147915175706148e+07
9.178380937023416162e+07
9.211490224820466340e+07
9.243512635749521852e+07
9.274483817684440315e+07
9.304438248966263235e+07
9.333409276858505607e+07
9.361429154727473855e+07
9.388529077991223335e+07
9.414739218879251182e+07
9.440088760043281317e+07
9.464605927057930827e+07
9.488318019848805666e+07
9.511251443083855510e+07
9.533431735562932491e+07
9.554883598638790846e+07
9.575630923702122271e+07
9.595696818761536479e+07
9.615103634148719907e+07
9.633872987377852201e+07
9.652025787187196314e+07
9.669582256790105999e+07
9.686561956361588836e+07
9.702983804785677791e+07
9.718866100688079000e+07
9.734226542777761817e+07
9.749082249520260096e+07
9.763449778164739907e+07
9.777345143146245182e+07
9.790783833883592486e+07
9.803780831993001699e+07
9.816297399424134195e+07
9.828449945954811573e+07
9.840202994951647520e+07
9.851569653560508788e+07
9.862562599222815037e+07
9.873194093761184812e+07
9.883475997002942860e+07
9.893419779956786335e+07
9.903036537557190657e+07
9.912337000990924239e+07
9.921331549619244039e+07
9.930030222509174049e+07
9.938442729586714506e+07
9.946578462424257398e+07
9.954446504674473405e+07
9.962055642161995173e+07
9.969414372644405067e+07
9.976530915253168344e+07
9.983413219625148177e+07
9.990068974734814465e+07
9.996505617436951399e+07
1.000273034072940648e+08
1.000875010174503922e+08
