0.000000000000000000e+00
1.172584533041628129e+04
1.389647123174657754e+05
5.182373476823520614e+05
1.154379086849186802e+06
1.986113709610484075e+06
2.960760989654061384e+06
4.038516909405292943e+06
5.187577222564400174e+06
6.382813333166998811e+06
7.605351922707831487e+06
8.841549728617466986e+06
1.008163314475716464e+07
1.131848861100585200e+07
1.254678917158672959e+07
1.376243499439451844e+07
1.496221825127193332e+07
1.614362449442618527e+07
1.730470680774415284e+07
1.844399461694080383e+07
1.956041827718222514e+07
2.065324214505226165e+07
2.172200444749185443e+07
2.276646421668886393e+07
2.378655574663516879e+07
2.478235059614646062e+07
2.575402667660213262e+07
2.670184362440842763e+07
2.762612349762477726e+07
2.852723581702601910e+07
2.940558604437657073e+07
3.026160671182248741e+07
3.109575055478606746e+07
3.190848513636824489e+07
3.270028857254034281e+07
3.347164606910864636e+07
3.422304706248667091e+07
3.495498281813807786e+07
3.566794438587319106e+07
3.636242084316051006e+07
3.703889777934280038e+07
3.769785598785096407e+07
3.833977034242676198e+07
3.896510883873656392e+07
3.957433178586596996e+07
4.016789113393747807e+07
4.074622992509964854e+07
4.130978185578560829e+07
4.185897093866325915e+07
4.239421125322428346e+07
4.291590677453982085e+07
4.342445127036219090e+07
4.392022825746522099e+07
4.440361100887066126e+07
4.487496260438280553e+07
4.533463601762387156e+07
4.578297423351254314e+07
4.622031039084059000e+07
4.664696794526902586e+07
4.706326084867832810e+07
4.746949374136371166e+07
4.786596215406662226e+07
4.825295271727702022e+07
4.863074337563227117e+07
4.899960360557986051e+07
4.935979463476747274e+07
4.971156966187922657e+07
5.005517407585614175e+07
5.039084567362559587e+07
5.071881487562328577e+07
5.103930493852570653e+07
5.135253216472432762e+07
5.165870610816813260e+07
5.195802977628099173e+07
5.225069982772743702e+07
5.253690676585636288e+07
5.281683512769864500e+07
5.309066366843388230e+07
5.335856554127369076e+07
5.362070847273580730e+07
5.387725493330588937e+07
5.412836230350217968e+07
5.437418303537382185e+07
5.461486480947612971e+07
5.485055068737674505e+07
5.508137925975513458e+07
5.530748479016505927e+07
5.552899735453528911e+07
5.574604297648842633e+07
5.595874375856154412e+07
5.616721800941504538e+07
5.637158036711846292e+07
5.657194191860342771e+07
5.676841031537520885e+07
5.696108988557495177e+07
5.715008174248480797e+07
5.733548388956845552e+07
5.751739132213885337e+07
5.769589612574487180e+07
5.787108757136736065e+07
5.804305220751447231e+07
5.821187394930496067e+07
5.837763416462673992e+07
5.854041175745695829e+07
5.870028324842806160e+07
5.885732285272299498e+07
5.901160255538105220e+07
5.916319218409413099e+07
5.931215947957155854e+07
5.945857016354978830e+07
5.960248800452168286e+07
5.974397488125798851e+07
5.988309084419215471e+07
6.001989417473763973e+07
6.015444144260498881e+07
6.028678756118433923e+07
6.041698584105709940e+07
6.054508804169868678e+07
6.067114442143271863e+07
6.079520378569494933e+07
6.091731353366379440e+07
6.103751970331248641e+07
