0.000000000000000000e+00
1.205017663178499222e+10
1.517174848552913094e+10
1.709584879319711685e+10
1.853838529349509811e+10
1.971356417885557938e+10
2.071194011461552048e+10
2.157956981709027100e+10
2.234292966645565414e+10
2.301871217640758133e+10
2.361827167448559570e+10
2.415485040851588058e+10
2.462421421198494720e+10
2.503712538992901230e+10
2.539790594650849533e+10
2.571032970068713760e+10
2.597778126791741562e+10
2.620335838253086090e+10
2.638993863854639435e+10
2.654022340915909958e+10
2.665676689395522308e+10
2.674199536672037888e+10
2.679821992755908585e+10
2.682764494744381332e+10
2.683237367433652878e+10
2.681441199770174026e+10
2.677567105263686371e+10
2.671796913079474640e+10
2.664303321815403748e+10
2.655250037739797592e+10
2.644791912081313705e+10
2.633075086873751068e+10
2.620237155232004929e+10
2.606407339340044785e+10
2.591706687573023605e+10
2.576248290848608398e+10
2.560137517364377594e+10
2.543472264227157211e+10
2.526343224043592453e+10
2.508834164266922760e+10
2.491022216943794632e+10
2.472978176448083115e+10
2.454766802804579926e+10
2.436447128276565933e+10
2.418072765004433441e+10
2.399692211626967621e+10
2.381349156983377457e+10
2.363082779175666428e+10
2.344928038460992813e+10
2.326915962637060928e+10
2.309251421052013397e+10
2.291601354197813034e+10
2.274165965573325729e+10
2.256963248386909485e+10
2.240008541793799210e+10
2.223314753613612366e+10
2.206892571157020569e+10
2.190750660116776657e+10
2.174895851584240723e+10
2.159333317345139313e+10
2.144066733687445068e+10
2.129098434021023941e+10
2.114429550663542557e+10
2.100060146191135788e+10
2.085989334786439133e+10
2.072215394041321945e+10
2.058735867688969421e+10
2.045547659749578094e+10
2.032647120577577591e+10
2.020030125296954727e+10
2.007692145104835892e+10
1.995628311913830185e+10
1.983833476790663147e+10
1.972302262633332443e+10
1.961029111511738968e+10
1.950008327078271103e+10
1.939234112434986496e+10
1.928700603824196243e+10
1.918401900488413620e+10
1.908332091025488663e+10
1.898485276544109344e+10
1.888855590905252457e+10
1.879437218315582657e+10
1.870224408520040512e+10
1.861211489823049164e+10
1.852392880150204086e+10
1.843763096346318817e+10
1.835316761889731598e+10
1.827048613188558197e+10
1.818953504610426712e+10
1.811026412384490204e+10
1.803262437502531815e+10
1.795656807734368134e+10
1.788204878862796783e+10
1.780902135233164215e+10
1.773744189704008865e+10
1.766726783076745605e+10
1.759845783074845886e+10
1.753097182935911179e+10
1.746411535024240112e+10
1.739917436379855347e+10
1.733544415844121170e+10
1.727288949921503448e+10
1.721147629556159592e+10
1.715117157407612610e+10
1.709194345031347847e+10
1.703376109989365959e+10
1.697659472912894440e+10
1.692041554536667633e+10
1.686519572721678162e+10
1.681090839481156731e+10
1.675752758022453499e+10
1.670502819815803146e+10
1.665338601699236488e+10
1.660257763027602005e+10
1.655258042872229958e+10
1.650337257276780701e+10
1.645493296573722839e+10
1.640724122764996910e+10
1.636027766969661713e+10
1.631402326940623283e+10
1.626845964651900864e+10
