0.000000000000000000e+00
1.172856934498079863e+04
1.390325895182220847e+05
5.189958415290247649e+05
1.156862050556606147e+06
1.990200061052022967e+06
2.965866407958096359e+06
4.044203723041959107e+06
5.193595225198936649e+06
6.389027139649664052e+06
7.611686466627016664e+06
8.848042849616287276e+06
1.008817576391613856e+07
1.132500306770366430e+07
1.255321832869678549e+07
1.376873570767934993e+07
1.496835749285002053e+07
1.614957698303364962e+07
1.731045344214050844e+07
1.844952132502060756e+07
1.956571509212481603e+07
2.065830242828414217e+07
2.172682422829928994e+07
2.277104163650124520e+07
2.379089059975735098e+07
2.478644395758111030e+07
2.575788060587108508e+07
2.670546093341806531e+07
2.762950757081268728e+07
2.853039047301244363e+07
2.940851542978273705e+07
3.026431521952188015e+07
3.109824276042341813e+07
3.191076574839351326e+07
3.270236239220203459e+07
3.347351795781692863e+07
3.422472191470467299e+07
3.495646553851658106e+07
3.566923986974407732e+07
3.636353395978184789e+07
3.703983335747412592e+07
3.769861880335716158e+07
3.834036510768391192e+07
3.896554019365768880e+07
3.957460429039125890e+07
4.016800926184899360e+07
4.074619805903011560e+07
4.130960428329809010e+07
4.185865184928472340e+07
4.239375473632233590e+07
4.291545026028320193e+07
4.342399475835248083e+07
4.391977174738448113e+07
4.440315450046508014e+07
4.487450609744954854e+07
4.533417951200065017e+07
4.578251772906922549e+07
4.621985388747249544e+07
4.664651144289160520e+07
4.706280434722283483e+07
4.746903724077382684e+07
4.786550565429570526e+07
4.825249621828594804e+07
4.863028687738771737e+07
4.899914710805295408e+07
4.935933813793269545e+07
4.971111316571359336e+07
5.005471758033854514e+07
5.039038917873629928e+07
5.071835838134353608e+07
5.103884844483744353e+07
5.135207567160998285e+07
5.165824961561045051e+07
5.195757328426292539e+07
5.225024333623209596e+07
5.253645027486693114e+07
5.281637863719836622e+07
5.309020717840607464e+07
5.335810905170172453e+07
5.362025198360311985e+07
5.387679844459599257e+07
5.412790581519871205e+07
5.437372654746054858e+07
5.461440832193696499e+07
5.485009420019578189e+07
5.508092277291665226e+07
5.530702830365357548e+07
5.552854086833554506e+07
5.574558649058543891e+07
5.595828727294059098e+07
5.616676152406170964e+07
5.637112388201861829e+07
5.657148543374325335e+07
5.676795383074122667e+07
5.696063340115401149e+07
5.714962525826407969e+07
5.733502740553545207e+07
5.751693483828143030e+07
5.769543964205123484e+07
5.787059839577747881e+07
5.804253119205772877e+07
5.821132192011708021e+07
5.837705192279690504e+07
5.853980007984695584e+07
5.869964288846430182e+07
5.885665454116226733e+07
5.901090700105077028e+07
5.916247007460787892e+07
5.931141148202069104e+07
5.945779692517192662e+07
5.960169015334669501e+07
5.974315302673230320e+07
5.988224557778206468e+07
6.001902607051222771e+07
6.015355105779942870e+07
6.028587543674415350e+07
6.041605250216403604e+07
6.054413399827881157e+07
6.067017016864732653e+07
6.079420980441482365e+07
6.091630029092748463e+07
6.103648765276900679e+07
