0.000000000000000000e+00
1.046237693143249140e+06
2.089372755173771642e+06
3.130709652846956160e+06
4.171387408882069867e+06
5.211775042597346008e+06
6.251192623257264495e+06
7.288227309077357873e+06
8.321422275709967129e+06
9.349791219305654988e+06
1.037290264563416503e+07
1.139889623445193470e+07
1.241143275975764357e+07
1.341891068768082000e+07
1.442146372286998481e+07
1.541920049932488427e+07
1.641220984908328578e+07
1.740056954883037508e+07
1.838435317669329792e+07
1.936363368117572367e+07
2.033848412893877923e+07
2.130897673936960474e+07
2.227518127310311049e+07
2.323716351043061167e+07
2.419498419033501670e+07
2.514869850515302271e+07
2.609835608606267348e+07
2.704400134824271873e+07
2.798567405644672364e+07
2.892340999225468934e+07
2.985724163433532044e+07
3.078719879265681654e+07
3.171330916252220795e+07
3.263559878346345574e+07
3.355409240166382492e+07
3.446881374346710742e+07
3.537978571257883310e+07
3.628703052568226308e+07
3.719056980121474713e+07
3.809042461471832544e+07
3.898661553209785372e+07
3.987916262975748628e+07
4.076808550826799870e+07
4.165340330414684862e+07
4.253513470261283219e+07
4.341329795283505321e+07
4.428791088621799648e+07
4.515899093759745359e+07
4.602655516881448776e+07
4.689062029392328858e+07
4.774670999379366636e+07
4.860386037529936433e+07
4.945755980896632373e+07
5.030782387747140974e+07
5.115466793983469903e+07
5.199810715211150050e+07
5.283815648600256443e+07
5.367483074532565475e+07
5.450814458038063347e+07
5.533811250030957162e+07
5.616474888360071182e+07
5.698806798691979051e+07
5.780808395246917009e+07
5.862481081407837570e+07
5.943826250222713500e+07
6.024845284819019586e+07
6.105539558747504652e+07
6.185910436270450056e+07
6.265959272607661784e+07
6.345687414151085913e+07
6.425096198657061160e+07
6.504186955423326790e+07
6.582961005456067622e+07
6.661419661631156504e+07
6.739564228852030635e+07
6.817396004206070304e+07
6.894916277120289207e+07
6.972126329516561329e+07
7.049027435966190696e+07
7.125620863843387365e+07
7.201907873476845026e+07
7.277889718298690021e+07
7.353567644990004599e+07
7.428942893622094393e+07
7.504016697792948782e+07
7.578790284758168459e+07
7.653264875555971265e+07
7.727441685126033425e+07
7.801321922421781719e+07
7.874906790516293049e+07
7.948197486701601744e+07
8.021195202581734955e+07
8.093901124159500003e+07
8.166316431917488575e+07
8.238442300893467665e+07
8.310279900750523806e+07
8.381830395842492580e+07
8.453094945274838805e+07
8.524074702961555123e+07
8.595114921921846271e+07
8.665525718122047186e+07
8.735655165047280490e+07
8.805504396297216415e+07
8.875074540517249703e+07
8.944366721438653767e+07
9.013382057916884124e+07
9.082121663968454301e+07
9.150586648806378245e+07
9.218778116874533892e+07
9.286697167880952358e+07
9.354344896830204129e+07
9.421722394055059552e+07
9.488830745247352123e+07
9.555671031488291919e+07
9.622244329278135300e+07
9.688551710565374792e+07
9.754594242775376141e+07
9.820372988838586211e+07
9.885889007218253613e+07
9.951143351937744021e+07
1.001613707260737270e+08
1.008087121445088387e+08
