0.000000000000000000e+00
5.478880984006284475e+08
1.844988485008585453e+09
3.883369943758645058e+09
6.591925900152947426e+09
9.878117631888858795e+09
1.364660092825466728e+10
1.780782299562670517e+10
2.228161539342129135e+10
2.699821644415376282e+10
3.189800493119543076e+10
3.693174075239624786e+10
4.205578702920892334e+10
4.723513851212049866e+10
5.244081379242648315e+10
5.764891977314212799e+10
6.283983696612943268e+10
6.799752228806008911e+10
7.310891905537019348e+10
7.816346127954602051e+10
8.315265907405073547e+10
8.806975283236805725e+10
9.290942517124232483e+10
9.766756110211227417e+10
1.023410483163494110e+11
1.069276107623174286e+11
1.114256698237808380e+11
1.158342283772521973e+11
1.201527738217435608e+11
1.243811968551767578e+11
1.285197233360163422e+11
1.325688570344224396e+11
1.365293314605618744e+11
1.404020692727622986e+11
1.441881480269526978e+11
1.478887712413645935e+11
1.515052439251284180e+11
1.550389518630621643e+11
1.584913440672657776e+11
1.618639179037106323e+11
1.651582064826166992e+11
1.683757679681078491e+11
1.715181765179272766e+11
1.745870146099183044e+11
1.775838665501931152e+11
1.805103129897782898e+11
1.833679263031506653e+11
1.861582667043663330e+11
1.888828789951838684e+11
1.915432898552988586e+11
1.941416251645449219e+11
1.966787347331804199e+11
1.991560791963609924e+11
2.015750942845020752e+11
2.039371898711719055e+11
2.062437492405330200e+11
2.084961285437406921e+11
2.106956564179120483e+11
2.128436337448753052e+11
2.149413335299877319e+11
2.169900008839534912e+11
2.189908530928428955e+11
2.209450797634692078e+11
2.228538430329650879e+11
2.247182778328557739e+11
2.265394921991852722e+11
2.283185676213425293e+11
2.300565594231807251e+11
2.317544971708446960e+11
2.334133851024368286e+11
2.350342025752750244e+11
2.366179045270387878e+11
2.381654219475760498e+11
2.396776623585563660e+11
2.411555102985211182e+11
2.425998278111989746e+11
2.440114549352345886e+11
2.453912101937234497e+11
2.467398910821627502e+11
2.480582745536154785e+11
2.493471175000544434e+11
2.506071572289980164e+11
2.518391119346801453e+11
2.530436811631109619e+11
2.542215462704847717e+11
2.553733708744819031e+11
2.564998012980878906e+11
2.576014670056245728e+11
2.586789810307462158e+11
2.597329403962094727e+11
2.607639265252724609e+11
2.617725056446192932e+11
2.627592291787443542e+11
2.637246341357615967e+11
2.646692434846323853e+11
2.655935665238309631e+11
2.664980992414864807e+11
2.673833246670610046e+11
2.682497132146376648e+11
2.690975415033255005e+11
2.699274416303139648e+11
2.707398480260163269e+11
2.715351837997343750e+11
2.723138610424664612e+11
2.730762811220068054e+11
2.738228349704748230e+11
2.745539033644162292e+11
2.752698571976209717e+11
2.759710577468054199e+11
2.766578569303080444e+11
2.773305975599484253e+11
2.779896135862003784e+11
2.786352303368300171e+11
2.792677647491485596e+11
2.798875255960297241e+11
2.804948137058404541e+11
2.810899221764310303e+11
2.816731365833314819e+11
2.822447351822972412e+11
2.828049891063453979e+11
2.833541625574226074e+11
2.838925129928405151e+11
