0.000000000000000000e+00
2.849720952247927785e+08
4.367022772037160397e+08
5.357767013597853780e+08
6.110959287360635996e+08
6.731035550652328730e+08
7.266383533010151386e+08
7.743033034194141626e+08
8.176441078586478233e+08
8.576457184336916208e+08
8.949700136130037308e+08
9.304218451528668404e+08
9.636375458163093328e+08
9.952282661987437010e+08
1.025384687053136587e+09
1.054255459261675000e+09
1.081958623414707899e+09
1.108589481790985346e+09
1.134226154076174736e+09
1.158933579564823627e+09
1.182766452584463835e+09
1.205771409979837179e+09
1.227988684410326958e+09
1.249453369757921934e+09
1.270196400652860165e+09
1.290245318445634365e+09
1.309624875696571827e+09
1.328357517193807840e+09
1.346463765600871086e+09
1.363962532752012968e+09
1.380871372485128164e+09
1.397206687144364595e+09
1.412983897100721121e+09
1.428217580555296183e+09
1.442921589315365791e+09
1.457109145033282042e+09
1.470792919475404978e+09
1.483985101673504591e+09
1.496697454253339529e+09
1.508941360796736002e+09
1.520727865747041225e+09
1.532067708091967106e+09
1.542971349837318659e+09
1.553449000107494593e+09
1.563510635565234423e+09
1.573166017726296425e+09
1.582424707649703979e+09
1.591296078405977011e+09
1.599789325661581755e+09
1.607913476664654016e+09
1.615601513066933870e+09
1.623017389166289806e+09
1.630090226020065784e+09
1.636828444209584951e+09
1.643240324076088905e+09
1.649334009083933592e+09
1.655117508676951170e+09
1.660598700707504749e+09
1.665785333506241798e+09
1.670685027651249170e+09
1.675305277487051010e+09
1.679653452436844110e+09
1.683736798145458937e+09
1.687562437485144854e+09
1.691137371452078581e+09
1.694468479977313757e+09
1.697562522672781467e+09
1.700426139529906034e+09
1.703065851585873842e+09
1.705488061570435047e+09
1.707699054544156075e+09
1.709704998537368059e+09
1.711511945197587729e+09
1.713125830451904535e+09
1.714552475189723730e+09
1.715797585970211029e+09
1.716866755757984400e+09
1.717765464689835310e+09
1.718499080874572039e+09
1.719072861227476358e+09
1.719491952340479374e+09
1.719761391388574123e+09
1.719886107072669983e+09
1.719870920598775864e+09
1.719720546693096876e+09
1.719439594652314663e+09
1.719032569428243637e+09
1.718503872745720625e+09
1.717857804252555370e+09
1.717098562700160742e+09
1.716230247153431892e+09
1.715256858228273869e+09
1.714182299355236769e+09
1.713010378067495346e+09
1.711744807311566114e+09
1.710389206778949261e+09
1.708947104256956339e+09
1.707421936997008324e+09
1.705817053098593712e+09
1.704118524211813211e+09
1.702363184646247387e+09
1.700537682334338188e+09
1.698645022032975674e+09
1.696688126456380606e+09
1.694669837718467474e+09
1.692592918779253006e+09
1.690460054893751144e+09
1.688273855061963797e+09
1.686036853478496552e+09
1.683751510980466127e+09
1.681420216492351532e+09
1.679045288466596603e+09
1.676628976318646669e+09
1.674173461855399847e+09
1.671680860695875883e+09
1.669153223683101416e+09
1.666592538286222935e+09
1.664000729991909027e+09
1.661379663684136629e+09
1.658731145011599541e+09
1.656056921741861105e+09
1.653358685101645947e+09
