0.000000000000000000e+00
3.333641633038694505e+06
6.504550474040097557e+06
9.378634106678094715e+06
1.188407691116304509e+07
1.406451663345702924e+07
1.598227347572575882e+07
1.768573922689636424e+07
1.921326255311503261e+07
2.059610553928771988e+07
2.185899729809712619e+07
2.302080206453929469e+07
2.409575140223790333e+07
2.509475614560117200e+07
2.602645265852786601e+07
2.689791447205981240e+07
2.771509342323520035e+07
2.848308212576806545e+07
2.920627416999960691e+07
2.988847256279339641e+07
3.053297421439816058e+07
3.114264294452944025e+07
3.171997508502968401e+07
3.226715816633654013e+07
3.278612223310559988e+07
3.327858352637819573e+07
3.374608075811802596e+07
3.419000462451910228e+07
3.461162145285816491e+07
3.501209196270382404e+07
3.539248609176298231e+07
3.575379473681620508e+07
3.609693912833841890e+07
3.642277841910752654e+07
3.673211593801355362e+07
3.702570444856343418e+07
3.730425066023151577e+07
3.756841916954214126e+07
3.781883595443382114e+07
3.805609150704969466e+07
3.828074366346564144e+07
3.849332017108136415e+07
3.869432102297507226e+07
3.888422058147229254e+07
3.906346950899933279e+07
3.923249652189197391e+07
3.939170998146043718e+07
3.954149933577714115e+07
3.968223642505033314e+07
3.981427666289843619e+07
3.993796010525995493e+07
4.005361241802795976e+07
4.016154575378608704e+07
4.026205954725839943e+07
4.035544123829177022e+07
4.044196693038825691e+07
4.052190199201714993e+07
4.059550160717923194e+07
4.066301128098057956e+07
4.072466730530930310e+07
4.078069718910043687e+07
4.083132005712322146e+07
4.087674702073194087e+07
4.091718152358257025e+07
4.095281966493160278e+07
4.098385050279454142e+07
4.101045633894706517e+07
4.103281298749598116e+07
4.105109002852678299e+07
4.106545104814420640e+07
4.107605386605905741e+07
4.108305075173468888e+07
4.108658862998627126e+07
4.108680927682315558e+07
4.108384950623664260e+07
4.107784134855937958e+07
4.106891222095771879e+07
4.105718509056206048e+07
4.104277863069146872e+07
4.102580737058672309e+07
4.100638183902915567e+07
4.098460870219006389e+07
4.096059089602760226e+07
4.093442775352229178e+07
4.090621512702065706e+07
4.087604550593591481e+07
4.084400813003730774e+07
4.081018909854318202e+07
4.077467147521850467e+07
4.073753538966429234e+07
4.069885813497420400e+07
4.065871426192263514e+07
4.061717566983842850e+07
4.057431169430902600e+07
4.053018919185130298e+07
4.048487262167733908e+07
4.043842412467605621e+07
4.039090359972482175e+07
4.034236877743882686e+07
4.029287529146010429e+07
4.024247674738265574e+07
4.019122478940503299e+07
4.013916916479693353e+07
4.008635778626203537e+07
4.003283679227507859e+07
3.997865060546734184e+07
3.992384198913121223e+07
3.986845210191088170e+07
3.981252055074336380e+07
3.975608544211079180e+07
3.969918343166244030e+07
3.964184977226205915e+07
3.958411836051390320e+07
3.952602178181833774e+07
3.946759135400594771e+07
3.940885716959686577e+07
3.934984813673025370e+07
3.929059201880700886e+07
3.923111547288710624e+07
3.917144408688133210e+07
3.911160241557566822e+07
3.905161401552525163e+07
