0.000000000000000000e+00
2.251813671111449599e+06
7.930088817085402086e+06
1.746541845280286670e+07
3.101274685008364916e+07
4.857275755369365960e+07
7.005213883324015141e+07
9.529951731808526814e+07
1.241287090959810019e+08
1.563343593537729383e+08
1.917026337612828314e+08
2.300469398773590326e+08
2.711256087439405322e+08
3.147346271802601218e+08
3.606791794569332600e+08
4.087748717151368260e+08
4.588483469169306159e+08
5.107374693195044994e+08
5.642912095437463522e+08
6.193693263080142736e+08
6.758419151236796379e+08
7.335888751686701775e+08
7.924993313889446259e+08
8.524710383486202955e+08
9.134097845275557041e+08
9.752288099661577940e+08
1.037848245873215199e+09
1.101194581664634466e+09
1.165200162605010986e+09
1.229802719566451550e+09
1.294944931239116192e+09
1.360574018304234505e+09
1.426641368521322966e+09
1.493102191317902565e+09
1.559915200250105858e+09
1.627042321586918831e+09
1.694448427230009794e+09
1.762101090193012238e+09
1.829970360912333727e+09
1.898028562733781099e+09
1.966250105006554604e+09
2.034611312311825752e+09
2.103090268452476263e+09
2.171666673930199623e+09
2.240321715733747482e+09
2.309037948356029510e+09
2.377799185047029972e+09
2.446590398393519878e+09
2.515397629394983768e+09
2.584207904278007507e+09
2.653009305475951195e+09
2.721790568871247768e+09
2.790541237194786549e+09
2.859251570695393562e+09
2.927912493405449390e+09
2.996515543836400986e+09
3.065052829713781357e+09
3.133516986397135735e+09
3.201901138662713051e+09
3.270198865556287289e+09
3.338404168050186634e+09
3.406511439262878895e+09
3.474515437021421432e+09
3.542411258567015171e+09
3.610194317221955299e+09
3.677860320852618694e+09
3.745405251977978706e+09
3.812825349386560440e+09
3.880117091136942387e+09
3.947277178827973366e+09
4.014302523034872532e+09
4.081190229816506386e+09
4.147937588207374096e+09
4.214542058615330696e+09
4.281001262052899361e+09
4.347312970136199951e+09
4.413475095791152000e+09
4.479485684611727715e+09
4.545342906819697380e+09
4.611045049779513359e+09
4.676590511025892258e+09
4.741977791765122414e+09
4.807205490814370155e+09
4.872272298946153641e+09
4.937176993607840538e+09
5.001918433988469124e+09
5.066495556407385826e+09
5.130907370001276970e+09
5.195152952687991142e+09
5.259231447387268066e+09
5.323142058480054855e+09
5.386884048489506721e+09
5.450456734968082428e+09
5.513859487576338768e+09
5.577091725340146065e+09
5.640152914074028015e+09
5.703042563959277153e+09
5.765760227266345024e+09
5.828305496211784363e+09
5.890676271554249763e+09
5.952873945691219330e+09
6.014898219367321014e+09
6.076748825859801292e+09
6.138425529386618614e+09
6.199928123603987694e+09
6.261256430187620163e+09
6.322410297492355347e+09
6.383389599285222054e+09
6.444194233547332764e+09
6.504824121340331078e+09
6.565279205733395576e+09
6.625559450787099838e+09
6.685664840590650558e+09
6.745595378349293709e+09
6.805351085518867493e+09
6.864932000984699249e+09
6.924338180282230377e+09
6.983569694856894493e+09
7.042626631361004829e+09
7.101509090985465050e+09
7.160217188824332237e+09
7.218751053270352364e+09
