0.000000000000000000e+00
6.323860736750910059e+06
1.286174036229947582e+07
1.961949737270371243e+07
2.660155897232474759e+07
3.381061752793526649e+07
4.124755397723558545e+07
4.891157932891613990e+07
5.680058524857442081e+07
6.491166502100625634e+07
7.324172897879603505e+07
8.187466599235674739e+07
9.063780483393014967e+07
9.961515540380424261e+07
1.088078433140927106e+08
1.182185574341853708e+08
1.278514925596913993e+08
1.377122255790324509e+08
1.478075602160863578e+08
1.581453655547375381e+08
1.687344240447254777e+08
1.795842972226507962e+08
1.907052122574012578e+08
2.021079692943886220e+08
2.138038678880920112e+08
2.258046500773289800e+08
2.381224574900868237e+08
2.507698000034103692e+08
2.637595337642900944e+08
2.771048467033935785e+08
2.908192499930162430e+08
3.049165741889497638e+08
3.194109690440482497e+08
3.343169061882109046e+08
3.496491840387228727e+08
3.654229344413036108e+08
3.816536306510575414e+08
3.983570963488193750e+08
4.155495154563750625e+08
4.332474425674555302e+08
4.514678138532609344e+08
4.702279583339035511e+08
4.895456094327043891e+08
5.094389167501037121e+08
5.299264580093979239e+08
5.510272511384881735e+08
5.727607664611432552e+08
5.951469389784281254e+08
6.182061807265485525e+08
6.419593932015749216e+08
6.661796813415101767e+08
6.913780769468319416e+08
7.173359825621368885e+08
7.440763774777679443e+08
7.716227933008619547e+08
7.999993267188408375e+08
8.292306523216713667e+08
8.593420354853502512e+08
8.903593453193428516e+08
9.223090676809452772e+08
9.552183182596280575e+08
9.891148557345234156e+08
1.024027095008252501e+09
1.059984120520308018e+09
1.097015699643182516e+09
1.135152296164469242e+09
1.174425083858010054e+09
1.214865960147328377e+09
1.256507559864288092e+09
1.299383269106135845e+09
1.343527239193820715e+09
1.388974400734605551e+09
1.435760477791781902e+09
1.483922002164376259e+09
1.533496327779594660e+09
1.584521645200757504e+09
1.637036996253311396e+09
1.691082288771609068e+09
1.746698311468859673e+09
1.803926748932832003e+09
1.862810196749560356e+09
1.923392176757436514e+09
1.985717152433876991e+09
2.049830544416677237e+09
2.115778746162141085e+09
2.183609139741897583e+09
2.253370111780322552e+09
2.325111069534305573e+09
2.398882457117111206e+09
2.474735771867893219e+09
2.552723580868415356e+09
2.632899537608474731e+09
2.715318398801301479e+09
2.800036041350348473e+09
2.887109479468664169e+09
2.976596881952112198e+09
3.068557589607371330e+09
3.163052132836188793e+09
3.260142249376554489e+09
3.360902030530309200e+09
3.463400981829540730e+09
3.568688804574050903e+09
3.676832259331053734e+09
3.787899405290085793e+09
3.901959618970763683e+09
4.019083613095054626e+09
4.139343455625397205e+09
4.262812588969791889e+09
4.389565849355164528e+09
4.519679486370419502e+09
4.653231182680463791e+09
4.790300073912912369e+09
4.930966768718748093e+09
5.075313369008920670e+09
5.223423490368398666e+09
5.375382282649621964e+09
5.531276450747161865e+09
5.691194275555801392e+09
5.855225635113902092e+09
6.023462025934355736e+09
6.195996584525393486e+09
6.372924109103533745e+09
