0.000000000000000000e+00
9.369716268666464835e+06
1.634502358127663657e+07
2.137915069283853471e+07
2.507001832294858620e+07
2.784157109196436033e+07
2.999509055303107947e+07
3.170576924352667481e+07
3.308091066266712919e+07
3.419364498755132407e+07
3.509681400695627183e+07
3.582949802826365829e+07
3.642112079365237802e+07
3.689434478727278113e+07
3.726708401738613099e+07
3.755385802456070483e+07
3.776668807789347321e+07
3.791569320340070128e+07
3.800949584878817946e+07
3.805550814449632168e+07
3.806014252758333087e+07
3.802897301431600749e+07
3.796686279653800279e+07
3.787806765229577571e+07
3.776632114420892298e+07
3.763490558766155690e+07
3.748671161765597761e+07
3.732428847922229022e+07
3.714988670277746767e+07
3.696549449522893876e+07
3.677286892603047192e+07
3.657356278785248846e+07
3.636894784992131591e+07
3.616023509022618830e+07
3.594849238519732654e+07
3.573466004792352766e+07
3.551956453503642976e+07
3.530393058509096503e+07
3.508839200510708243e+07
3.487350128478588164e+07
3.465973818801233172e+07
3.444751744715605676e+07
3.423719566620498151e+07
3.402907752296628803e+07
3.382342134768846631e+07
3.362044414489645511e+07
3.342032611651358381e+07
3.322321473709503561e+07
3.302922842592322081e+07
3.283845985558354855e+07
3.265097893226855993e+07
3.246683547930527851e+07
3.228606165215240419e+07
3.210867411028168723e+07
3.193467596887077019e+07
3.176405855103671551e+07
3.159680295938592404e+07
3.143288148391074315e+07
3.127225886169680208e+07
3.111489340249425545e+07
3.096073799293113500e+07
3.080974099099167809e+07
3.066184702133335918e+07
3.051699768106207624e+07
3.037513216471548751e+07
3.023618781641187891e+07
3.010010061639860645e+07
2.996680560857377201e+07
2.983623727495178953e+07
2.970832986249271780e+07
2.958301766721235216e+07
2.946023528003080934e+07
2.933991779839818552e+07
2.922200100735338777e+07
2.910642153332338855e+07
2.899311697365217656e+07
2.888202600455892831e+07
2.877308846996116266e+07
2.866624545335851610e+07
2.856143933475452289e+07
2.845861383439543843e+07
2.835771404492491856e+07
2.825868645338994265e+07
2.816147895438516513e+07
2.806604085548852012e+07
2.797232287601929158e+07
2.788027714003999159e+07
2.778985716442375630e+07
2.770101784271936119e+07
2.761371542546474934e+07
2.752790749752710015e+07
2.744355295298141614e+07
2.736061196798060834e+07
2.727904597201664001e+07
2.719881761792455986e+07
2.711989075093827397e+07
2.704223037706849724e+07
2.696580263103881851e+07
2.689057474398508295e+07
2.681651501109575108e+07
2.674359275934635848e+07
2.667177831545934826e+07
2.660104297420115024e+07
2.653135896711102128e+07
2.646269943174098432e+07
2.639503838147258013e+07
2.632835067596417293e+07
2.626261199227210879e+07
2.619779879667965695e+07
2.613388831725959852e+07
2.607085851718919352e+07
2.600868806883010268e+07
2.594735632858044654e+07
2.588684331250150129e+07
2.582712967271758616e+07
2.576819667458421364e+07
2.571002617461673915e+07
2.565260059916916117e+07
2.559590292385078967e+07
2.553991665366666764e+07
2.548462580386637896e+07
2.543001488148460910e+07
