0.000000000000000000e+00
1.093186485776472837e+08
2.227745860832912624e+08
3.336475285631502867e+08
4.416859472793377042e+08
5.477529042945073843e+08
6.524422065274827480e+08
7.561031584865407944e+08
8.589436936146864891e+08
9.610926366287432909e+08
1.062633248434232116e+09
1.163946002104782581e+09
1.264415837019527435e+09
1.364400463681709766e+09
1.463920499827917576e+09
1.562991589074709415e+09
1.661625889833593369e+09
1.759833065879221201e+09
1.857620961074061632e+09
1.954996068737572432e+09
2.051963864393974066e+09
2.148529045723423958e+09
2.244695708289876938e+09
2.340467476056589603e+09
2.435847599574070930e+09
2.530839030722041607e+09
2.625444480223151684e+09
2.719666462343948364e+09
2.813507329960226536e+09
2.906969302300963879e+09
3.000054487075628281e+09
3.092764898253980160e+09
3.185102470452615738e+09
3.277069070652234554e+09
3.368666507799685478e+09
3.459896540722394943e+09
3.550760884687406540e+09
3.641261216865432739e+09
3.731399180904910088e+09
3.821176390778951645e+09
3.910594434035072803e+09
3.999654874552000999e+09
4.088359254887754440e+09
4.176709098287332535e+09
4.264705910405685425e+09
4.352351180791619301e+09
4.439646384170177460e+09
4.526592981554538727e+09
4.613192421213183403e+09
4.699446139513759613e+09
4.785102050676401138e+09
4.870672013207840919e+09
4.955900485025775909e+09
5.040788861530447006e+09
5.125338529124046326e+09
5.209550865606928825e+09
5.293427240530229568e+09
5.376969015510486603e+09
5.460177544511144638e+09
5.543054174095018387e+09
5.625600243651369095e+09
5.707817085600610733e+09
5.789706025579352379e+09
5.871268382608124733e+09
5.952505469243720055e+09
6.033418591718003273e+09
6.114009050064649582e+09
6.194278138235189438e+09
6.274227144205538750e+09
6.353857350074020386e+09
6.433170032151820183e+09
6.512166461046623230e+09
6.590847901740229607e+09
6.669215613660652161e+09
6.747270850749366760e+09
6.825014861524139404e+09
6.902448889137857437e+09
6.979574171433773994e+09
7.056391940997594833e+09
7.132903425206489563e+09
7.209109846275566101e+09
7.285012421301886559e+09
7.360612362306273460e+09
7.435910876273154259e+09
7.510909165188571930e+09
7.585608426076582909e+09
7.660009851034002304e+09
7.734114627263967514e+09
7.807923937108082771e+09
7.881438958077432632e+09
7.954660862882553101e+09
8.027590819462419510e+09
8.100229991012500763e+09
8.172579536011995316e+09
8.244640608250299454e+09
8.316414356852775574e+09
8.387901926305826187e+09
8.459104456481386185e+09
8.530023082660840988e+09
8.600901531514944077e+09
8.671252926501306534e+09
8.741323807217605591e+09
8.811115290767255783e+09
8.880628489775695801e+09
8.949864512411624908e+09
9.018824462407829285e+09
9.087509439081821442e+09
9.155920537356000900e+09
9.224058847777643204e+09
9.291925456538570404e+09
9.359521445494533539e+09
9.426847892184394836e+09
9.493905869849077225e+09
9.560696447450214386e+09
9.627220689688667297e+09
9.693479657022815704e+09
9.759474405686645508e+09
9.825205987707630157e+09
9.890675450924497604e+09
9.955883839004745483e+09
1.002083219146207047e+10
1.008552154367355156e+10
