0.000000000000000000e+00
1.679033769720711410e+08
5.784355301574982405e+08
1.245783203680536985e+09
2.163310593790918827e+09
3.314690906107782364e+09
4.679309095791907310e+09
6.235199216750684738e+09
7.960676045375988960e+09
9.835215351999845505e+09
1.183988804607555580e+10
1.395857737790415955e+10
1.617469877846498871e+10
1.847457771573586655e+10
2.084611574415268707e+10
2.327864821548930740e+10
2.576279741733146667e+10
2.829033007457351685e+10
3.085402406318672180e+10
3.344754664300839996e+10
3.606534496544218445e+10
3.870254869610585022e+10
4.135488408041398621e+10
4.401859852183078003e+10
4.669039464090283203e+10
4.936737277549283600e+10
5.204698092872414398e+10
5.472697124556843567e+10
5.740536218590927124e+10
6.008040565165703583e+10
6.275055841245338440e+10
6.541445725561904907e+10
6.807089735980978394e+10
7.071881345788296509e+10
7.335726341285678101e+10
7.598541388201197815e+10
7.860252778875209045e+10
8.120795336047650146e+10
8.380111452410920715e+10
8.638150247970877075e+10
8.894866829735734558e+10
9.150221640382380676e+10
9.404179884379493713e+10
9.656711021618667603e+10
9.907788319954954529e+10
1.015738845921835785e+11
1.040549118025503082e+11
1.065207897341471252e+11
1.089713680163916626e+11
1.114065185394240723e+11
1.138262890881608887e+11
1.162304346998006439e+11
1.186188816178650513e+11
1.209915708748894653e+11
1.233484568816645050e+11
1.256895061603029633e+11
1.280146962048685913e+11
1.303240144553042755e+11
1.326174573721365051e+11
1.348950296009466553e+11
1.371567432169195862e+11
1.394026170409293823e+11
1.416326760196280518e+11
1.438469506628801575e+11
1.460454765326552429e+11
1.482282937781631775e+11
1.503954467126072083e+11
1.525469834274484558e+11
1.546829554405296936e+11
1.568034173748075867e+11
1.589084266647948914e+11
1.609980432881241760e+11
1.630723295199196777e+11
1.651313497079055176e+11
1.671751700663923340e+11
1.692038584874745483e+11
1.712174843679374390e+11
1.732161184505229492e+11
1.751998326783345642e+11
1.771687000612797852e+11
1.791227945535526428e+11
1.810621909412528687e+11
1.829869647393201294e+11
1.848971920970376282e+11
1.867929497114246216e+11
1.886743147478973389e+11
1.905413647676318054e+11
1.923941776611086426e+11
1.942328315873652649e+11
1.960574049185173340e+11
1.978679761891486816e+11
1.996646240501996765e+11
2.014474272270122375e+11
2.032164644812177734e+11
2.049718145761755066e+11
2.067135562456928406e+11
2.084417681657773132e+11
2.101565289291885681e+11
2.118579170225755310e+11
2.135458782581410828e+11
2.152206241802986755e+11
2.168822328414333496e+11
2.185307821182861938e+11
2.201663496992971191e+11
2.217890130735205078e+11
2.233988495209832764e+11
2.249959361043637695e+11
2.265803496618779297e+11
2.281521668012662354e+11
2.297114638947828674e+11
2.312583170750950317e+11
2.327928022320056763e+11
2.343149950099199829e+11
2.358249708059806824e+11
2.373228047688022461e+11
2.388085717977394104e+11
2.402823465426293945e+11
2.417442034039521484e+11
2.431942165333560181e+11
2.446324598345008545e+11
2.460590069641738892e+11
2.474739313336367188e+11
