0.000000000000000000e+00
4.469783331427688827e+05
1.175709649803516455e+06
2.065309846382424934e+06
3.074902173104507849e+06
4.181343350257374346e+06
5.369407447139614262e+06
6.628310539315522648e+06
7.950100813102613203e+06
9.328787956053424627e+06
1.075982115560476668e+07
1.225478886793898419e+07
1.378149373713437840e+07
1.535263598108939268e+07
1.696693918760172650e+07
1.862362076972755045e+07
2.032232077252452821e+07
2.206304565546952561e+07
2.384612327246615663e+07
2.567216642018401623e+07
2.754204307641532645e+07
2.945685195521025732e+07
3.141790235398922488e+07
3.342669751374219358e+07
3.548492089059791714e+07
3.759442486710830778e+07
3.975722152872940898e+07
4.197547520467956364e+07
4.425149652909463644e+07
4.658773782267037779e+07
4.898678962995905429e+07
5.145137827543830872e+07
5.398436432405035943e+07
5.658874185032406449e+07
5.926763843535737693e+07
6.202431582352277637e+07
6.486217118129341304e+07
6.778473890946586430e+07
7.079569296759374440e+07
7.389884967587956786e+07
7.709817096531347930e+07
8.039776805162343383e+07
8.380190551276367903e+07
8.731500575330416858e+07
9.094165384227406979e+07
9.468660271383728087e+07
9.855477872267638147e+07
1.025512875482083857e+08
1.066814204437486678e+08
1.109506608285602033e+08
1.153198150465086401e+08
1.198829877122130990e+08
1.246028800716518313e+08
1.294858147414225340e+08
1.345383445576515496e+08
1.397672612612965703e+08
1.451796045510303974e+08
1.507826715117163658e+08
1.565840264274391532e+08
1.625915109889448583e+08
1.688132549062125087e+08
1.752576869377325475e+08
1.819335463488835692e+08
1.888498948126086295e+08
1.960161287664000988e+08
2.034419922403792441e+08
2.111375901720696390e+08
2.191134022242342234e+08
2.273802971229505241e+08
2.359495475339064598e+08
2.448328454956918061e+08
2.540423184297085106e+08
2.635905457471343875e+08
2.734905760742532015e+08
2.837559451183040738e+08
2.944006941969348788e+08
3.054393894552142024e+08
3.168871417951371074e+08
3.287596275434767604e+08
3.410731098848712444e+08
3.538444610880202651e+08
3.670911855539303422e+08
3.808314437162311077e+08
3.950840768246996999e+08
4.098686326442796588e+08
4.252053921030756831e+08
4.411153969240360856e+08
4.576204782763093710e+08
4.747432864835517406e+08
4.925073218278494477e+08
5.109369664893174171e+08
5.300575176628639102e+08
5.498952218951441050e+08
5.704773106862628460e+08
5.918320374023888111e+08
6.139887155471382141e+08
6.369777584412497282e+08
6.608307203619264364e+08
6.855803391949948072e+08
7.115222008560620546e+08
7.381781453400015831e+08
7.658368848737052679e+08
7.945363644856182337e+08
8.243159512851001024e+08
8.552164874392126799e+08
8.872803450926693678e+08
9.205514833014481068e+08
9.550755070530731678e+08
9.908997284491958618e+08
1.028073230128755689e+09
1.066646931012890816e+09
1.106673654455501556e+09
1.148208198886559248e+09
1.191307411038188934e+09
1.236030261846819878e+09
1.282437925128055811e+09
1.330593859124292850e+09
1.380563891028708696e+09
1.432416304592896461e+09
1.486221930929279089e+09
1.542054242623359203e+09
1.599989451274965763e+09
