0.000000000000000000e+00
8.307208974052423239e+08
1.653062955437463999e+09
1.962946345354658604e+09
2.085531049804460287e+09
2.126191204644323349e+09
2.125525443831973791e+09
2.102082523174701929e+09
2.065410897491155148e+09
2.020864987369705200e+09
1.971643595388735771e+09
1.919223745038361788e+09
1.865954635055930614e+09
1.812194739945685148e+09
1.758534869770450592e+09
1.705383098335129261e+09
1.653023198393536806e+09
1.601652445880455732e+09
1.551406763577428818e+09
1.502377852286730528e+09
1.454625112182076216e+09
1.408184094746702671e+09
1.363072594587083578e+09
1.319295104834718227e+09
1.276846118291910887e+09
1.235712601679590225e+09
1.195875869102754831e+09
1.157313013387639046e+09
1.119998008219386339e+09
1.083902562529681921e+09
1.048996786598356605e+09
1.015249713772408247e+09
9.826297105561653376e+08
9.511047997454360723e+08
9.206429153589109182e+08
8.912121037404750586e+08
8.627806819355182648e+08
8.353173619805879593e+08
8.087913478745337725e+08
7.831724105671713352e+08
7.584309451974207163e+08
7.345380139559383392e+08
7.114653772777872086e+08
6.891855155445036888e+08
6.676716430589995384e+08
6.468977157261341810e+08
6.268384336076881886e+08
6.074692393084311485e+08
5.887663129789872169e+08
5.707065645826679468e+08
5.534390120764555931e+08
5.365933307295035720e+08
5.203260345803713799e+08
5.046168309428449869e+08
4.894460932043465376e+08
4.747948452039089799e+08
4.606447451632190347e+08
4.469780693179755807e+08
4.337776953723188043e+08
4.210270858785644770e+08
4.087102716272914410e+08
3.968118351183731556e+08
3.853168941713687181e+08
3.742110857234190106e+08
3.634805498541155457e+08
3.531119140694761872e+08
3.430922778709271550e+08
3.334091976299273372e+08
3.240506717843883038e+08
3.150051263692491651e+08
3.062614008903238177e+08
2.978087345478127003e+08
2.896367528135331273e+08
2.817354543639397025e+08
2.740951983693559766e+08
2.667066921383949518e+08
2.595609791153703630e+08
2.526494272274835408e+08
2.459637175777308941e+08
2.394958334787771702e+08
2.332380498224462867e+08
2.271829227790105641e+08
2.213232798200643063e+08
2.156522100584576130e+08
2.101630548985125721e+08
2.048493989895653725e+08
1.997050614757274091e+08
1.947240875346687734e+08
1.899007401981637776e+08
1.852294924471139610e+08
1.807050195737612844e+08
1.763221918038256168e+08
1.720760671713519692e+08
1.679618846391067803e+08
1.639750574574407637e+08
1.601111667546288073e+08
1.563659553517938554e+08
1.527353217956295907e+08
1.492153146022600532e+08
1.457685217396667004e+08
1.424594985852347016e+08
1.392500579458814561e+08
1.361367959151950181e+08
1.331164326709956229e+08
1.301858078549271822e+08
1.273418761201375574e+08
1.245817028414674997e+08
1.219024599827050716e+08
1.193014221156096905e+08
1.167759625855472982e+08
1.143235498187212199e+08
1.119417437661246508e+08
1.096281924794714898e+08
1.073806288145097196e+08
1.051968672572451532e+08
1.030748008687438220e+08
1.010123983443088233e+08
9.900770118295466900e+07
9.705882096323159337e+07
9.516393672157192230e+07
9.332129242945367098e+07
9.152919456579715014e+07
