0.000000000000000000e+00
1.422269191096455092e+06
2.828539553675445262e+06
4.215105367167904042e+06
5.577395955088860355e+06
6.910773283460178412e+06
8.211116437495063059e+06
9.475203905757008120e+06
1.070089190069799498e+07
1.188711388831436075e+07
1.303375227369179763e+07
1.415232618124138005e+07
1.522187407776550390e+07
1.625519267715541087e+07
1.725400339240208641e+07
1.822010596915719286e+07
1.915529995267114788e+07
2.006133458165412769e+07
2.093987936870821938e+07
2.179250880913886055e+07
2.262069624566132948e+07
2.342581339020575956e+07
2.420913317240167409e+07
2.497183442708103731e+07
2.571500750271657854e+07
2.643966023940855265e+07
2.714672399241426215e+07
2.783705951427382603e+07
2.851146258970094100e+07
2.917066936515762657e+07
2.981536134346581623e+07
3.044617003127226606e+07
3.106368123841537163e+07
3.166843903582995012e+07
3.226094938392936066e+07
3.284168344713528454e+07
3.341108061276159436e+07
3.396955123403835297e+07
3.451747911784604192e+07
3.505522377786868066e+07
3.558312247349888831e+07
3.610149205405786633e+07
3.661063062684714049e+07
3.711081906631409377e+07
3.760232238028445095e+07
3.808539094784021378e+07
3.856026164207132906e+07
3.902715884961879998e+07
3.948629539770086855e+07
3.993787339816955477e+07
4.037767875654092431e+07
4.081477787480537593e+07
4.124486615434655547e+07
4.166810998269803077e+07
4.208466826931842417e+07
4.249469294116471708e+07
4.289832939819989353e+07
4.329571693257226795e+07
4.368698911480474472e+07
4.407227414997934550e+07
4.445169520659333467e+07
4.482537072049219161e+07
4.519341467604159564e+07
4.555593686649206281e+07
4.591304313529808074e+07
4.626483559998719394e+07
4.661141286002804339e+07
4.695287019000699371e+07
4.728929971931035817e+07
4.762079059939639270e+07
4.794742915964756906e+07
4.826929905270623416e+07
4.858648139011564851e+07
4.889905486902101338e+07
4.920709589061652869e+07
4.951067867096838355e+07
4.980987534479019791e+07
5.010475606269621849e+07
5.039538908241881430e+07
5.068184085443053395e+07
5.096417610237950832e+07
5.124245789871076494e+07
5.151674773581676185e+07
5.178710559303250909e+07
5.205358999976578355e+07
5.231625809502953291e+07
5.257516568362156302e+07
5.283036728918011487e+07
5.308191620432344824e+07
5.332986453806644678e+07
5.357426326069409400e+07
5.381516224625501782e+07
5.405261031283001602e+07
5.428665526071474701e+07
5.451734390864986181e+07
5.474472212821802497e+07
5.496883487652260065e+07
5.518972622725214064e+07
5.540743940022683144e+07
5.562414686909830570e+07
5.583559933534725010e+07
5.604399883906789869e+07
5.624938544541659206e+07
5.645179849385547638e+07
5.665127662029008567e+07
5.684785777820857614e+07
5.704157925888018310e+07
5.723247771066420525e+07
5.742058915747798234e+07
5.760594901647032797e+07
5.778859211494294554e+07
5.796855270655974001e+07
5.814586448688253760e+07
5.832056060826732218e+07
5.849267369415506721e+07
5.866223585278917104e+07
5.882927869038648903e+07
5.899383332379224151e+07
5.915593039264295250e+07
5.931560007106254250e+07
5.947287207891509682e+07
5.962777569263516366e+07
