0.000000000000000000e+00
1.888330571678855643e+07
7.390282456356939673e+07
1.477410917213681638e+08
2.315676775333404243e+08
3.211056760566696525e+08
4.140409479450125694e+08
5.090047404696772695e+08
6.051319594740552902e+08
7.018478093218662739e+08
7.987554338726406097e+08
8.955704756699519157e+08
9.920876496726107597e+08
1.088154942960844755e+09
1.183658020995009422e+09
1.278510002780648947e+09
1.372644415044770002e+09
1.466010219137966156e+09
1.558568226484557152e+09
1.650288466653056145e+09
1.741148222899484396e+09
1.831130544259986162e+09
1.920223103665827990e+09
2.008417311154374123e+09
2.095707617752470016e+09
2.182090963677873135e+09
2.267566337032971382e+09
2.352134417987264156e+09
2.435797289746006012e+09
2.518558202161626816e+09
2.600421377183584690e+09
2.681391847815167427e+09
2.761475324096309185e+09
2.840678081029771805e+09
2.919006864434225082e+09
2.996468811527616978e+09
3.073071383679697037e+09
3.148822309268795967e+09
3.223729534968237877e+09
3.297801184096672058e+09
3.371045520912748337e+09
3.443470919931743622e+09
3.515085839500677109e+09
3.585898798997183323e+09
3.655918359122231483e+09
3.725153104842514038e+09
3.793611630608823776e+09
3.861302527534857273e+09
3.928234372269129276e+09
3.994415717332732677e+09
4.059862460477019787e+09
4.124575619572981358e+09
4.188563629191975594e+09
4.251834872358570099e+09
4.314397675803347588e+09
4.376260305862404823e+09
4.437430964944621086e+09
4.497917788498132706e+09
4.557728842416403770e+09
4.616872120831908226e+09
4.675355544252009392e+09
4.733186957997282982e+09
4.790374130907463074e+09
4.846924754284364700e+09
4.902846441044880867e+09
4.958146725060305595e+09
5.012833060661029816e+09
5.066912822288104057e+09
5.120393304275252342e+09
5.173281720746816635e+09
5.225585205618724823e+09
5.277310812691010475e+09
5.328465515821682930e+09
5.379056209172841072e+09
5.429089707520932198e+09
5.478572746623899460e+09
5.527511983638745308e+09
5.575913997583719254e+09
5.623785289839925766e+09
5.671132284687711716e+09
5.717961329873648643e+09
5.764278697204361916e+09
5.810090583163836479e+09
5.855403109551162720e+09
5.900222324136009216e+09
5.944554201329338074e+09
5.988404642867185593e+09
6.031779478505475044e+09
6.074684466724092484e+09
6.117125295438583374e+09
6.159107582718013763e+09
6.200636877507663727e+09
6.241718660355376244e+09
6.282358344140459061e+09
6.322561274804185867e+09
6.362332732081005096e+09
6.401677930229672432e+09
6.440602018763574600e+09
6.479110083179616928e+09
6.517203060815825462e+09
6.554890045466316223e+09
6.592175934314181328e+09
6.629065563423442841e+09
6.665563708452996254e+09
6.701675085366368294e+09
6.737404351136993408e+09
6.772756104448719025e+09
6.807734886391296387e+09
6.842345181150656700e+09
6.876591416693747520e+09
6.910477965447788239e+09
6.944009144973770142e+09
6.977189218634094238e+09
7.010022396254196167e+09
7.042512834778095245e+09
7.074664638917757034e+09
7.106481861796213150e+09
7.137968505584362984e+09
7.169128522131422997e+09
7.199965813588962555e+09
7.230484233028528214e+09
7.260687585052802086e+09
