0.000000000000000000e+00
3.664204649748487949e+09
5.566815808070736885e+09
6.883281965375630379e+09
7.954816343396567345e+09
8.898979436367265701e+09
9.768639903113330841e+09
1.059147558025177574e+10
1.138345449326644135e+10
1.215442230206034660e+10
1.291074364701542282e+10
1.366409355366401291e+10
1.440249232650980186e+10
1.513547296630194855e+10
1.586446469327308846e+10
1.659047915900231552e+10
1.731423103296881104e+10
1.803622038265470886e+10
1.875679022384379578e+10
1.947616749233142090e+10
2.019449268332534409e+10
2.091184158422595978e+10
2.162824139099394226e+10
2.234368277163227844e+10
2.305812896441097641e+10
2.377152268026637650e+10
2.448379136203586960e+10
2.519485120297935867e+10
2.590461022132677841e+10
2.661297061212867737e+10
2.731983054311104584e+10
2.802508552127853775e+10
2.872862942742813110e+10
2.943035529359759140e+10
3.013015588174309540e+10
3.082792410917772675e+10
3.152355335648100662e+10
3.221693768596806717e+10
3.290797199285189056e+10
3.359655210653920364e+10
3.428257485578887939e+10
3.496593810850437164e+10
3.564654079456178284e+10
3.632428291818320465e+10
3.699906556483060455e+10
3.767079090637057495e+10
3.833936220726580811e+10
3.900468383375386047e+10
3.966666126733659363e+10
4.032520112339167023e+10
4.097367884725698090e+10
4.162510471133736420e+10
4.227282080870536041e+10
4.291673857421488953e+10
4.355677075079801178e+10
4.419283143864233398e+10
4.482483614787881470e+10
4.545270185412151337e+10
4.607634705618894196e+10
4.669569183533880615e+10
4.731065791536676025e+10
4.792116872294235229e+10
4.852714944759696960e+10
4.912852710081192780e+10
4.972523057370472717e+10
5.031719069285540009e+10
5.090434027386273956e+10
5.148661417227096558e+10
5.206394933155020142e+10
5.263628482786475372e+10
5.320356191140443420e+10
5.376572404409780121e+10
5.432271693356539154e+10
5.487448856320856476e+10
5.542098921836356354e+10
5.596217150848327637e+10
5.649799038533521271e+10
5.702840315723540497e+10
5.755336949935585785e+10
5.807285146016870880e+10
5.858681346410585022e+10
5.909522231053044128e+10
5.959804716913084412e+10
6.009525957185727692e+10
6.058683340153475952e+10
6.107274487729082489e+10
6.155297253694588470e+10
6.202749721651583099e+10
6.249630202698328400e+10
6.295937232849455261e+10
6.341669570214038086e+10
6.386826191947974396e+10
6.431406290996418762e+10
6.475409272641908264e+10
6.518834750873765564e+10
6.561682544593687439e+10
6.603952673672476196e+10
6.645645354872345734e+10
6.686760997648774719e+10
6.727702683335987854e+10
6.767660474757923889e+10
6.807043579280225372e+10
6.845853134931997681e+10
6.884090450049554443e+10
6.921756998622894287e+10
6.958854415606097412e+10
6.995384492202035522e+10
7.031349171130416870e+10
7.066750541888375854e+10
7.101590836011923218e+10
7.135872422346142578e+10
7.169597802331594849e+10
7.202769605313821411e+10
7.235390583882478333e+10
7.267463609245997620e+10
7.298991666647323608e+10
7.329977850826216125e+10
7.360425361532165527e+10
7.390337499092987061e+10
7.419717660042634583e+10
7.448569332811795044e+10
7.476896093484840393e+10
