0.000000000000000000e+00
1.193471873697951196e+04
7.914340491192605987e+04
2.351545468476498208e+05
5.023546056151466910e+05
8.944984430725568673e+05
1.417792133706281660e+06
2.071905123635147233e+06
2.851208152474589646e+06
3.746211567464105319e+06
4.745049108515414409e+06
5.846147289834488183e+06
7.014794279561715201e+06
8.249543860205145553e+06
9.539856212196400389e+06
1.087680833054246195e+07
1.225314786771405861e+07
1.366322247529406846e+07
1.510283683545856737e+07
1.656907616898927838e+07
1.806012240418672189e+07
1.957507901887263730e+07
2.111381314904487133e+07
2.267681856964316219e+07
2.426510005050877109e+07
2.588007783096456155e+07
2.752351009024446830e+07
2.919743098305049166e+07
3.090410182671267167e+07
3.264597321551048756e+07
3.442565610294526070e+07
3.624590017757812142e+07
3.810957813138043880e+07
4.001967466616983712e+07
4.197927929787127674e+07
4.399158219962578267e+07
4.605987247549013793e+07
4.818753838019331545e+07
5.037806910100924224e+07
5.263505779903884977e+07
5.496220567244695127e+07
5.736332685641785711e+07
5.984235401626005769e+07
6.240334452327876538e+07
6.505048712942320853e+07
6.778810907768905163e+07
7.062068360191783309e+07
7.355283778286778927e+07
7.658936073795945942e+07
7.973521213046677411e+07
8.296234385601451993e+07
8.634123274856716394e+07
8.984538583865353465e+07
9.348053416822201014e+07
9.725262646226778626e+07
1.011678395470815897e+08
1.052325891170991957e+08
1.094535408644306958e+08
1.138376219864955693e+08
1.183920330883592367e+08
1.231242604973986894e+08
1.280420890088480264e+08
1.331536150816407651e+08
1.384672605047634542e+08
1.439917865551139116e+08
1.497363086686097682e+08
1.557103116470472813e+08
1.619236654239524305e+08
1.683866414134384394e+08
1.751099294668574035e+08
1.821046554628280401e+08
1.893823995570493937e+08
1.969552151191656888e+08
2.048356483848158717e+08
2.130367588519357741e+08
2.215721404513142407e+08
2.304559435223982930e+08
2.397028976263758838e+08
2.493283352296145260e+08
2.593482162916553915e+08
2.697791537931002378e+08
2.806384402399312258e+08
2.919440751820337772e+08
3.037147937849793434e+08
3.159700964954530597e+08
3.287302798420972228e+08
3.420164684149621725e+08
3.558506480682424307e+08
3.702557003925018907e+08
3.852554385041968822e+08
4.008746442019131780e+08
4.171391065404734015e+08
4.340756618757963777e+08
4.517122354352251291e+08
4.700778844699178934e+08
4.892028430478343368e+08
5.091185685478615165e+08
5.298577899177188873e+08
5.514545577603926659e+08
5.741738266685628891e+08
5.976028770604156256e+08
6.220004764218833447e+08
6.474065175231068134e+08
6.738624956906903982e+08
7.014115713784184456e+08
7.300986350872930288e+08
7.599703747196902037e+08
7.910753454553228617e+08
8.234640422397119999e+08
8.571889749789071083e+08
8.923047465374504328e+08
9.288681336398386955e+08
9.669381707791661024e+08
1.006576237240159750e+09
1.047846147347453713e+09
1.090814244053736687e+09
1.135549495986294746e+09
1.182123598074483156e+09
1.230611075884898901e+09
1.281089393795177698e+09
1.333639067142026901e+09
1.388343778483783722e+09
