0.000000000000000000e+00
5.404413017482337309e+05
2.473085880330755841e+06
5.431410193325378001e+06
8.922951352048899978e+06
1.255213639564465173e+07
1.612605942882744595e+07
1.956103909675539285e+07
2.281889235594090447e+07
2.588277070995353907e+07
2.874811987315648794e+07
3.141801896806403995e+07
3.390010252416255325e+07
3.620447099295914918e+07
3.834234203529229760e+07
4.032522710376694053e+07
4.216445336997335404e+07
4.387090029439393431e+07
4.545486453258072585e+07
4.692599961970676482e+07
4.829329857944106311e+07
4.956510102892649919e+07
5.074911424853160232e+07
5.185244216105536371e+07
5.288161864638574421e+07
5.384264299010125548e+07
5.474101604226350784e+07
5.558177612745656818e+07
5.636953404616404325e+07
5.710850671488125622e+07
5.780254914446137100e+07
5.845518457134347409e+07
5.906963264426993579e+07
5.964883563580372185e+07
6.019548269759692997e+07
6.071203221425329894e+07
6.120073233553587645e+07
6.166363978293612599e+07
6.210263703620310873e+07
6.251944800995213538e+07
6.291565233124496043e+07
6.329269832710566372e+07
6.365191482712978125e+07
6.399452188129239529e+07
6.432164048724502325e+07
6.463430141517159343e+07
6.493345321191298217e+07
6.521996945975787193e+07
6.549465535916517675e+07
6.575825369881967455e+07
6.601145027088125795e+07
6.625487878410223871e+07
6.648912532266825438e+07
6.671473239416829497e+07
6.693220260600914806e+07
6.714200200584581494e+07
6.734456311818301678e+07
6.754028770619520545e+07
6.772954928498965502e+07
6.791269540998098254e+07
6.809004976173080504e+07
6.826191404651607573e+07
6.842856973000180721e+07
6.859027961969219148e+07
6.874728931029897928e+07
6.889982850478447974e+07
6.904811222259141505e+07
6.919234190545119345e+07
6.933270643015362322e+07
6.946938303675332665e+07
6.960253817987063527e+07
6.973232831000959873e+07
6.985890059115372598e+07
6.998239356030347943e+07
7.010293773408345878e+07
7.022065616706284881e+07
7.033566496599750221e+07
7.044807376380911469e+07
7.055798615676240623e+07
7.066550010798220336e+07
7.077070832016356289e+07
7.087369858006764948e+07
7.097455407716134191e+07
7.107335369854518771e+07
7.117017230212274194e+07
7.126508096979016066e+07
7.135814724226710200e+07
7.144943533704824746e+07
7.153900635082459450e+07
7.162691844760705531e+07
7.171322703367853165e+07
7.179798492040394247e+07
7.188124247584018111e+07
7.196304776600831747e+07
7.204344668661789596e+07
7.212248308596716821e+07
7.220019887968339026e+07
7.227663415791235864e+07
7.235182728551658988e+07
7.242581499579638243e+07
7.249863247820603848e+07
7.257031346050031483e+07
7.264089028571088612e+07
7.271039398432150483e+07
7.277885434198150039e+07
7.284629996307049692e+07
7.291275833040355146e+07
7.297825586134307086e+07
7.304281796056409180e+07
7.310646906970039010e+07
7.316923271408198774e+07
7.323113154675877094e+07
7.329218738999061286e+07
7.335242127437099814e+07
7.341185347573873401e+07
7.347050355002154410e+07
7.352839036614449322e+07
7.358553213712701201e+07
7.364194644948317111e+07
7.369765029103194177e+07
7.375266007721683383e+07
7.380699167602671683e+07
