0.000000000000000000e+00
4.599214216711870193e+09
9.181008652925849915e+09
1.372303720434941101e+10
1.821669371853942871e+10
2.265817717564877319e+10
2.704609815018012619e+10
3.138038856049237061e+10
3.566171148126481628e+10
3.989111853472056580e+10
4.406984593910136414e+10
4.821959725884748077e+10
5.230038127990185547e+10
5.633433313206832886e+10
6.032262882069260406e+10
6.426636830811589050e+10
6.816657422281889343e+10
7.202419460579890442e+10
7.584010780859039307e+10
7.961512837257461548e+10
8.335001317868920898e+10
8.704546745074020386e+10
9.070215038238201904e+10
9.432068027512712097e+10
9.790163914699563599e+10
1.014455768146080780e+11
1.049530144761208496e+11
1.084244478352077026e+11
1.118603498117567139e+11
1.152611728859401550e+11
1.186273511206940613e+11
1.219593019045901031e+11
1.252574274533309326e+11
1.285221161041335754e+11
1.317537434333272400e+11
1.349526732237701111e+11
1.381192583052361450e+11
1.412538412878014221e+11
1.443567552054485474e+11
1.474283240846232300e+11
1.504688634502764893e+11
1.534786807800070801e+11
1.564580759152386780e+11
1.594073414369107666e+11
1.623267630119063416e+11
1.652166197153543091e+11
1.680771843330181274e+11
1.709087236471919861e+11
1.737114987088523560e+11
1.764857650982463379e+11
1.792287269311998901e+11
1.819470010094310608e+11
1.846375004136973877e+11
1.873004613119204712e+11
1.899361155758786316e+11
1.925446909966792297e+11
1.951264114943982544e+11
1.976814973219708557e+11
2.002101652633399658e+11
2.027126288258138123e+11
2.051890984265446472e+11
2.076397815730172424e+11
2.100648830374267883e+11
2.124646050248229980e+11
2.148391473349049072e+11
2.171887075173617554e+11
2.195134810206747131e+11
2.218136613343107300e+11
2.240894401242650452e+11
2.263410073619274902e+11
2.285685514462767639e+11
2.307722593194250488e+11
2.329523165755600586e+11
2.351089075633526001e+11
2.372422154819208679e+11
2.393524224704547729e+11
2.414397096916313782e+11
2.435042574089556885e+11
2.455462450581877441e+11
2.475658513130180664e+11
2.495632541451729736e+11
2.515386308791342163e+11
2.534921582416679688e+11
2.554240124063623962e+11
2.573343690333799438e+11
2.592234033046296997e+11
2.610912899545717468e+11
2.629382032968616333e+11
2.647643172470476685e+11
2.665698053415272827e+11
2.683548407529716797e+11
2.701195963024224243e+11
2.718642444682592773e+11
2.735889573922387695e+11
2.752939068827921753e+11
2.769792644157745972e+11
2.786452011328422241e+11
2.802918878376384277e+11
2.819194949899559326e+11
2.835272381428778687e+11
2.851170096130375977e+11
2.866882124535167847e+11
2.882410156515854492e+11
2.897755877965235596e+11
2.912920970648670044e+11
2.927907112046505127e+11
2.942715975187642212e+11
2.957349228475440674e+11
2.971808535506958008e+11
2.986095554886612549e+11
3.000211940035191650e+11
3.014159338995110474e+11
3.027939394232791748e+11
3.041553742438925171e+11
3.055004014327393188e+11
3.068291834433513794e+11
3.081418820912274170e+11
3.094386585337149658e+11
3.107196732500045776e+11
3.119850860212904663e+11
3.132350559111419678e+11
3.144697412461311035e+11
