0.000000000000000000e+00
1.131859172108594328e+08
2.758410473126196265e+08
4.468239851963053346e+08
6.118410037568029165e+08
7.641433974842143059e+08
9.006951722505397797e+08
1.020521828883723736e+09
1.123825093702293158e+09
1.211463159920964956e+09
1.284634064353582859e+09
1.345219957793830633e+09
1.393402644093112707e+09
1.431171875394200325e+09
1.459772109125263453e+09
1.480346529706665993e+09
1.493930170537585735e+09
1.501450499937375784e+09
1.503732359755367994e+09
1.501505247014956713e+09
1.495411658302825451e+09
1.486015698862710238e+09
1.473811475817903996e+09
1.459231002308210611e+09
1.442651473144153118e+09
1.424401857389947176e+09
1.404768805583684206e+09
1.384001900184135437e+09
1.362318294752728462e+09
1.339906795333129644e+09
1.316931439813352585e+09
1.293534629958481550e+09
1.269839867740000725e+09
1.245954143503964901e+09
1.221970019017059803e+09
1.197967443879734039e+09
1.174015339421567678e+09
1.150172980118716955e+09
1.126491198855720758e+09
1.103013439013058662e+09
1.079776673391482830e+09
1.056812207364536405e+09
1.034146381353618264e+09
1.011801185715159178e+09
9.897947993852704763e+08
9.681420621135588884e+08
9.468548888065627813e+08
9.259426333667702675e+08
9.054124084324227571e+08
8.852693665757846832e+08
8.657125308616207838e+08
8.463487496124045849e+08
8.273781790621201992e+08
8.088003394321081638e+08
7.906137658195462227e+08
7.728161402767280340e+08
7.554044084485561848e+08
7.383748826097927094e+08
7.217233327128622532e+08
7.054450668565586805e+08
6.895350024118839502e+08
6.739877288896802664e+08
6.587975635027644634e+08
6.439586002602326870e+08
6.294647533311989307e+08
6.153097953275443316e+08
6.014873910785590410e+08
5.879911274031727314e+08
5.748145393267364502e+08
5.619511331375757456e+08
5.493944066333035231e+08
5.371378668669910431e+08
5.251750456682231426e+08
5.134995131832048297e+08
5.021048896508079171e+08
4.909848556074368358e+08
4.801331606923172474e+08
4.695436312060422897e+08
4.592101765585753918e+08
4.491267947281575203e+08
4.392875768394985199e+08
4.296867109580347538e+08
4.203184851867159605e+08
4.111772901426082850e+08
4.022576208824417591e+08
3.935540783389797211e+08
3.850613703235583901e+08
3.767743121444098353e+08
3.686878268851901889e+08
3.607969453835099936e+08
3.530968059451794624e+08
3.455826538261322379e+08
3.382498405107203126e+08
3.310938228121160269e+08
3.241101618178499341e+08
3.172945217011995316e+08
3.106426684169434905e+08
3.041504682981058955e+08
2.978138865685870647e+08
2.915678896881367564e+08
2.855322874339172840e+08
2.796407397133150697e+08
2.738895921107864976e+08
2.682752808062903583e+08
2.627943308188102543e+08
2.574433542342755497e+08
2.522190484239138961e+08
2.471181942584109306e+08
2.421376543226304352e+08
2.372743711351136863e+08
2.325253653760876060e+08
2.278877341272514760e+08
2.233586491262362301e+08
2.189353550382486880e+08
2.146151677470968068e+08
2.103954726675072014e+08
2.062737230803611279e+08
2.022474384922614396e+08
1.983142030206142068e+08
1.944716638052195311e+08
1.907175294471961856e+08
1.870495684759014845e+08
