0.000000000000000000e+00
5.104013008474793434e+08
1.285273655284410954e+09
1.681919804064382315e+09
1.870815093521643639e+09
1.957380554723990917e+09
1.989313386382651806e+09
1.989908597610741377e+09
1.971594681887904644e+09
1.941499723118430853e+09
1.903951344592609882e+09
1.861257774031133413e+09
1.816083844499086142e+09
1.769244905663866282e+09
1.721583405059190989e+09
1.673691581424593449e+09
1.625990645364779711e+09
1.578782252910353184e+09
1.532282868857517004e+09
1.486647248548095465e+09
1.441984817382745028e+09
1.398371306619746447e+09
1.355857154754636288e+09
1.314473662293321848e+09
1.274237559683439970e+09
1.235154437246344566e+09
1.197221347619287252e+09
1.160428798834853411e+09
1.124762293437461853e+09
1.090203525790915728e+09
1.056731319493748546e+09
1.024322365400417447e+09
9.929518053898652792e+08
9.625936958882935047e+08
9.332213769944221973e+08
9.048077670185432434e+08
8.773255977384617329e+08
8.507476022795816660e+08
8.250466649476792812e+08
8.001959403696110249e+08
7.761689477763720751e+08
7.529396450826569796e+08
7.304824864953297377e+08
7.087724666588830948e+08
6.877851537734913826e+08
6.674967136663371325e+08
6.478839264334789515e+08
6.289241969777857065e+08
6.105955605331451893e+08
5.928766840745319128e+08
5.759153131665099859e+08
5.593488795843397379e+08
5.433321560864685774e+08
5.278462859361092448e+08
5.128730116551657319e+08
4.983946636708202958e+08
4.843941480578196645e+08
4.708549335869129300e+08
4.577610382559629679e+08
4.450970154517920613e+08
4.328479398669446707e+08
4.209993932754299641e+08
4.095374502545259595e+08
3.984486639253851771e+08
3.877200517730247974e+08
3.773390815959878564e+08
3.672936576271922588e+08
3.575721068600505590e+08
3.481631656076101661e+08
3.390559663170431256e+08
3.302400246572436690e+08
3.217052268933357596e+08
3.134418175585722327e+08
3.054403874312373996e+08
2.976918618217459321e+08
2.901874891730548739e+08
2.829188299757521152e+08
2.758777459976948500e+08
2.690563898268086314e+08
2.624471947245928049e+08
2.560428647869855464e+08
2.498363654085066915e+08
2.438209140449531078e+08
2.379899712694464028e+08
2.323372321161865592e+08
2.268566177059551179e+08
2.215422671471408308e+08
2.163885297058613300e+08
2.113899572386162281e+08
2.065412968807863891e+08
2.018374839842633903e+08
1.972736352974255383e+08
1.928450423807234764e+08
1.885471652511182129e+08
1.843756262487035692e+08
1.803262041188821197e+08
1.763948283035553396e+08
1.725775734348888397e+08
1.688706540253061056e+08
1.652349437393386662e+08
1.617388871748978198e+08
1.583425652594131827e+08
1.550427038177692294e+08
1.518361446916054785e+08
1.487198414819551110e+08
1.456908554471915662e+08
1.427463515509962440e+08
1.398835946551991999e+08
1.370999458524906337e+08
1.343928589341334999e+08
1.317598769879595041e+08
1.291986291220556051e+08
1.267068273097048104e+08
1.242822633512540013e+08
1.219228059487444907e+08
1.196263978892447203e+08
1.173910533329741657e+08
1.152148552024222910e+08
1.130959526687902063e+08
1.110325587322093695e+08
1.090229478923041821e+08
1.070654539057828337e+08
