0.000000000000000000e+00
7.457366314423001313e+03
5.258439651516975573e+04
1.720748598245328758e+05
3.942325628877037088e+05
7.322047445750987390e+05
1.184957735890470445e+06
1.742264477116270456e+06
2.389773510399652179e+06
3.112394088325899560e+06
3.896008892404825427e+06
4.728547030414600857e+06
5.598711377594921738e+06
6.497363676909923553e+06
7.416796930035922676e+06
8.350542781832609326e+06
9.293192103041315451e+06
1.024023522340916097e+07
1.118792263106355071e+07
1.213314506131847948e+07
1.307333126673972793e+07
1.400636154394595698e+07
1.493049504428494722e+07
1.584430894851658493e+07
1.674664771207334846e+07
1.763658076275765523e+07
1.851336723271166533e+07
1.937642651071581617e+07
2.022531359469028935e+07
2.105969839893265069e+07
2.187934832218359411e+07
2.268411351051611826e+07
2.347391435480846092e+07
2.424873084876106679e+07
2.500859350299423933e+07
2.575357556660005823e+07
2.648378635222600773e+07
2.719936549657114968e+07
2.790047801692575961e+07
2.858731004757228121e+07
2.926006515866963938e+07
2.991896117559010535e+07
3.056422742928667739e+07
3.119610237869712710e+07
3.181483155487014353e+07
3.242066578376488388e+07
3.301385965079002455e+07
3.359467017531794310e+07
3.416335566779763252e+07
3.472017474582719058e+07
3.526550029819800705e+07
3.579947177210234106e+07
3.632234412349855155e+07
3.683436990402976424e+07
3.733579881363294274e+07
3.782687732359082252e+07
3.830784836119144410e+07
3.877895104828017205e+07
3.924042048695928603e+07
3.969248758653175086e+07
4.013537892651595920e+07
4.056931665119370073e+07
4.099451839170623571e+07
4.141119721219572425e+07
4.181956157690975815e+07
4.221981533555504680e+07
4.261215772450789064e+07
4.299678338177183270e+07
4.337388237382054329e+07
4.374364023268163204e+07
4.410623800180923194e+07
4.446185228946183622e+07
4.481065532845104486e+07
4.515281504125864804e+07
4.548849510963591188e+07
4.581785504790198803e+07
4.614105027924992144e+07
4.645823221444952488e+07
4.676954833240868896e+07
4.707514226211827993e+07
4.737515386556294560e+07
4.766971932123041153e+07
4.795897120789716393e+07
4.824303858840826154e+07
4.852204709320470691e+07
4.879611900338397175e+07
4.906537333310704678e+07
4.932992591119116545e+07
4.958988946174958348e+07
4.984537368375994265e+07
5.009648532946050167e+07
5.034332828148970008e+07
5.058600362869828194e+07
5.082460974057624489e+07
5.105924234024763107e+07
5.128999457599642873e+07
5.151695709129562229e+07
5.174021809331892431e+07
5.195986341992221028e+07
5.217594169788765162e+07
5.238856993026667088e+07
5.259782721200149506e+07
5.280379052186959982e+07
5.300653478178685158e+07
5.320613291460531950e+07
5.340265590042217076e+07
5.359617283141840249e+07
5.378675096524827927e+07
5.397445577700185776e+07
5.415935100976460427e+07
5.434149872379902750e+07
5.452095934437463433e+07
5.469779170827274770e+07
5.487205310899394006e+07
5.504379934069571644e+07
5.521308474088886380e+07
5.537996223192073405e+07
5.554448336127416044e+07
5.570669834071031958e+07
5.586665608428409696e+07
5.602440424526025355e+07
5.617998925195842981e+07
