0.000000000000000000e+00
1.393543890514903012e+02
1.913107972668419507e+03
9.358693472853157800e+03
2.893096173569436723e+04
6.813735950854262046e+04
1.334669028028697940e+05
2.287481353770806454e+05
3.548187970216565882e+05
5.103377024792421144e+05
6.929074856962169288e+05
9.001237902001100592e+05
1.129252232365386328e+06
1.378081860221692128e+06
1.644650436187754385e+06
1.927194446435844526e+06
2.224106302233571187e+06
2.533908890316905454e+06
2.855244868097653612e+06
3.186874283419519663e+06
3.527674585241146386e+06
3.876639196726531722e+06
4.232873022338967770e+06
4.595584858697793446e+06
4.964077537505789660e+06
5.337736898869922385e+06
5.716020605778160505e+06
6.098447562714700587e+06
6.484588421644523740e+06
6.874057412909795530e+06
7.266505551282611676e+06
7.661615140117664821e+06
8.059095420863486826e+06
8.458679179721532390e+06
8.860120116780696437e+06
9.263190795723896474e+06
9.667681016222821549e+06
1.007339648024961166e+07
1.048015765328781493e+07
1.088779874887894467e+07
1.129616678841341101e+07
1.170512070686384477e+07
1.211453048926077038e+07
1.252427633256629109e+07
1.293424783388775587e+07
1.334434320944722742e+07
1.375446855011656694e+07
1.416453711928950623e+07
1.457446869792467169e+07
1.498418898017261364e+07
1.539363214873457700e+07
1.580273161180301383e+07
1.621142765858879499e+07
1.661966459743726999e+07
1.702739040269873664e+07
1.743455640380063280e+07
1.784111701234843582e+07
1.824702948294037208e+07
1.865225370342284814e+07
1.905675201049834117e+07
1.946048902688748762e+07
1.986343151660659537e+07
2.026554825532042235e+07
2.066680991314217821e+07
2.106718894765841216e+07
2.146665950534045696e+07
2.186519732985585555e+07
2.226277967610628530e+07
2.265938522908954322e+07
2.305499402691160142e+07
2.344958738746209815e+07
2.384314783841551095e+07
2.423565905033482611e+07
2.462710577273879945e+07
2.501747377305250242e+07
2.540674977839841694e+07
2.579492142020587251e+07
2.618197718162411079e+07
2.656790634772216156e+07
2.695269895844991878e+07
2.733634576432183012e+07
2.771883818476947770e+07
2.810016826909356192e+07
2.848032865993072465e+07
2.885931255913700536e+07
2.923711369597814977e+07
2.961372629750777781e+07
2.998914506100787222e+07
3.036336512836175039e+07
3.073638206222813204e+07
3.110819182388519868e+07
3.147879075261609629e+07
3.184817554651120305e+07
3.221634324456792697e+07
3.258329120997519791e+07
3.294901711447696388e+07
3.331351892371663451e+07
3.367679488347237557e+07
3.403884350670102239e+07
3.439965127024124563e+07
3.475922946779011190e+07
3.511757734539318830e+07
3.547469437106192857e+07
3.583058022489751130e+07
3.618523478968276829e+07
3.653865814190670848e+07
3.689085054319094867e+07
3.724181243209104985e+07
3.759154441624969244e+07
3.794004726488152891e+07
3.828732190157191455e+07
3.863336939737433195e+07
3.897819096419281512e+07
3.932178794843722880e+07
3.966416182494055480e+07
4.000531419112821668e+07
4.034524676143010706e+07
4.068396136192687601e+07
4.102145992522205412e+07
4.135774448553227633e+07
4.169281717398782074e+07
4.202668021413601190e+07
