0.000000000000000000e+00
1.104845775491653979e+08
2.261364654321870506e+08
3.369937154156227708e+08
4.445846785341037512e+08
5.502275083229629993e+08
6.545776699127388000e+08
7.579755401449865103e+08
8.606116827409012318e+08
9.626001729060838223e+08
1.064013237187518597e+09
1.165195210212102413e+09
1.265581616828716993e+09
1.365497581136241913e+09
1.464960569683373928e+09
1.563983858791073084e+09
1.662577805146055222e+09
1.760750684033801317e+09
1.858509256626595020e+09
1.955859162660294771e+09
2.052805197753798962e+09
2.149351512809235573e+09
2.245501759724542618e+09
2.341259199444050312e+09
2.436626783155405045e+09
2.531607214053351402e+09
2.626202994848066330e+09
2.720416464685053349e+09
2.814249828109444141e+09
2.907705177989079475e+09
3.000784513804639339e+09
3.093489756354144096e+09
3.185822759658634186e+09
3.277785320665659904e+09
3.369379187207074165e+09
3.460606064563305855e+09
3.551467620907820225e+09
3.641965491846292496e+09
3.732101284219429016e+09
3.821876579303756714e+09
3.911292935517498016e+09
4.000351890717621803e+09
4.089054964157645702e+09
4.177403658162611008e+09
4.265399459567348957e+09
4.353043840955806732e+09
4.440338261732510567e+09
4.527284169051980972e+09
4.613882998627418518e+09
4.700136175436502457e+09
4.785806303705430984e+09
4.871375831386770248e+09
4.956603908715099335e+09
5.041491923285985947e+09
5.126041254388491631e+09
5.210253273336842537e+09
5.294129343765611649e+09
5.377670821893139839e+09
5.460879056757233620e+09
5.543755390426591873e+09
5.626301158190988541e+09
5.708517688732796669e+09
5.790406304282058716e+09
5.871968320757113457e+09
5.953205047892391205e+09
6.034117789354936600e+09
6.114707842850886345e+09
6.194976500223034859e+09
6.274925047540521622e+09
6.354554765181447983e+09
6.433866927909221649e+09
6.512862804943283081e+09
6.591543660024819374e+09
6.669910751477981567e+09
6.747965332267072678e+09
6.825708650050106049e+09
6.903141947229104996e+09
6.980266460997467041e+09
7.057083423384727478e+09
7.133594061298832893e+09
7.209799596566362381e+09
7.285701245970710754e+09
7.361300221288545609e+09
7.436597729324632645e+09
7.511594971945205688e+09
7.586293146110004425e+09
7.660693443903057098e+09
7.734797052562423706e+09
7.808605154508895874e+09
7.882118927373735428e+09
7.955339544025598526e+09
8.028268172596693039e+09
8.100905976508182526e+09
8.173254114494935989e+09
8.245313740629691124e+09
8.317086004346660614e+09
8.388572050464561462e+09
8.459773019209242821e+09
8.530690046235811234e+09
8.601552909288406372e+09
8.671902630502983093e+09
8.741971800953746796e+09
8.811761538181646347e+09
8.881272955262147903e+09
8.950507160825252533e+09
9.019465259075241089e+09
9.088148349810237885e+09
9.156557528441392899e+09
9.224693886011957169e+09
9.292558509216073990e+09
9.360152480417373657e+09
9.427476877667385101e+09
9.494532774723741531e+09
9.561321241068233490e+09
9.627843341924648285e+09
9.694100138276496887e+09
9.760092686884538651e+09
9.825822040304199219e+09
9.891289246902769089e+09
9.956495350876567841e+09
1.002144139226789093e+10
1.008612840698182869e+10
