0.000000000000000000e+00
2.943503049018160596e+02
2.185992564702934033e+03
7.628174392506886761e+03
1.887443245114573801e+04
3.822653433052403125e+04
6.784073782301545725e+04
1.095871773861795227e+05
1.649622572642895102e+05
2.350511423498218646e+05
3.205327726851035841e+05
4.218737392833384220e+05
5.389099536410147557e+05
6.713830541242444888e+05
8.188468680147555424e+05
9.807235416249117116e+05
1.156350515814550221e+06
1.345017683414759347e+06
1.545995394083799794e+06
1.758554646936009172e+06
1.981981020361718722e+06
2.215583816178916022e+06
2.458701685040708631e+06
2.710705746837996878e+06
2.971000977627283428e+06
3.239026428301235661e+06
3.514254676870752126e+06
3.796190793402172625e+06
4.084371007831141353e+06
4.378361208574864082e+06
4.677755357205394655e+06
4.982173875761008821e+06
5.291262044209400192e+06
5.604688432961527258e+06
5.922143386945701204e+06
6.243337572086045519e+06
6.568000591104231775e+06
6.895879672753817402e+06
7.226738436516225338e+06
7.560355733203134499e+06
7.896524560682673007e+06
8.235051052992981859e+06
8.575753540374349803e+06
8.918461677204871550e+06
9.263015634437657893e+06
9.609265352886864915e+06
9.957069853574629873e+06
1.030629660131169297e+07
1.065682091772286408e+07
1.100852544002774730e+07
1.136128945140421763e+07
1.171501994456275553e+07
1.206961860433457978e+07
1.242499265947606415e+07
1.278105452058502287e+07
1.313772144548642822e+07
1.349491522976283729e+07
1.385256192030273192e+07
1.421059154992642812e+07
1.456893789132308401e+07
1.492753822869286872e+07
1.528633314563568868e+07
1.564526632796204463e+07
1.600428438022343814e+07
1.636333665486987308e+07
1.672237509304124117e+07
1.708135407608885318e+07
1.744023028700361773e+07
1.779896258099973947e+07
1.815751186456758529e+07
1.851584098236801103e+07
1.887391461139288172e+07
1.923169916186415404e+07
1.958916268438680097e+07
1.994627478290967271e+07
2.030300653308375180e+07
2.065933040563936159e+07
2.101522019443304092e+07
2.137065094884161651e+07
2.172559891020537168e+07
2.208004145204463601e+07
2.243395702379463613e+07
2.278732509782239050e+07
2.314012611950678006e+07
2.349234146017894149e+07
2.384395337273491919e+07
2.419494494974608719e+07
2.454530008390555158e+07
2.489500343066011369e+07
2.524404037288844213e+07
2.559239698749569058e+07
2.594006001380424201e+07
2.628701682362848148e+07
2.663325539292962849e+07
2.697876427495361865e+07
2.732353257476192340e+07
2.766754992507137358e+07
2.801080646332467347e+07
2.835329280991880968e+07
2.869499221291437373e+07
2.903590394963080436e+07
2.937601997343148291e+07
2.971533264365883172e+07
3.005383470872636512e+07
3.039151929002202302e+07
3.072837986657756194e+07
3.106441026046167687e+07
3.139960462285723165e+07
3.173395742078534514e+07
3.206746342444152385e+07
3.240011769511112571e+07
3.273191557363340259e+07
3.306285266938528046e+07
3.339292484975771978e+07
3.372212823009923846e+07
3.405045916410241276e+07
3.437791423461093754e+07
3.470449024482584000e+07
3.503018420989083499e+07
3.535499334883786738e+07
3.567891507687500864e+07
3.600194699799988419e+07
