0.000000000000000000e+00
2.886111820625187874e+09
4.566627667973424911e+09
5.750028253293642998e+09
6.717858037654258728e+09
7.572424776780316353e+09
8.360814211364214897e+09
9.108056082896392822e+09
9.828771824697923660e+09
1.053208241343916130e+10
1.122395450017646599e+10
1.191524857622165489e+10
1.259510628862675667e+10
1.327239024183749962e+10
1.394852829640810013e+10
1.462455533565224075e+10
1.530122417274204445e+10
1.597908167981910896e+10
1.665852224085803795e+10
1.733982601539114761e+10
1.802318678603428650e+10
1.870873251380274582e+10
1.939654069434566498e+10
2.008664994714831543e+10
2.077906883603591919e+10
2.147378262885530472e+10
2.217075850603948212e+10
2.286994959024537659e+10
2.357129807234272003e+10
2.427473763975064087e+10
2.498019536293965530e+10
2.568759315911996460e+10
2.639684892484569168e+10
2.710787740880731201e+10
2.782059088058354187e+10
2.853489963927754211e+10
2.925071239681681442e+10
2.996793656357520676e+10
3.068647845839131546e+10
3.140624346063998032e+10
3.212713611849293137e+10
3.284906022468817139e+10
3.357191886885233307e+10
3.429561447358044815e+10
3.502004881997950745e+10
3.574512306715973663e+10
3.647073776915973663e+10
3.719679289197107697e+10
3.792318783265936279e+10
3.864982144203147125e+10
3.936932400263937378e+10
4.009612961674205017e+10
4.082286850093793488e+10
4.154943765032015991e+10
4.227573370347547150e+10
4.300165299692680359e+10
4.372709162459856415e+10
4.445194550189109039e+10
4.517611043389558411e+10
4.589948218723833466e+10
4.662195656502326965e+10
4.734342948432910919e+10
4.806379705572401428e+10
4.878295566426460266e+10
4.950080205147013855e+10
5.021723339777807617e+10
5.093214740501959229e+10
5.164544237847986603e+10
5.235701730813880920e+10
5.306677194872274780e+10
5.377460689822879028e+10
5.448042367461627197e+10
5.518412479039401245e+10
5.588561382486213684e+10
5.658479549379849243e+10
5.728157571641091919e+10
5.797586167939888000e+10
5.866756189800509644e+10
5.935658627394927979e+10
6.004284615017073059e+10
6.072625436232183838e+10
6.140672528697656250e+10
6.208417488653559113e+10
6.275852075082661438e+10
6.342968213541358185e+10
6.409757999664234924e+10
6.476213702346154022e+10
6.542327766606998444e+10
6.608092816144973755e+10
6.673501655585305786e+10
6.738547272431951904e+10
6.803222838730415344e+10
6.867521712450457764e+10
6.931437438597627258e+10
6.994963750063409424e+10
7.058094568223524475e+10
7.120824003294250488e+10
7.183146354457228088e+10
7.245056109762448120e+10
7.307160736155889893e+10
7.368225261782113647e+10
7.428861736296376038e+10
7.489065400038571167e+10
7.548831678753871155e+10
7.608156182377395630e+10
7.667034703667440796e+10
7.725463216696453857e+10
7.783437875208966064e+10
7.840955010855494690e+10
7.898011131310926819e+10
7.954602918285980225e+10
8.010727225439903259e+10
8.066381076202009583e+10
8.121561661510180664e+10
8.176266337473049927e+10
8.230492622963488770e+10
8.284238197149708557e+10
8.337500896970719910e+10
8.390278714562283325e+10
8.442569794639320374e+10
8.494372431840277100e+10
8.545685068039007568e+10
