0.000000000000000000e+00
4.044973175222846985e+09
7.660979911747195244e+09
1.107216895996449280e+10
1.440493080467738342e+10
1.769584404168743515e+10
2.095889647681092453e+10
2.420050466685350037e+10
2.742400290430055237e+10
3.063129015239611053e+10
3.382352791425436401e+10
3.700820498628063202e+10
4.017222696233956146e+10
4.332283336954379272e+10
4.646029327072557068e+10
4.958481291885253906e+10
5.269655567214751434e+10
5.579565486320892334e+10
5.888222234432757568e+10
6.195635429468347168e+10
6.501813524444232178e+10
6.806764090817056274e+10
7.110494020490945435e+10
7.413009671109188843e+10
7.714316971051568604e+10
8.014421495321325684e+10
8.313328520091613770e+10
8.611043061414907837e+10
8.907569902068176270e+10
9.202913609455743408e+10
9.497078546758694458e+10
9.790068878999536133e+10
1.008188857531523132e+11
1.037254140845610199e+11
1.066203095232044678e+11
1.095036057817665710e+11
1.123753345010038300e+11
1.152355252005499268e+11
1.180842052296297150e+11
1.209213997204880371e+11
1.237471315467716827e+11
1.265614212886241455e+11
1.293642872058366699e+11
1.321557452200427246e+11
1.349358089066339722e+11
1.377044894968075256e+11
1.404617958899265747e+11
1.432077346761770020e+11
1.459423101693383179e+11
1.486655244493474121e+11
1.513702238508023376e+11
1.540708269305590210e+11
1.567600622493145142e+11
1.594379235753951111e+11
1.621044027840172119e+11
1.647594899468034973e+11
1.674031734267326355e+11
1.700354399777874756e+11
1.726562748485794678e+11
1.752656618892372437e+11
1.778635836608728638e+11
1.804500215469624329e+11
1.830249558660131836e+11
1.855883659849190979e+11
1.881402304324479980e+11
1.906805270123370361e+11
1.932092329155161438e+11
1.957263248310177917e+11
1.982317790551686401e+11
2.007255715987008362e+11
2.032076782914575500e+11
2.056780748844024353e+11
2.081367371486813354e+11
2.105836409715165405e+11
2.130187624487462463e+11
2.154420779738549194e+11
2.178535643233621826e+11
2.202531987384766235e+11
2.226409590029312439e+11
2.250168235169523315e+11
2.273807713673286438e+11
2.297327823935687561e+11
2.320728372501523438e+11
2.344009174648963013e+11
2.367170054934722900e+11
2.390210847701245117e+11
2.413131397546473694e+11
2.435931559756941833e+11
2.458611200704960327e+11
2.481170198210765991e+11
2.503608441870578003e+11
2.525925833351537476e+11
2.548122286654575195e+11
2.570197728346253052e+11
2.592152097760713196e+11
2.613985347172824707e+11
2.635697441943659973e+11
2.657288360639469604e+11
2.678758095125254211e+11
2.700167138493598328e+11
2.721393322209329529e+11
2.742498378070404053e+11
2.763482351739243774e+11
2.784345302303619385e+11
2.805087302241363525e+11
2.825708437367446289e+11
2.846208806764419556e+11
2.866588522697243042e+11
2.886847710513460083e+11
2.906986508529661865e+11
2.927005067905162354e+11
2.946903552503778687e+11
2.966682138744539185e+11
2.986341015442197266e+11
3.005880383638280029e+11
3.025300456423503418e+11
3.044601458752233276e+11
3.063783627249719849e+11
3.082847210012780762e+11
3.101792466404575195e+11
3.120619666844063721e+11
3.139329092590764160e+11
