0.000000000000000000e+00
3.633226411932046890e+09
5.786259859025177956e+09
7.366355186771319389e+09
8.679443861498136520e+09
9.846204759482898712e+09
1.092471198735227394e+10
1.194661541291569138e+10
1.293066067043976593e+10
1.388861984610741806e+10
1.482820613000919342e+10
1.576384393995989037e+10
1.668063400543033028e+10
1.759042078597871399e+10
1.849499270883105087e+10
1.939562273364644241e+10
2.029321474682665253e+10
2.118840425014717102e+10
2.208162911835688782e+10
2.297318024800600815e+10
2.386323839052616119e+10
2.475190130419110870e+10
2.563920400289121628e+10
2.652513400582808304e+10
2.740964291696751785e+10
2.829265527683677673e+10
2.917407536523534393e+10
3.005379244999720383e+10
3.093168484758711624e+10
3.180762306882448959e+10
3.268147225604993439e+10
3.355309406896361923e+10
3.442234813998965454e+10
3.528909319277487946e+10
3.615318789682234192e+10
3.701449151552779388e+10
3.787286439276063538e+10
3.872816831371713257e+10
3.958026676840454865e+10
4.042902514029428864e+10
4.127431083808007050e+10
4.211599338478707886e+10
4.295394447552867889e+10
4.378803801283069611e+10
4.461815012651750946e+10
4.544415918360494995e+10
4.626594579237872314e+10
4.708339280382081604e+10
4.789638531271888733e+10
4.870481066012563324e+10
4.950054447147238159e+10
5.029955491709246826e+10
5.109367481522327423e+10
5.188280055196726990e+10
5.266683081856044006e+10
5.344566663359709167e+10
5.421921136821987915e+10
5.498737077384050751e+10
5.575005301190358734e+10
5.650716868518215179e+10
5.725863087008113861e+10
5.800435514943212891e+10
5.874425964527774811e+10
5.947826505116725159e+10
6.020629466351852417e+10
6.092827441163378143e+10
6.164413288599456024e+10
6.235380136450373077e+10
6.305721383637760162e+10
6.375430702343763733e+10
6.444502039858289337e+10
6.512929620126957703e+10
6.580707944985415649e+10
6.647831795069515228e+10
6.714296230393689728e+10
6.780096590593219757e+10
6.845228494828332520e+10
6.909687841350997925e+10
6.973470806737411499e+10
7.036573844790731812e+10
7.098993685121327209e+10
7.160727331412281799e+10
7.221772059380354309e+10
7.282125414442607117e+10
7.341785209101028442e+10
7.400749520057434082e+10
7.459016685072061157e+10
7.516585299579487610e+10
7.573454213076071167e+10
7.629622525293444824e+10
7.685089582172283936e+10
7.739854971651231384e+10
7.793918519285238647e+10
7.847280283708088684e+10
7.899940551952830505e+10
7.951899834644535828e+10
8.003158861078892517e+10
8.053718574199624634e+10
8.103580125488301086e+10
8.153233003437252808e+10
8.201695549624014282e+10
8.249464605900001526e+10
8.296542107311293030e+10
8.342930170938655090e+10
8.388631090505912781e+10
8.433647330978137207e+10
8.477981523158758545e+10
8.521636458294258118e+10
8.564615082694807434e+10
8.606920492378042603e+10
8.648555927743614197e+10
8.689524768284963989e+10
8.729830527344569397e+10
8.769476846918586731e+10
8.808467492516207886e+10
8.846806348078536987e+10
8.884497410961776733e+10
8.921544786988717651e+10
8.957952685572312927e+10
8.993725414914768982e+10
9.028867377285502625e+10
9.063383064380097961e+10
