0.000000000000000000e+00
2.419749885113766098e+10
4.777535437175399780e+10
6.957316083504197693e+10
8.948289249797731018e+10
1.075865435010151520e+11
1.240141717016514435e+11
1.389055731000311279e+11
1.523973567139697876e+11
1.646182073213764038e+11
1.756872632961331787e+11
1.857039008467859802e+11
1.947786756806800232e+11
2.030021487206306763e+11
2.104564729450194092e+11
2.172160582034301147e+11
2.233482253479569092e+11
2.289138304288861084e+11
2.339678498758477173e+11
2.385599231246370850e+11
2.427348522022658691e+11
2.465330594561293640e+11
2.499910055020280457e+11
2.531415699002228088e+11
2.560143972372993164e+11
2.586362113047160339e+11
2.610310999883433228e+11
2.632207733569190979e+11
2.652247972854977722e+11
2.670608047875728149e+11
2.687446870657004089e+11
2.702907661305947876e+11
2.717119506859517822e+11
2.730198768323768311e+11
2.742250350095150452e+11
2.753368844709878540e+11
2.763639564718599243e+11
2.773139472427046509e+11
2.781938017273972168e+11
2.790097889729774170e+11
2.797675699787036133e+11
2.804722587371912231e+11
2.811284771327319336e+11
2.817404043000079956e+11
2.823118209899507446e+11
2.828461494380003662e+11
2.833464891830781860e+11
2.838156492428141479e+11
2.842561770116162720e+11
2.846703842127199097e+11
2.850606026682415771e+11
2.854284896362328491e+11
2.857757820286322632e+11
2.861040608284265137e+11
2.864147662641929321e+11
2.867092114412717285e+11
2.869885945889215698e+11
2.872540100665829468e+11
2.875064582577243652e+11
2.877468544665336914e+11
2.879760369208053589e+11
2.881947739736578369e+11
2.884037705870726929e+11
2.886036741715808716e+11
2.887950798486455688e+11
2.889785351953082275e+11
2.891545445244096680e+11
2.893235727480902710e+11
2.894860488672538452e+11
2.896423691251886597e+11
2.897928998595175171e+11
2.899379800830593872e+11
2.900779238209700317e+11
2.902130222286604004e+11
2.903435455124270630e+11
2.904697446724375610e+11
2.905918530856682129e+11
2.907100879445633545e+11
2.908246515655526733e+11
2.909357325801057129e+11
2.910435070196984253e+11
2.911481393049028931e+11
2.912497831477711182e+11
2.913485823757533569e+11
2.914446716845588989e+11
2.915381773266238403e+11
2.916292177411837769e+11
2.917179041313536987e+11
2.918043409930827026e+11
2.918886266003731689e+11
2.919708534507250366e+11
2.920511086743805542e+11
2.921294744106000366e+11
2.922060281538900146e+11
2.922808430728237305e+11
2.923539883038482056e+11
2.924255292222418823e+11
2.924955276921885376e+11
2.925640422977473145e+11
2.926311145433646240e+11
2.926968116028805542e+11
2.927611834121617432e+11
2.928242773916281128e+11
2.928861386030859985e+11
2.929468098952133789e+11
2.930063320386146851e+11
2.930647438512798462e+11
2.931220823152114868e+11
2.931783826849158936e+11
2.932336785883949585e+11
2.932880021212213745e+11
2.933413839342290039e+11
2.933938533153071289e+11
2.934454382657446899e+11
2.934961655715346680e+11
2.935460608700145874e+11
2.935951487121879883e+11
2.936434526210436401e+11
2.936909951461647949e+11
2.937377979148952637e+11
2.937838816803099976e+11
2.938292663662162476e+11
