0.000000000000000000e+00
3.933441933443745613e+09
7.506739163069334984e+09
1.091637802319944382e+10
1.425273624031826782e+10
1.754716977142417908e+10
2.081292417264146805e+10
2.405646035576855850e+10
2.728127603131845093e+10
3.048942061282798004e+10
3.368217276821481323e+10
3.686855487184996033e+10
4.003264270141294861e+10
4.318317183525123596e+10
4.632044685688898468e+10
4.944470082446348572e+10
5.255611754331291199e+10
5.565484610715776825e+10
5.874101063647602844e+10
6.181471694456177521e+10
6.487605718625518036e+10
6.792511315059033203e+10
7.096195862224383545e+10
7.398666109102987671e+10
7.699928299682984924e+10
7.999988263818386841e+10
8.298851483393760681e+10
8.596523140140109253e+10
8.893008149686593628e+10
9.188311185218989563e+10
9.482436693265653992e+10
9.775388903527629089e+10
1.006717183423274994e+11
1.035778929417290497e+11
1.064724488234324341e+11
1.093554198591899719e+11
1.122268377716306763e+11
1.150867320974417877e+11
1.179351301485413818e+11
1.207720569743744812e+11
1.235975353278340759e+11
1.264115856367802582e+11
1.292142259826781311e+11
1.320054720874822083e+11
1.347853373095674896e+11
1.375538326492163696e+11
1.403109667639242249e+11
1.430567459935803223e+11
1.457911743953991699e+11
1.485142537883315430e+11
1.512171562264708862e+11
1.539176479192627563e+11
1.566067832631401367e+11
1.592845557613568115e+11
1.619509570254854431e+11
1.646059768656253357e+11
1.672496033859280396e+11
1.698818230847261963e+11
1.725026209585527344e+11
1.751119806093509521e+11
1.777098843541992493e+11
1.802963133368948364e+11
1.828712476407788086e+11
1.854346664022066956e+11
1.879865479241172485e+11
1.905268697891788635e+11
1.930556089720392761e+11
1.955727419502387085e+11
1.980782448133874817e+11
2.005720933702469788e+11
2.030542632533911133e+11
2.055247300211626587e+11
2.079834692566702576e+11
2.104304566636123657e+11
2.128656681587398682e+11
2.152890799608031006e+11
2.177006686758575439e+11
2.201004113788264771e+11
2.224882856912473755e+11
2.248642698551483154e+11
2.272283428030249634e+11
2.295804842239038696e+11
2.319206746255011597e+11
2.342488953924966736e+11
2.365651288409592285e+11
2.388693582689743042e+11
2.411615680035323486e+11
2.434417434437496338e+11
2.457098711005009155e+11
2.479659386325501099e+11
2.502099348792728882e+11
2.524418498900708618e+11
2.546616749505778503e+11
2.568694026057703857e+11
2.590650266800859070e+11
2.612485422946649780e+11
2.634199458818293762e+11
2.655792351969110107e+11
2.677264093275427246e+11
2.698691216043164062e+11
2.719919468738216553e+11
2.741026623108280334e+11
2.762012723918145752e+11
2.782877829379197998e+11
2.803622011113584595e+11
2.824245354100780029e+11
2.844747956607505493e+11
2.865129930102081909e+11
2.885391399154123535e+11
2.905532501320558472e+11
2.925553387018864746e+11
2.945454219388421631e+11
2.965235174140819702e+11
2.984896439399980469e+11
3.004438215532832031e+11
3.023860714971361084e+11
3.043164162026716919e+11
3.062348792696127930e+11
3.081414854463242798e+11
3.100362606092603760e+11
3.119192317418803711e+11
3.137904269130954590e+11
