0.000000000000000000e+00
1.422811731380549027e+06
2.834606585153489839e+06
4.239194989915465936e+06
5.638573603952248581e+06
7.031028820861008950e+06
8.412367170303383842e+06
9.778989104370350018e+06
1.112935599881654046e+07
1.246342042620581202e+07
1.378167648598509282e+07
1.509406380451880954e+07
1.638206012212554924e+07
1.765557551569319889e+07
1.891492090571693704e+07
2.016039386041777581e+07
2.139228911419136077e+07
2.261089669059835374e+07
2.381649534659986943e+07
2.500934654559122026e+07
2.618969110821866989e+07
2.735774865491778404e+07
2.851371907303503156e+07
2.965778509780506790e+07
3.079011527399836853e+07
3.191086681479759514e+07
3.302018809136496484e+07
3.411822064407005161e+07
3.520510070871672779e+07
3.628096031034606695e+07
3.734592800510940701e+07
3.840012935726620257e+07
3.944368723165205121e+07
4.047672196831429750e+07
4.149935149003661424e+07
4.251169137818574905e+07
4.351385493935526907e+07
4.450595327528679371e+07
4.548809536145959795e+07
4.646038813515853882e+07
4.742293659119026363e+07
4.837584388218621910e+07
4.931921142012489587e+07
5.025313897596453130e+07
5.117772477482940257e+07
5.209306558486042917e+07
5.299925679850351810e+07
5.389639250560842454e+07
5.478456555820694566e+07
5.566386762722351402e+07
5.653047915893945098e+07
5.739239625885155797e+07
5.824570988089668006e+07
5.909050740923468024e+07
5.992687523249535263e+07
6.075489876703216136e+07
6.157466247727798671e+07
6.238624989380916953e+07
6.318974362963217497e+07
6.398522539511673898e+07
6.477277601191607118e+07
6.555247542613995075e+07
6.632440272097921371e+07
6.708863612892900407e+07
6.784525304370933771e+07
6.859433003194972873e+07
6.933594284467616677e+07
7.007016642861747742e+07
7.079707493733748794e+07
7.151674174218752980e+07
7.222923944306936860e+07
7.293463987899768353e+07
7.363301413844802976e+07
7.432443256948092580e+07
7.500896478963196278e+07
7.568667969556172192e+07
7.635764547246299684e+07
7.702192960322283208e+07
7.767959887734302878e+07
7.833071939962258935e+07
7.897535659860843420e+07
7.961357523482212424e+07
8.024543940877178311e+07
8.087101256875947118e+07
8.149035751849400997e+07
8.210353642452031374e+07
8.271061082347546518e+07
8.331164162918311357e+07
8.390668913959579170e+07
8.449581304359403253e+07
8.507907242765372992e+07
8.565652578238776326e+07
8.622823100897172093e+07
8.679424542545978725e+07
8.735462577299785614e+07
8.790942822193951905e+07
8.845870837787091732e+07
8.900252128754843771e+07
8.954092144475309551e+07
9.007608111503307521e+07
9.060376427940946817e+07
9.112619543819516897e+07
9.164342692501281202e+07
9.215551054871422052e+07
9.266249759880343080e+07
9.316443885079422593e+07
9.366138457150568068e+07
9.415338452429617941e+07
9.464048797423693538e+07
9.512274369322675467e+07
9.560019996504867077e+07
9.607290459036943316e+07
9.654090489168331027e+07
9.700424771819958091e+07
9.746297945067627728e+07
9.791714600620022416e+07
9.836679284291312099e+07
9.881196496468630433e+07
9.925270692574328184e+07
9.968906283523142338e+07
1.001210763617435098e+08
1.005487907377897501e+08
