0.000000000000000000e+00
4.469783331427688972e+04
1.622687982946285338e+05
3.687997829328710213e+05
6.762900002433218760e+05
1.094424335269059287e+06
1.631365079983020667e+06
2.294196133914572652e+06
3.089206215224834159e+06
4.022085010830176994e+06
5.098067126390653662e+06
6.323546013184552081e+06
7.701695386897990480e+06
9.236958985006930307e+06
1.093365290376710333e+07
1.279601498073985986e+07
1.482824705799231306e+07
1.703455162353926525e+07
1.941916395078588277e+07
2.198638059280428290e+07
2.474058490044581890e+07
2.768627009596684203e+07
3.082806033136576414e+07
3.417073008273998648e+07
3.771922217179977894e+07
4.147866465851061046e+07
4.545438681138354540e+07
4.965193433185150474e+07
5.407708398476096988e+07
5.873585776702800393e+07
6.363453673002391309e+07
6.877967455756774545e+07
7.417811098997277021e+07
7.983698517500518262e+07
8.576374901854091883e+07
9.196618060089319944e+07
9.845239771902252734e+07
1.052308716099691242e+08
1.123104409067284912e+08
1.197003258743164390e+08
1.274101429708477855e+08
1.354499197760101259e+08
1.438301103272864819e+08
1.525616109026169181e+08
1.616557762868443131e+08
1.711244365582280457e+08
1.809799144304956794e+08
1.912350431853165329e+08
2.019031852296913862e+08
2.129982513125474155e+08
2.245302328171982765e+08
2.365185315884195864e+08
2.489788195955847800e+08
2.619274010697270632e+08
2.753812355254921913e+08
2.893579616516218781e+08
3.038759221067249179e+08
3.189541892578966022e+08
3.346125919006404877e+08
3.508717429995350242e+08
3.677530684901562333e+08
3.852788371839295030e+08
4.034721918188178539e+08
4.223571813000787497e+08
4.419587941767187119e+08
4.623029934007566571e+08
4.834167524179636240e+08
5.053280926403870583e+08
5.280661223526821136e+08
5.516610771060727835e+08
5.761443616556420326e+08
6.015485934986128807e+08
6.279076480733263493e+08
6.552567056807516813e+08
6.836323001925821304e+08
7.130723696122756004e+08
7.436163085577969551e+08
7.753050227373107672e+08
8.081809854916584492e+08
8.422882964801455736e+08
8.776727425889475346e+08
9.143818611443405151e+08
9.524650055159635544e+08
9.919734131984335184e+08
1.032960276462861538e+09
1.075480815673168898e+09
1.119592355365572691e+09
1.165354403193203688e+09
1.212828731841558695e+09
1.262079464024343729e+09
1.313173160673275471e+09
1.366178912439561844e+09
1.421168434629076242e+09
1.478216165697702408e+09
1.537399369437941551e+09
1.598798240992655277e+09
1.662496016836780310e+09
1.728579088872972965e+09
1.797137122792472601e+09
1.868289342878078938e+09
1.942107157412078857e+09
2.018690845899449587e+09
2.098144482348011494e+09
2.180576077476521492e+09
2.266097726220442772e+09
2.354825760729709625e+09
2.446880909059854507e+09
2.542388459765161991e+09
2.641478432610081673e+09
2.744285755622957230e+09
2.850950448724246502e+09
2.961617814169796467e+09
3.076438634058452606e+09
3.195569375162271500e+09
3.319172401346953392e+09
3.447416193859758854e+09
3.580475579772188187e+09
3.718531968875059128e+09
3.861773599334348679e+09
4.010395792427276134e+09
4.164601216689611912e+09
4.324600161817108154e+09
