0.000000000000000000e+00
3.291344818370481730e+08
6.328522329365632534e+08
9.091281974730385542e+08
1.158283475661931276e+09
1.381629241507994413e+09
1.580935847903950214e+09
1.758153908458757162e+09
1.915256880847493887e+09
2.054151952426799059e+09
2.176631829746793270e+09
2.285359476634987831e+09
2.379703380090157986e+09
2.462175366420655251e+09
2.534002431682432175e+09
2.596283939684422970e+09
2.650002439143849373e+09
2.696034754934508324e+09
2.735162774040895462e+09
2.768083599093484402e+09
2.795418904350974560e+09
2.817723431240893364e+09
2.835492623382077694e+09
2.849169437952308655e+09
2.859150390392052174e+09
2.865790898797836304e+09
2.869409996977907658e+09
2.870294483678139210e+09
2.868702571682301044e+09
2.864867095476842880e+09
2.858998330665331364e+09
2.851286472766564369e+09
2.841903817696508408e+09
2.831006681264886379e+09
2.818737090480381489e+09
2.805224275377654076e+09
2.790585986445759773e+09
2.774929659527507782e+09
2.758353447239385605e+09
2.740947133494829178e+09
2.722792945562211037e+09
2.703966276217367172e+09
2.684536326924154282e+09
2.664566681565542698e+09
2.644115819023933411e+09
2.623237571848392963e+09
2.601981537326612473e+09
2.580393446481809616e+09
2.558515495822800159e+09
2.536386646074912548e+09
2.514267281529622078e+09
2.491743553705108166e+09
2.469068665033875465e+09
2.446271102737298012e+09
2.423377229921631336e+09
2.400411450211980343e+09
2.377396357578192711e+09
2.354352872880846977e+09
2.331300368491031647e+09
2.308256782183843613e+09
2.285238721371264458e+09
2.262261558621856689e+09
2.239339519310699940e+09
2.216485762151458263e+09
2.193712453281680107e+09
2.171030834501365662e+09
2.148451286201387405e+09
2.125983385463225126e+09
2.103635959761421919e+09
2.081417136656799078e+09
2.059334389829357862e+09
2.037394581765099764e+09
2.015604003380367994e+09
1.993968410839612484e+09
1.972493059798099995e+09
1.951182737279129982e+09
1.930041791375646114e+09
1.909074158948695421e+09
1.888283391479284525e+09
1.867672679216133833e+09
1.847244873749126196e+09
1.827002509126763582e+09
1.806947821625611305e+09
1.787082768270543098e+09
1.767409044196068048e+09
1.747928098931443691e+09
1.728641151685616970e+09
1.709549205701466560e+09
1.690653061743501425e+09
1.671953330777905941e+09
1.653450445899080038e+09
1.635144673552858829e+09
1.617036124102411509e+09
1.599124761779533386e+09
1.581410414060777426e+09
1.563892780504864216e+09
1.546571441085252047e+09
1.529445864049163580e+09
1.512515413332215548e+09
1.495612973946752548e+09
1.479072416258738041e+09
1.462724509370217085e+09
1.446568265379221678e+09
1.430602623416648626e+09
1.414826454898106575e+09
1.399238568486007690e+09
1.383837714778283834e+09
1.368622590739351273e+09
1.353591843887705803e+09
1.338744076253729105e+09
1.324077848120452642e+09
1.309591681559139252e+09
1.295284063770945549e+09
1.281153450245105267e+09
1.267198267743575811e+09
1.253416917121376514e+09
1.239807775991410732e+09
1.226369201241975784e+09
1.213099531414711952e+09
1.199997088950325966e+09
1.187060182308938026e+09
1.174287107971604586e+09
