0.000000000000000000e+00
1.444133566677517295e+08
2.880948382011277080e+08
4.306087000162833333e+08
5.717742874345645905e+08
7.114973029134755135e+08
8.497285447547926903e+08
9.864459133366155624e+08
1.121644580972915173e+09
1.255330967671811104e+09
1.387518813810179949e+09
1.518995790887556553e+09
1.648230182061962605e+09
1.776028836056360006e+09
1.902415388232466698e+09
2.027413631517270565e+09
2.151047125129589558e+09
2.273338939915571690e+09
2.394311500258256912e+09
2.513986493883796692e+09
2.632384828950617313e+09
2.749526623590585232e+09
2.865431217245637894e+09
2.980117196168951511e+09
3.093602427657192230e+09
3.205904099177460194e+09
3.317038759712292194e+09
3.427022361486556053e+09
3.535870300846904278e+09
3.643597457500557899e+09
3.750218231631210327e+09
3.855746578629493237e+09
3.960196041328653812e+09
4.063579779740756035e+09
4.165910598358506680e+09
4.267200971132303715e+09
4.367463064258724213e+09
4.466708756930599213e+09
4.564949660203900337e+09
4.662197134135692596e+09
4.758462303342773438e+09
4.853756071122920990e+09
4.948089132272081375e+09
5.041471984721278191e+09
5.133914940106981277e+09
5.225428133379401207e+09
5.316021531543685913e+09
5.405704941620096207e+09
5.494488017901327133e+09
5.582380268577273369e+09
5.669299984581149101e+09
5.755447230931715012e+09
5.840731267259700775e+09
5.925161074255764008e+09
6.008745512110369682e+09
6.091493324474579811e+09
6.173413142117027283e+09
6.254513486306843758e+09
6.334802771949310303e+09
6.414289310497858047e+09
6.492981312664226532e+09
6.570886890945622444e+09
6.648014061986375809e+09
6.724370748789377213e+09
6.799964782791351318e+09
6.874803905814215660e+09
6.948895771904026031e+09
7.022247949067245483e+09
7.094867920913707733e+09
7.166763088214220047e+09
7.237940770380306244e+09
7.308408206872607231e+09
7.378172558543965340e+09
7.447240908922649384e+09
7.515620265440452576e+09
7.583317560610246658e+09
7.650339653156791687e+09
7.716693329104604721e+09
7.782385302826011658e+09
7.847422218052407265e+09
7.911810648851459503e+09
7.975557100572586060e+09
8.038668010763072968e+09
8.101149750056735039e+09
8.163008623037048340e+09
8.224250869076382637e+09
8.284882663152889252e+09
8.344910116646425247e+09
8.404339278114824295e+09
8.463176134051688194e+09
8.521426609626653671e+09
8.579096569409345627e+09
8.636191818077674866e+09
8.692718101111473083e+09
8.748681105472122192e+09
8.804086460269006729e+09
8.858939737413246155e+09
8.913246452259487152e+09
8.967012064236196518e+09
9.020222507383178711e+09
9.072916794625362396e+09
9.125086080549526215e+09
9.176735606437683105e+09
9.227870560647251129e+09
9.278496079181922913e+09
9.328617246253799438e+09
9.378239094837299347e+09
9.427366607215023041e+09
9.476004715515813828e+09
9.524158302245330811e+09
9.571832200809349060e+09
9.619031196029914856e+09
9.665760024654724121e+09
9.712023375859691620e+09
9.757825891745140076e+09
9.803172167825561523e+09
9.848066753513240814e+09
9.892514152595817566e+09
9.936518823708015442e+09
9.980085180797552109e+09
1.002321759358548355e+10
1.006592038802097511e+10
