0.000000000000000000e+00
6.323556674889486283e+06
1.285785682603907958e+07
1.960284525948761404e+07
2.655595475988434255e+07
3.371307719289878011e+07
4.106937771920148283e+07
4.862000929143738002e+07
5.636071568893424422e+07
6.428830010552053154e+07
7.240094646125040948e+07
8.078230877319352329e+07
8.926779591864582896e+07
9.794241343175503612e+07
1.068105776053315401e+08
1.158780344792642146e+08
1.251517062237053216e+08
1.346395392593143880e+08
1.443503638616185188e+08
1.542937704431363940e+08
1.644800044749400914e+08
1.749198799230487049e+08
1.856247098674813211e+08
1.966062523805055320e+08
2.078766695490912199e+08
2.194484975739915669e+08
2.313346260533094406e+08
2.435482847902404070e+08
2.561030367095064521e+08
2.690127757004985809e+08
2.822917284153790474e+08
2.959544592327546477e+08
3.100158777518770099e+08
3.244912483105707169e+08
3.393962011253334880e+08
3.547467447375454307e+08
3.705592795186641812e+08
3.868506120425913334e+08
4.036379701774966121e+08
4.209390187845000625e+08
4.387718759384736419e+08
4.571551296081674695e+08
4.761078547503215075e+08
4.956496307860330343e+08
5.158005594384510517e+08
5.365812829192426801e+08
5.580130024579291344e+08
5.801174971732629538e+08
6.029171432898900509e+08
6.264349337065719366e+08
6.504481513125927448e+08
6.754659927081906796e+08
7.012746052330712080e+08
7.278996444441920519e+08
7.553674858309700489e+08
7.837052467225526571e+08
8.129408086338795424e+08
8.431028400657826662e+08
8.742208197745614052e+08
9.063250605267153978e+08
9.394467333545613289e+08
9.736178923286283016e+08
1.008871499862737775e+09
1.045241452567769885e+09
1.082762607670109034e+09
1.121470810010885000e+09
1.161402919641993284e+09
1.202596840035180807e+09
1.245091546920190334e+09
1.288927117768326044e+09
1.334144761937591791e+09
1.380786851495790958e+09
1.428896952737921953e+09
1.478519858414309978e+09
1.529701620686034441e+09
1.582489584824210644e+09
1.636932423669810772e+09
1.693080172870833635e+09
1.750984266913630486e+09
1.810697575965470791e+09
1.872274443545267820e+09
1.935770725039830923e+09
2.001243827082805872e+09
2.068752747813826561e+09
2.138358118035366535e+09
2.210122243285014153e+09
2.284109146840882778e+09
2.360384613678217411e+09
2.439016235395173073e+09
2.520073456125984192e+09
2.603627619459868431e+09
2.689752016384222031e+09
2.778521934270593643e+09
2.870014706922331333e+09
2.964309765702799797e+09
3.061488691763241768e+09
3.161635269389440536e+09
3.264835540486715794e+09
3.371177860222645283e+09
3.481865343413165092e+09
3.594800102339556217e+09
3.711157398362151623e+09
3.831035445762190819e+09
3.954535068983293533e+09
4.081759765653647423e+09
4.212815770907743931e+09
4.347812123028549194e+09
4.486860730431312561e+09
4.630076440010327339e+09
4.777577106870079994e+09
4.929483665462572098e+09
5.085920202152908325e+09
5.247014029234910965e+09
5.412895760419637680e+09
5.583699387818987846e+09
5.759562360447505951e+09
5.940625664265343666e+09
6.127033903785717964e+09
6.318935385270540237e+09
6.516482201537911415e+09
6.719830318405762672e+09
6.929139662795935631e+09
