0.000000000000000000e+00
8.307208974052423239e+07
2.483783852842706442e+08
4.446730198197364807e+08
6.532261248001825809e+08
8.658452452646149397e+08
1.078397789647812366e+09
1.288606041965282440e+09
1.495147131714398146e+09
1.697233630451368570e+09
1.894397989990242004e+09
2.086320364494078159e+09
2.272915827999671459e+09
2.454135301994239807e+09
2.629988788971284866e+09
2.800527098804798126e+09
2.965829418644151688e+09
3.125994663232196808e+09
3.281135339589940071e+09
3.431373124818613052e+09
3.576835636036821365e+09
3.717654045511491776e+09
3.853961304970199585e+09
3.985890815453671455e+09
4.113575427282862186e+09
4.237146687450820923e+09
4.356734274361096382e+09
4.472465575699860573e+09
4.584465376521799088e+09
4.692855632774766922e+09
4.797755311434602737e+09
4.899280282811842918e+09
4.997543253867460251e+09
5.092653733842003822e+09
5.184718025377895355e+09
5.273839235751942635e+09
5.360117303945494652e+09
5.443649040143553734e+09
5.524528174931007385e+09
5.602845415987724304e+09
5.678688510507465363e+09
5.752142311903059959e+09
5.823288849630838394e+09
5.892207401185288429e+09
5.958974565491188049e+09
6.023664337063801765e+09
6.086348180424571037e+09
6.147095104355414391e+09
6.205971735653312683e+09
6.263042392111579895e+09
6.318386293319225311e+09
6.372045626392174721e+09
6.424078229850212097e+09
6.474539912944496155e+09
6.523484522264930725e+09
6.570964006785322189e+09
6.617028481301643372e+09
6.661726288233441353e+09
6.705104057770673752e+09
6.747206766358530045e+09
6.788077793521259308e+09
6.827758977033096313e+09
6.866290666450233459e+09
6.903711775022574425e+09
6.940059830007985115e+09
6.975371021414932251e+09
7.009680249202025414e+09
7.043021168965018272e+09
7.075426236143457413e+09
7.106926748780382156e+09
7.137552888869414330e+09
7.167333762324194908e+09
7.196297437605548859e+09
7.224470983041942596e+09
7.251880502878877640e+09
7.278551172092717171e+09
7.304507270004254341e+09
7.329772212727002144e+09
7.354368584484775543e+09
7.378318167832653046e+09
7.401641972814897537e+09
7.424360265092798233e+09
7.446492593074805260e+09
7.468057814080650330e+09
7.489074119570502281e+09
7.509559059469458580e+09
7.529529565617031097e+09
7.549001974370497704e+09
7.567992048390314102e+09
7.586514997635025024e+09
7.604585499592401505e+09
7.622217718772785187e+09
7.639425325489920616e+09
7.656221513953831673e+09
7.672619019699576378e+09
7.688630136375038147e+09
7.704266731910217285e+09
7.719540264089779854e+09
7.734461795550006866e+09
7.749038647723973274e+09
7.763284597582496643e+09
7.777209603377084732e+09
7.790823282968604088e+09
7.804134926235702515e+09
7.817153507021196365e+09
7.829887694633209229e+09
7.842345864917355537e+09
7.854536110915626526e+09
7.866466253127188683e+09
7.878143849385742188e+09
7.889576204367614746e+09
7.900770378744228363e+09
7.911733197992176056e+09
7.922471260873626709e+09
7.932990947599351883e+09
7.943298427686225891e+09
7.953399667520657539e+09
7.963300437638953209e+09
7.973006319735275269e+09
7.982522713407432556e+09
7.991854842650379181e+09
8.001007762106958389e+09
