0.000000000000000000e+00
3.316501686603937764e+06
6.463222859496885911e+06
9.429928088742829859e+06
1.221517166782617569e+07
1.482156028881887533e+07
1.725401518938515335e+07
1.951884392443304881e+07
2.162317090077413246e+07
2.357456318508964032e+07
2.538077568498490378e+07
2.706559480652121827e+07
2.860337598473675177e+07
3.001893182390303165e+07
3.131946670616384968e+07
3.251189547102101520e+07
3.360282149753594398e+07
3.459852559471958876e+07
3.550496280743851513e+07
3.632776497171156853e+07
3.707224738769447058e+07
3.774341837721180916e+07
3.834599079305695742e+07
3.888439477539879829e+07
3.936279122487432510e+07
3.978508559554561973e+07
4.015494171358477324e+07
4.047579540655383468e+07
4.075086778891319036e+07
4.098317809606092423e+07
4.117555599493939430e+07
4.133065332648734748e+07
4.145095525584920496e+07
4.153879082174777985e+07
4.159634288792201877e+07
4.162565750792552531e+07
4.162865272056768835e+07
4.160712679741041362e+07
4.156276596643532813e+07
4.149715163760720938e+07
4.141176715684480965e+07
4.130800411507175118e+07
4.118716823872701824e+07
4.105048488748382032e+07
4.089910418406287581e+07
4.073410580000223219e+07
4.055650342012049258e+07
4.036724890722827613e+07
4.016723618743818998e+07
3.995730487521913648e+07
3.974047699048606306e+07
3.951310715050882101e+07
3.927803765939062834e+07
3.903592294307459891e+07
3.878737790191087872e+07
3.853298031445173919e+07
3.827327308417104930e+07
3.800876634008451551e+07
3.773993940146251768e+07
3.746724261609268188e+07
3.719109908086670190e+07
3.691190625283182412e+07
3.663003745825224370e+07
3.634584330668235570e+07
3.605965301654072851e+07
3.577177565820492059e+07
3.548250132020871341e+07
3.519210220372100919e+07
3.490083365010878444e+07
3.460893510604357719e+07
3.431663103028793633e+07
3.402413174600382149e+07
3.373163424214997888e+07
3.343932292728359252e+07
3.314737033884444088e+07
3.285593781078666821e+07
3.256517610221884027e+07
3.227522598953144625e+07
3.198621882431543991e+07
3.169827705921946838e+07
3.141151474374476075e+07
3.112603799184019119e+07
3.084194542303510010e+07
3.055932857872828841e+07
3.027827231514545158e+07
2.999885517437437177e+07
2.972114973479597270e+07
2.944522294214017689e+07
2.917113642231813446e+07
2.889894677710464597e+07
2.862870586367696896e+07
2.836046105895110220e+07
2.809425550959672034e+07
2.783012836855547130e+07
2.756811501883673668e+07
2.730824728531472012e+07
2.705055363520713151e+07
2.679505936787316203e+07
2.654178679452879727e+07
2.628825647168955207e+07
2.603950576604856551e+07
2.579302754784542695e+07
2.554883376730942354e+07
2.530693415372353420e+07
2.506733634525889531e+07
2.483004601202233881e+07
2.459506697268180549e+07
2.436240130501383170e+07
2.413204945069726184e+07
2.390401031465886533e+07
2.367828135925867036e+07
2.345485869358670339e+07
2.323373715812818334e+07
2.301491040503768623e+07
2.279837097425244004e+07
2.258411036565900221e+07
2.237211910751805827e+07
2.216238682133956999e+07
2.195490228339038417e+07
2.174965348300656304e+07
2.154662767787311971e+07
2.134581144642549008e+07
