0.000000000000000000e+00
3.624767548292265320e+10
6.294710285728312683e+10
8.666900962823908997e+10
1.080212777914724121e+11
1.273001076798707275e+11
1.447261118162669678e+11
1.604851429171213989e+11
1.747402863804254456e+11
1.876369194977839966e+11
1.993055349706187744e+11
2.098587512553018494e+11
2.194028898926649780e+11
2.280392741105596924e+11
2.358543788915278931e+11
2.429263879041172485e+11
2.493260066158743286e+11
2.551171888114169617e+11
2.603577885143941040e+11
2.651001465337961731e+11
2.693916190962210999e+11
2.732750548228497314e+11
2.767892254295871582e+11
2.799692148476666260e+11
2.828467709116358643e+11
2.854506233024177856e+11
2.878067710409801636e+11
2.899387424877138672e+11
2.918678305036517944e+11
2.936133051649707642e+11
2.951926061865135498e+11
2.966215169993322754e+11
2.979143222382718506e+11
2.990839502257772827e+11
3.001421018852453003e+11
3.010993673794739380e+11
3.019653316455037231e+11
3.027486698849761963e+11
3.034572339678331299e+11
3.040981306156466675e+11
3.046777921481415405e+11
3.052020405016720581e+11
3.056761451607777100e+11
3.061048755827736816e+11
3.064925486399950562e+11
3.068430715542700195e+11
3.071599807529119873e+11
3.074464770345708008e+11
3.077054573962261963e+11
3.079395438390905151e+11
3.081531168787617188e+11
3.083445031782109985e+11
3.085174416843655396e+11
3.086736933122955933e+11
3.088148516821309204e+11
3.089423589774078369e+11
3.090575203004917603e+11
3.091615166677507324e+11
3.092554167735667725e+11
3.093401876399851074e+11
3.094167042576798096e+11
3.094857583138681030e+11
3.095480660937081299e+11
3.096042756334922485e+11
3.096549731965099487e+11
3.097006891357214355e+11
3.097419032012993774e+11
3.097790493455860596e+11
3.098125200730296021e+11
3.098426703781582031e+11
3.098698213105658569e+11
3.098942632021976929e+11
3.099162585888766479e+11
3.099360448549937134e+11
3.099538366275444336e+11
3.099698279432202759e+11
3.099841942100180664e+11
3.099970939828052979e+11
3.100086705704368286e+11
3.100190534903605957e+11
3.100283597851395264e+11
3.100366952139554443e+11
3.100441553309269409e+11
3.100508264609537354e+11
3.100567865827893677e+11
3.100621061281258545e+11
3.100668487046469727e+11
3.100710717502510376e+11
3.100748271249682617e+11
3.100781616464774170e+11
3.100811175745699463e+11
3.100837330494058838e+11
3.100860424879437256e+11
3.100880769425180054e+11
3.100898644251553955e+11
3.100914302008883057e+11
3.100927970530093384e+11
3.100939855229370117e+11
3.100950141271064453e+11
3.100952298936070557e+11
3.100959859666790771e+11
3.100966275706029663e+11
3.100971668908431396e+11
3.100976148986475830e+11
3.100979814692894897e+11
3.100982754889281616e+11
3.100985049511735229e+11
3.100986770443404541e+11
3.100987982302825928e+11
3.100988743156117554e+11
3.100989105160329590e+11
3.100989115144535522e+11
3.100988815134651489e+11
3.100988242827370605e+11
3.100987432018106689e+11
3.100986412987368774e+11
3.100985212849558105e+11
3.100983855867808838e+11
3.100982363738147583e+11
3.100980755845918579e+11
3.100979049497162476e+11
3.100977260127352295e+11
