0.000000000000000000e+00
6.087707387720879555e+09
1.350435981081666565e+10
2.121560505154453278e+10
2.892102657763182068e+10
3.650226203062160492e+10
4.390575440034279633e+10
5.110613733980010986e+10
5.809195950316955566e+10
6.485924401955344391e+10
7.140826528714851379e+10
7.773967111542814636e+10
8.385993601521113586e+10
8.977426513633238220e+10
9.548839270825724792e+10
1.010083423627787628e+11
1.063402698475103149e+11
1.114903581710487671e+11
1.164647470195774689e+11
1.212694850881295929e+11
1.259104980289826660e+11
1.303935672152915649e+11
1.347243160936075745e+11
1.389082019173296509e+11
1.429505113254199219e+11
1.468563586829831238e+11
1.506306864097724609e+11
1.542782667376986084e+11
1.578037044898840027e+11
1.612114405818381958e+11
1.645057560232575378e+11
1.676907762557321777e+11
1.707704757033942871e+11
1.737486824444929199e+11
1.766290829349906921e+11
1.794152267326492920e+11
1.821105311831977844e+11
1.847182860401490784e+11
1.872416579974333801e+11
1.896836951198362122e+11
1.920473311606904907e+11
1.943353897597008362e+11
1.965505885164140930e+11
1.986955429368745728e+11
2.007727702525559387e+11
2.027846931118487854e+11
2.047336431452846985e+11
2.066218644063586731e+11
2.084515166903179626e+11
2.102246787336572266e+11
2.119438865370424500e+11
2.136105117205015869e+11
2.152264086020465088e+11
2.167933620814027710e+11
2.183130902918656006e+11
2.197872471524808044e+11
2.212174248239155884e+11
2.226051560713389282e+11
2.239519165375700684e+11
2.252591269296861877e+11
2.265281551222015686e+11
2.277603181798494873e+11
2.289568843029114380e+11
2.301190746979510803e+11
2.312480653767210999e+11
2.323449888859221191e+11
2.334109359704047546e+11
2.344469571723173523e+11
2.354540643686172485e+11
2.364332322492776489e+11
2.373853997384401550e+11
2.383114713606832275e+11
2.392123185544973145e+11
2.400887809349824829e+11
2.409416675077101135e+11
2.417717578356190186e+11
2.425798031607470398e+11
2.433665274825327148e+11
2.441326285943565979e+11
2.448787790799295654e+11
2.456056272710757446e+11
2.463137981683988342e+11
2.470038943262649536e+11
2.476764967034809265e+11
2.483321654809955139e+11
2.489714408478996277e+11
2.495948437569540100e+11
2.502028766508265686e+11
2.507960241601755981e+11
2.513747537746722717e+11
2.519395164880148621e+11
2.524907474179454651e+11
2.530288664022429199e+11
2.535542785716270142e+11
2.540673749004741821e+11
2.545685327362099609e+11
2.550581163082101135e+11
2.555364772170103760e+11
2.560039549045944519e+11
2.564607731682135010e+11
2.569073555190198364e+11
2.573440074602863464e+11
2.577710240469720459e+11
2.581886902717857971e+11
2.585972814363639221e+11
2.589970635081445312e+11
2.593882934634996338e+11
2.597712196176632080e+11
2.601460819419737549e+11
2.605131123689279480e+11
2.608725350855246277e+11
2.612245668153572388e+11
2.615694170898975830e+11
2.619072885093937073e+11
2.622383769937904968e+11
2.625628720240636292e+11
2.628809568743439941e+11
2.631928088351926880e+11
2.634985994283747559e+11
2.637984946134647522e+11
2.640926549866041565e+11
2.643812359717186584e+11
