0.000000000000000000e+00
1.046098338754197699e+06
2.087459647201103158e+06
3.121350959374103229e+06
4.142456447146375664e+06
5.143637683088803664e+06
6.117725720454394817e+06
7.059479173700277694e+06
7.966603478688310832e+06
8.839453516826413572e+06
9.679995159937947989e+06
1.049877244425182417e+07
1.128218052739225700e+07
1.204082882745912857e+07
1.277681328668223135e+07
1.349200605288903974e+07
1.418810354684971459e+07
1.486666065851347148e+07
1.552910830859564431e+07
1.617675939775620215e+07
1.681080954369763285e+07
1.743233754264307395e+07
1.804230825076414272e+07
1.864157865173281729e+07
1.923090665282922611e+07
1.981096160628309846e+07
2.038233548028451204e+07
2.094555378552801907e+07
2.150108563480219990e+07
2.204935257934489474e+07
2.259073608305270970e+07
2.312558365253915265e+07
2.365421374165872112e+07
2.417691960374192521e+07
2.469397228488312662e+07
2.520562294774321467e+07
2.571210469635601342e+07
2.621363404543264955e+07
2.671041214792693034e+07
2.720262586583938077e+07
2.769044874368444458e+07
2.817404192289363965e+07
2.865355501900722459e+07
2.912912697158055753e+07
2.960088686872507632e+07
3.006895474338782951e+07
3.053344233610143140e+07
3.099445381830794737e+07
3.145208647088981420e+07
3.190643131375067681e+07
3.235307784505909309e+07
3.280112876349635050e+07
3.324613215037752688e+07
3.368815928003413975e+07
3.412727753713596612e+07
3.456355074831086397e+07
3.499703947365412861e+07
3.542780126238528639e+07
3.585589087695778161e+07
3.628136048981123418e+07
3.670425985671322048e+07
3.712463647031319886e+07
3.754253569714874774e+07
3.795800090093619376e+07
3.837107355456872284e+07
3.878179334284973890e+07
3.919019825761919469e+07
3.959632468659821153e+07
4.000020749698707461e+07
4.040188011459925771e+07
4.080137459910850972e+07
4.119872171581775695e+07
4.159395100422585011e+07
4.198709084357276559e+07
4.237816851546780765e+07
4.276721026366229355e+07
4.315424135099702328e+07
4.353928611354150623e+07
4.392236801193974167e+07
4.430350967998395860e+07
4.468273297044661641e+07
4.506005899821741879e+07
4.543550818080648780e+07
4.580910027629021555e+07
4.618085441879248619e+07
4.655078915160353482e+07
4.691892245805194229e+07
4.728527179025246948e+07
4.764985409585606307e+07
4.801268584293479472e+07
4.837378304313081503e+07
4.873316127320124954e+07
4.909083569508379698e+07
4.944682107460696250e+07
4.980113179895947874e+07
5.015378189302826673e+07
5.050478503470829874e+07
5.085415456927600503e+07
5.120190352291453630e+07
5.155149794897721708e+07
5.189602771343035251e+07
5.223897430507961661e+07
5.258034959191023558e+07
5.292016518027498573e+07
5.325843242470376939e+07
5.359516243726213276e+07
5.393036609649359435e+07
5.426405405597272515e+07
5.459623675249564648e+07
5.492692441392798722e+07
5.525612706673011929e+07
5.558385454317627102e+07
5.591011648828071356e+07
5.623492236644569039e+07
5.655828146784080565e+07
5.688020291452553123e+07
5.720069566632365435e+07
5.751976852645897865e+07
5.783743014696048200e+07
5.815368903384515643e+07
5.846855355208590627e+07
5.878203193037282676e+07
