0.000000000000000000e+00
4.126306704200127125e+08
7.644313678968615532e+08
1.086084682628853083e+09
1.391002331070833206e+09
1.683224545526102543e+09
1.964482892739436150e+09
2.235732265463692665e+09
2.497605700153788567e+09
2.750581125453863144e+09
2.995052208242722511e+09
3.231643357482511520e+09
3.460024397322359562e+09
3.680842545509718418e+09
3.894365639830735207e+09
4.100847065715841293e+09
4.300528050794606209e+09
4.493639234795612335e+09
4.680401791485819817e+09
4.861028264203485489e+09
5.035723212542268753e+09
5.204683730878535271e+09
5.368099877522606850e+09
5.526155039878686905e+09
5.679026252600402832e+09
5.826884480344263077e+09
5.969894873198055267e+09
6.108217000509634018e+09
6.242005067245562553e+09
6.371408115908128738e+09
6.496570216268666267e+09
6.617630644627810478e+09
6.734724053919764519e+09
6.847980635690814972e+09
6.957526274770895958e+09
7.063482697299333572e+09
7.165967612646853447e+09
7.265094849685186386e+09
7.360974487785660744e+09
7.453712982873547554e+09
7.543413288822008133e+09
7.630174974435123444e+09
7.714094336242047310e+09
7.795264507301685333e+09
7.873775562198988914e+09
7.949714618398369789e+09
8.023165934106966019e+09
8.094211002789302826e+09
8.162928644465515137e+09
8.229395093917050362e+09
8.293626059782589912e+09
8.355829627582910538e+09
8.415995355673170090e+09
8.474189984278613091e+09
8.530478066167930603e+09
8.584922038575823784e+09
8.637582292734712601e+09
8.688517241098648071e+09
8.737783382338771820e+09
8.785435364186782837e+09
8.831526044199708939e+09
8.876106548516561508e+09
8.919226328674823761e+09
8.960933216552068710e+09
9.001273477495859146e+09
9.040291861702545166e+09
9.078031653903619766e+09
9.114534721416118622e+09
9.149841560611570358e+09
9.183991341856145859e+09
9.217021952972816467e+09
9.248970041274572372e+09
9.279871054216079712e+09
9.309759278709556580e+09
9.338667879149082184e+09
9.366628934186025620e+09
9.393673472296890259e+09
9.419831506183469772e+09
9.445132066043857574e+09
9.469603231751501083e+09
9.493272163978427887e+09
9.516165134297355652e+09
9.538307554296335220e+09
9.559724003738498688e+09
9.580438257798343658e+09
9.600473313404884338e+09
9.619851414721179962e+09
9.638594077788511276e+09
9.656722114362806320e+09
9.674255654969781876e+09
9.691214171204555511e+09
9.707616497300485611e+09
9.723480850991336823e+09
9.738824853689889908e+09
9.753665550005552292e+09
9.768019426622612000e+09
9.781902430560110092e+09
9.795329986833721161e+09
9.808317015539173126e+09
9.820857318382274628e+09
9.833002062207557678e+09
9.844748304551332474e+09
9.856109101400854111e+09
9.867097081349517822e+09
9.877724459582612991e+09
9.888003051405258179e+09
9.897944285327491760e+09
9.907559215721122742e+09
9.916858535062284470e+09
9.925852585773357391e+09
9.934551371677307129e+09
9.942964569077228546e+09
9.951101537473268509e+09
9.958971329928913116e+09
9.966582703098075867e+09
9.973944126924066544e+09
9.981063794021255493e+09
9.987949628749778748e+09
9.994609295993337631e+09
1.000105020964984512e+10
1.000727954084426498e+10
1.001330422587282753e+10
