0.000000000000000000e+00
2.744314497309707105e+07
1.777769476979851425e+08
3.274625140189356208e+08
4.294540058983057141e+08
4.974798384123752713e+08
5.441456918882219791e+08
5.770900733052955866e+08
6.008678489611278772e+08
6.182898567892687321e+08
6.311613462889575958e+08
6.407666452629443407e+08
6.477490415200146437e+08
6.528027869358640909e+08
6.563515441981978416e+08
6.587091693121272326e+08
6.601125053940453529e+08
6.607432110116713047e+08
6.607426410661239624e+08
6.602222103283737898e+08
6.592707504677026272e+08
6.579598236570222378e+08
6.563476206819949150e+08
6.544818614673302174e+08
6.524019814145727158e+08
6.501407990340270996e+08
6.477258018450806141e+08
6.451801479163910151e+08
6.425234531902611256e+08
6.397724157471801043e+08
6.369413147468777895e+08
6.340424121797678471e+08
6.310862786122399569e+08
6.280820590241611004e+08
6.250376910789709091e+08
6.219600853632135391e+08
6.188552750222918987e+08
6.157285406178014278e+08
6.125845148068555593e+08
6.094272704998215437e+08
6.062603954203169346e+08
6.030870554190191031e+08
5.999100484429348707e+08
5.967318507059273720e+08
5.935546563232682943e+08
5.903804114466730356e+08
5.872108437542802095e+08
5.840474880030730963e+08
5.808917082319334745e+08
5.777447171062310934e+08
5.746389119775232077e+08
5.715125003925175667e+08
5.683977579377166033e+08
5.652954420584326982e+08
5.622062249049286842e+08
5.591307022388323545e+08
5.560694013159561157e+08
5.530227878763123751e+08
5.499912723536806107e+08
5.469752154014476538e+08
5.439749328182115555e+08
5.409906999453793764e+08
5.380227555994353294e+08
5.350713055932962894e+08
5.321365258942054510e+08
5.292185654595621228e+08
5.263175487868879437e+08
5.234335782096595168e+08
5.205667359668664932e+08
5.177170860707865953e+08
5.148846759945639372e+08
5.120695381986401677e+08
5.092716915128808022e+08
5.064911423892930746e+08
5.037278860385705829e+08
5.009819074621905684e+08
4.982531823905177712e+08
4.955416781362034678e+08
4.928473543711739779e+08
4.901701638346217275e+08
4.875100529786034822e+08
4.848669625571939945e+08
4.822408281644866467e+08
4.796315807262228727e+08
4.770391469493257999e+08
4.744634497331981063e+08
4.719044085462428927e+08
4.693619397707384825e+08
4.668359570188897252e+08
4.643263714225993752e+08
4.618330918992666006e+08
4.593560253956887722e+08
4.568950771119720936e+08
4.544501507071329951e+08
4.520211484879762530e+08
4.496079715826353431e+08
4.472105201000697017e+08
4.448286932766796947e+08
4.424623896111030579e+08
4.400880756913648248e+08
4.377526641606922150e+08
4.354324670158287287e+08
4.331273809455559850e+08
4.308373024294897318e+08
4.285621278194928169e+08
4.263017534145160913e+08
4.240560755293828249e+08
4.218249905579823852e+08
4.196083950313079357e+08
4.174061856707385778e+08
4.152182594369246364e+08
4.130445135746167302e+08
4.108848456537406445e+08
4.087391536070102453e+08
4.066073357643244863e+08
4.044892908842082024e+08
4.023849181824970841e+08
4.002941173584891558e+08
3.982167886187385321e+08
3.961528326986715198e+08
3.941021508821796775e+08
3.920646450193845034e+08
