0.000000000000000000e+00
1.357064360928487206e+10
2.418071822095191193e+10
3.410287574686084366e+10
4.360268793030341339e+10
5.275185832993833923e+10
6.158211486713471222e+10
7.011264436933477783e+10
7.835758453223007202e+10
8.632863607594537354e+10
9.403613577607890320e+10
1.014957694552601471e+11
1.087015545093161926e+11
1.156705828096437988e+11
1.224108472710132904e+11
1.289300052598100586e+11
1.352354141472152710e+11
1.413341567293338318e+11
1.472330603929034119e+11
1.529387122683862305e+11
1.584574717133381042e+11
1.637954809566429138e+11
1.689586744325263062e+11
1.739527871503532715e+11
1.787833623323711548e+11
1.834557584789743958e+11
1.879751559737466736e+11
1.923465633090250244e+11
1.965748229913107300e+11
2.006646171709989014e+11
2.046204730303824158e+11
2.084467679562974854e+11
2.121477345181877136e+11
2.157274652681693420e+11
2.191899173764781799e+11
2.225389171131983643e+11
2.257781641852239990e+11
2.289112359358647461e+11
2.319415914132769165e+11
2.348725753129257812e+11
2.377074217985010376e+11
2.404492582050984497e+11
2.431011086279903564e+11
2.456658973999411926e+11
2.481464524597441406e+11
2.505455086144445190e+11
2.528657106975778809e+11
2.551096166256508789e+11
2.572797003550401917e+11
2.593783547414588623e+11
2.614056319958409119e+11
2.633689535080276489e+11
2.652675435146065063e+11
2.671034978840449219e+11
2.688788442721804810e+11
2.705955444437752686e+11
2.722554965121644897e+11
2.738605370993356323e+11
2.754124434187919922e+11
2.769129352835677490e+11
2.783636770417637939e+11
2.797662794419729004e+11
2.811223014309507446e+11
2.824332518858688965e+11
2.837005912834631958e+11
2.849257333083574219e+11
2.861100464028023682e+11
2.872548552600294189e+11
2.883614422633673096e+11
2.894310488732174072e+11
2.904648769639290771e+11
2.914640901125538940e+11
2.924298148414011230e+11
2.933631418162472534e+11
2.942651270019946289e+11
2.951367927775047607e+11
2.959791290112687988e+11
2.967930940995128174e+11
2.975796159682685547e+11
2.983395930408817749e+11
2.990738951723616943e+11
2.997833645519196167e+11
3.004688165749800415e+11
3.011310406858945312e+11
3.017708011925289917e+11
3.023888380538425293e+11
3.029858676415231323e+11
3.035625834766955566e+11
3.041196569426702271e+11
3.046577379746523438e+11
3.051774557272902222e+11
3.056794192208985596e+11
3.061642179671509399e+11
3.066324225750017090e+11
3.070845853375562744e+11
3.075212408005811768e+11
3.079429063133052979e+11
3.083500825621405640e+11
3.087432540879168091e+11
3.091223855536840820e+11
3.094888105851266479e+11
3.098425968972191162e+11
3.101841691704127197e+11
3.105139383018494263e+11
3.108323018346368408e+11
3.111396443741282349e+11
3.114363379916240234e+11
3.117227426158925171e+11
3.119992064128937378e+11
3.122660661540722656e+11
3.125236475735736084e+11
3.127722657147213745e+11
3.130122252660847168e+11
3.132438208874475098e+11
3.134673375259844971e+11
3.136830507229350586e+11
3.138912269110585938e+11
3.140921237031405029e+11
3.142859901718150024e+11
3.144730671209572754e+11
3.146535873488901367e+11
3.148277759036458130e+11
