0.000000000000000000e+00
1.430665175530985463e+06
2.850551783429803327e+06
4.258129794898853637e+06
5.652798344422443770e+06
7.034246348669274710e+06
8.402307863839155063e+06
9.756904050234166905e+06
1.109801365144473501e+07
1.242565573414988071e+07
1.373987863390314393e+07
1.505099153346636891e+07
1.633847046463655494e+07
1.761278652829978615e+07
1.887404798874248564e+07
2.012237017000218853e+07
2.135787366140420735e+07
2.258068290328844264e+07
2.379092506403008103e+07
2.498872914365421236e+07
2.617422525587720796e+07
2.734754405203022808e+07
2.850881625869730487e+07
2.965817230706520379e+07
3.079574203660925105e+07
3.192165445926307142e+07
3.303603757294454053e+07
3.413901821544019878e+07
3.523072195133370906e+07
3.631127298600524664e+07
3.738079410180532932e+07
3.843940661237907410e+07
3.948723033182270080e+07
4.052438355593404919e+07
4.155098305329192430e+07
4.256714406428996474e+07
4.357298030657201260e+07
4.456860398558368534e+07
4.555412580917461216e+07
4.652965500537038594e+07
4.749529934258528799e+07
4.845116515167478472e+07
4.939735734933192283e+07
5.033397946242129803e+07
5.126113365291666240e+07
5.217892074317144603e+07
5.308744024130091071e+07
5.398679036649936438e+07
5.487706807414987683e+07
5.575836908061492443e+07
5.662875511617013067e+07
5.749247246556036174e+07
5.834749215441106260e+07
5.919390519319582731e+07
6.003180146989221871e+07
6.086126977162782103e+07
6.168239780571790040e+07
6.249527222009380162e+07
6.329997862312534451e+07
6.409660160284424573e+07
6.488522474558003247e+07
6.566593065402036905e+07
6.643880096471133083e+07
6.720391636501382291e+07
6.796135660953229666e+07
6.871120053603440523e+07
6.945352608087980747e+07
7.018841029397481680e+07
7.091592935327264667e+07
7.163615857883609831e+07
7.234917244648081064e+07
7.305504460101599991e+07
7.375384786909927428e+07
7.444565427172228694e+07
7.513053503634232283e+07
7.580856060867524147e+07
7.647980066416423023e+07
7.714432411913815141e+07
7.780219914167317748e+07
7.845349316217014194e+07
7.909827288365986943e+07
7.973660429184827209e+07
8.036855266491207480e+07
8.099418258305583894e+07
8.161355793784052134e+07
8.222674194129267335e+07
8.283379713480348885e+07
8.343478539782696962e+07
8.402976795638436079e+07
8.461880539138323069e+07
8.520195764675863087e+07
8.577928403744320571e+07
8.635084325717274845e+07
8.691669338613370061e+07
8.747689189845865965e+07
8.803149566957524419e+07
8.858056098341426253e+07
8.912414353948163986e+07
8.966229845979937911e+07
9.019481500355267525e+07
9.072222482222729921e+07
9.124436950536167622e+07
9.176130192651107907e+07
9.227307441470262408e+07
9.277973876067833602e+07
9.328134622303473949e+07
9.377794753426256776e+07
9.426959290668958426e+07
9.475633203832955658e+07
9.523821411863991618e+07
9.571528783419112861e+07
9.618760137424954772e+07
9.665520243627767265e+07
9.711813823135226965e+07
9.757645548950372636e+07
9.803020046497857571e+07
9.847941894142696261e+07
9.892415623701694608e+07
9.936445720947787166e+07
9.980036626107379794e+07
1.002319273435099721e+08
1.006591839627723098e+08
