0.000000000000000000e+00
2.744314497309707105e+06
2.052200926710822061e+07
5.326826066900178790e+07
9.621366125883236527e+07
1.459616451000698805e+08
2.003762142888920903e+08
2.580852216194216311e+08
3.181720065155344009e+08
3.800009921944612861e+08
4.431171268233570457e+08
5.071937913496514559e+08
5.719686955016529560e+08
6.372489741952394247e+08
7.028841286150591373e+08
7.687550455462718010e+08
8.347662960856764317e+08
9.008406171868435144e+08
9.669148812934559584e+08
1.032937102326293230e+09
1.098864177373063564e+09
1.164660159738765717e+09
1.230294921806965351e+09
1.295743107953698397e+09
1.360983306095155716e+09
1.425997385998558521e+09
1.490769966183066607e+09
1.555287980974705696e+09
1.619540326293731928e+09
1.683517567868450165e+09
1.747211699343137741e+09
1.810615940561114550e+09
1.873724568422338486e+09
1.936532774324754715e+09
1.999036543432651997e+09
2.061232551968973160e+09
2.123118079471202612e+09
2.184690933532982826e+09
2.245949385013668060e+09
2.306892112063650131e+09
2.367518151605681896e+09
2.427826857147583961e+09
2.487817861991877556e+09
2.547491047062470436e+09
2.606846512694797516e+09
2.665884553839464664e+09
2.724605638214892864e+09
2.783010387015200138e+09
2.841099557838393688e+09
2.898874029549016953e+09
2.956337920746768951e+09
3.013489170786020756e+09
3.070328946579792500e+09
3.126858490785635948e+09
3.183079113276128769e+09
3.238992183500011921e+09
3.294599123631607533e+09
3.349901402419239044e+09
3.404900529654606819e+09
3.459598051194751740e+09
3.513995544476573467e+09
3.568094614471111298e+09
3.621896890031054974e+09
3.675404020590384960e+09
3.728617673179805279e+09
3.781539529725761414e+09
3.834171284604450226e+09
3.886514642425415993e+09
3.938571316022102356e+09
3.990343024629180908e+09
4.041831492228637218e+09
4.093038446048501015e+09
4.143965615199789047e+09
4.194614729438717842e+09
4.244987518042575359e+09
4.295085708788794518e+09
4.344911027027846336e+09
4.394465194841465950e+09
4.443749930278583527e+09
4.492766946662046432e+09
4.541517951959906578e+09
4.590004648215626717e+09
4.638228731032075882e+09
4.686191889104697227e+09
4.733895803799630165e+09
4.781342148772950172e+09
4.828532589627573967e+09
4.875468783604647636e+09
4.922152379306536674e+09
4.968585016448797226e+09
5.014768325638724327e+09
5.060703928178293228e+09
5.106393435889490128e+09
5.151838450960203171e+09
5.197040565809000969e+09
5.242001362967264175e+09
5.286722414977271080e+09
5.331205284304939270e+09
5.375451523266049385e+09
5.419460330835186005e+09
5.463235597251255035e+09
5.506778843952838898e+09
5.550091582047393799e+09
5.593175312290343285e+09
5.636031525072292328e+09
5.678661700413743973e+09
5.721067307966682434e+09
5.763249807022480011e+09
5.805210646525611877e+09
5.846951265092685699e+09
5.888473091036377907e+09
5.929777542393839836e+09
5.970866026959213257e+09
6.011739942319914818e+09
6.052400675896347046e+09
6.092849604984767914e+09
6.133088096803017616e+09
6.173117508538866997e+09
6.212939187400740623e+09
6.252554470670607567e+09
6.291964685758825302e+09
6.331171150260764122e+09
