0.000000000000000000e+00
1.041077618269902021e+08
1.988045297256827652e+08
2.770204753831216097e+08
3.422922906375244260e+08
3.987789954984429479e+08
4.492013220570883751e+08
4.952815991405990124e+08
5.381468975395426750e+08
5.785641835493528843e+08
6.170740467530381680e+08
6.544324767370486259e+08
6.901942551029917002e+08
7.249583275828543901e+08
7.588968785086799860e+08
7.921455444362332821e+08
8.248126408049314022e+08
8.569857002600969076e+08
8.887362010549840927e+08
9.201230489273238182e+08
9.511951828479675055e+08
9.819935536313465834e+08
1.012552646178305626e+09
1.042901664624857545e+09
1.073065465090950370e+09
1.103065297083276272e+09
1.132919398177024126e+09
1.162643475010121584e+09
1.192251095330811501e+09
1.221754009830339670e+09
1.251162418085903406e+09
1.280485189671835423e+09
1.309730049049497604e+09
1.338903730995306969e+09
1.368012111913685083e+09
1.397060321294620991e+09
1.426052836732267380e+09
1.454993565262037992e+09
1.483885913255035162e+09
1.512732846697895527e+09
1.541536943358613491e+09
1.570300438076258898e+09
1.599025262200871468e+09
1.627713078037948370e+09
1.656365309012218952e+09
1.684983166150732517e+09
1.713567671391159534e+09
1.742119678143306017e+09
1.770639889467261076e+09
1.799128874177906513e+09
1.827302650215777159e+09
1.855730724052642584e+09
1.884128605472432137e+09
1.912496455203586817e+09
1.940834357121711493e+09
1.969142326346184015e+09
1.997420316498432398e+09
2.025668226217501640e+09
2.053885905016432285e+09
2.082073158552560568e+09
2.110229753375807285e+09
2.138355421211280107e+09
2.166449862825846672e+09
2.194512751522300720e+09
2.222543736299911499e+09
2.250542444715537548e+09
2.278508485475582600e+09
2.306441450785942554e+09
2.334340918483729839e+09
2.362206453972299576e+09
2.390037611978568554e+09
2.417833938149717331e+09
2.445594970504508018e+09
2.473320240752953053e+09
2.501009275496445179e+09
2.528661597319550037e+09
2.556276725783295155e+09
2.583854178328800201e+09
2.611393471099459171e+09
2.638894119688850403e+09
2.666355639820868492e+09
2.693777547968153954e+09
2.721159361914111614e+09
2.748500601263412952e+09
2.775800787905366421e+09
2.803059446434279442e+09
2.830276104530260086e+09
2.857450293304011822e+09
2.884581547608464241e+09
2.911669406320054531e+09
2.938713412592225552e+09
2.965713114083317280e+09
2.992668063161031246e+09
3.019577817085415363e+09
3.046441938171888351e+09
3.073259993936354637e+09
3.100031557223304272e+09
3.126756206318756580e+09
3.153433525048978329e+09
3.180329156178152561e+09
3.206910104751701355e+09
3.233442504517096996e+09
3.259925962262302876e+09
3.286360090634058952e+09
3.312744508172594547e+09
3.339078839338316917e+09
3.365362714531377792e+09
3.391595770104509830e+09
3.417777648369694233e+09
3.443907997599266529e+09
3.469986472021782398e+09
3.496012731813154221e+09
3.521986443083404541e+09
3.547907277859414101e+09
3.573774914063990593e+09
3.599589035491603851e+09
3.625349331780977249e+09
3.651055498384894371e+09
3.676707236537469387e+09
3.702304253218986988e+09
3.727846261118680954e+09
3.753332978595538139e+09
