0.000000000000000000e+00
3.405536827435989380e+08
6.719725676219933033e+08
9.930371147814463377e+08
1.303462893928264141e+09
1.603287476858944416e+09
1.892707207745969772e+09
2.172002680797794342e+09
2.441498008817014217e+09
2.701536855826920509e+09
2.952467961028741837e+09
3.195687139391278744e+09
3.429346613534493923e+09
3.654907531459149361e+09
3.872681311936994553e+09
4.082965779045072556e+09
4.286045209207942963e+09
4.482190707607862473e+09
4.671660768261303902e+09
4.854701924513688087e+09
5.031549431283142090e+09
5.202427943124164581e+09
5.367552167050605774e+09
5.527127478687261581e+09
5.681350496466527939e+09
5.830409612425916672e+09
5.974485480480787277e+09
6.113751464371757507e+09
6.248374048169775009e+09
6.378513212499196053e+09
6.504322779665651321e+09
6.625950730753751755e+09
6.743539497556406021e+09
6.857226231955416679e+09
6.967143055119221687e+09
7.073417288634115219e+09
7.176171669449371338e+09
7.275524550299671173e+09
7.371590087071563721e+09
7.464478414404949188e+09
7.554295810664833069e+09
7.641144853281463623e+09
7.725124565336879730e+09
7.806330554170877457e+09
7.884855142688069344e+09
7.960787493968076706e+09
8.034213729711818695e+09
8.105217042996644974e+09
8.173877805761009216e+09
8.240273671393638611e+09
8.304722010018228531e+09
8.366831475993512154e+09
8.426892964062249184e+09
8.484974215544720650e+09
8.541140702544380188e+09
8.595455707178676605e+09
8.647980397671745300e+09
8.698773901477174759e+09
8.747893375585035324e+09
8.795394074155128479e+09
8.841329413607383728e+09
8.885751035290920258e+09
8.928708865844032288e+09
8.970251175350248337e+09
9.010424633388010025e+09
9.049274363065608978e+09
9.086843993127111435e+09
9.123175708209976196e+09
9.158310297330120087e+09
9.192287200666322708e+09
9.225144554711416245e+09
9.256919235854545593e+09
9.287646902455181122e+09
9.317362035466751099e+09
9.346097977664642334e+09
9.373886971531009674e+09
9.400760195846136093e+09
9.426747801033979416e+09
9.451878943307342529e+09
9.476181817656120300e+09
9.499683689720249176e+09
9.522410926587158203e+09
9.544389026551979065e+09
9.565642647877088547e+09
9.586195636586177826e+09
9.606071053326623917e+09
9.625291199332530975e+09
9.643877641519779205e+09
9.661851236742904663e+09
9.679232155242755890e+09
9.696039903312763214e+09
9.712293345210397720e+09
9.728010724339736938e+09
9.743209683729875565e+09
9.757907285833106995e+09
9.772120031665924072e+09
9.785863879315078735e+09
9.799154261830139160e+09
9.812006104523157120e+09
9.824262587762472153e+09
9.836276146346162796e+09
9.847893191872613907e+09
9.859126776161472321e+09
9.869989521718610764e+09
9.880493635869308472e+09
9.890650924424551010e+09
9.900472804896038055e+09
9.909970319274988174e+09
9.919154146389146805e+09
9.928034613852161407e+09
9.936621709618787766e+09
9.944925093159027100e+09
9.952954106263908386e+09
9.960717783495052338e+09
9.968224862289871216e+09
9.975483792733818054e+09
9.982502747010709763e+09
9.989289628541757584e+09
9.995852080823640823e+09
1.000219749597555923e+10
1.000833302300489044e+10
1.001426557580073166e+10
