2.592026577250706731e-01
2.696602020035241964e-01
2.798252523516575052e-01
2.897264726744576135e-01
2.993881865494751326e-01
3.088312439303850798e-01
3.180736773610420287e-01
3.271312069881714968e-01
3.360176348828971538e-01
3.447451569482751776e-01
3.533246125308370789e-01
3.617656862963800068e-01
3.700770730720544521e-01
3.782666136321700678e-01
3.863414074507875995e-01
3.943079070222279547e-01
4.021719973024861505e-01
4.099390630427008353e-01
4.176140461949928717e-01
4.252014951244374452e-01
4.327056070095761098e-01
4.401302645511236400e-01
4.474790678944913225e-01
4.547553625072491834e-01
4.619622636206178745e-01
4.691026777385918778e-01
4.761793216333413126e-01
4.831947391767067446e-01
4.901513163015023822e-01
4.970512943403622153e-01
5.038967819520154823e-01
5.106897658135221008e-01
5.174321202309452028e-01
5.241256157991646125e-01
5.307719272232750418e-01
5.373726403986320843e-01
5.439292588336078760e-01
5.504432094880853388e-01
5.569158480913201092e-01
5.633484639947743400e-01
5.697422846086451775e-01
5.760984794648873475e-01
5.824181639444322434e-01
5.887024027018901151e-01
5.949522128171848001e-01
6.011685667002574229e-01
6.073523947720570471e-01
6.135045879425056192e-01
6.196259999039080979e-01
6.257174492563112311e-01
6.317797214796176952e-01
6.378135707657279774e-01
6.438197217226560021e-01
6.497988709613783387e-01
6.557516885752072699e-01
6.616788195198973765e-01
6.675808849039085446e-01
6.734584831939305349e-01
6.793121913438643356e-01
6.851425658524858964e-01
6.909501437553299263e-01
6.967354435557182590e-01
7.024989660994289675e-01
7.082411953971208263e-01
7.139625993982656738e-01
7.196636307200426907e-01
7.253447273343466284e-01
7.310063132158153287e-01
7.366487989535430714e-01
7.422725823289311187e-01
7.478780488619375388e-01
7.534655723278110839e-01
7.590355152462328059e-01
7.645882293446418787e-01
7.701240559973890898e-01
7.756433266422436690e-01
7.811463631756572212e-01
7.866334783280971577e-01
7.921049760206601009e-01
7.975611517040926968e-01
8.030022926812703243e-01
8.084286784141028193e-01
8.138405808157822552e-01
8.192382645292117793e-01
8.246219871924100886e-01
8.299919996916245157e-01
8.353485464028389540e-01
8.406918654223256571e-01
8.460221887868329960e-01
8.513397426839794946e-01
8.566447476533767258e-01
8.619374187789757835e-01
8.672179658730988505e-01
8.724865936525940668e-01
8.777435019075168210e-01
8.829888856627231553e-01
8.882229353327363297e-01
8.934458368703334097e-01
8.986577719084626326e-01
9.038589178976860206e-01
9.090494482367236229e-01
9.142295323985522026e-01
9.193993360513600388e-01
9.245590211747706233e-01
9.297087461715570766e-01
9.348486659750603334e-01
9.399789321525097163e-01
9.450996930044356370e-01
9.502110936603535007e-01
9.553132761708882370e-01
9.604063795964984385e-01
9.654905400929530979e-01
9.705658909937041612e-01
9.756325628892925650e-01
9.806906837039154334e-01
9.857403787692781139e-01
9.907817708958471803e-01
9.958149804416173145e-01
1.000840125378488432e+00
1.005857321356371514e+00
1.010866681765108854e+00
