1.012421029810080642e+00
1.068996382730466044e+00
1.125300971127692673e+00
1.181392851280023359e+00
1.237319477667416123e+00
1.293119905853611806e+00
1.348826455659942081e+00
1.404465987481832601e+00
1.460060895932234537e+00
1.515629893367631320e+00
1.571188634806655049e+00
1.626750221449086986e+00
1.682325610097038959e+00
1.737923948799909635e+00
1.793552854048328760e+00
1.849218641214247949e+00
1.904926517264739161e+00
1.960680742788652342e+00
2.016484768877319311e+00
2.072341353260102270e+00
2.128252659218735410e+00
2.184220340124087834e+00
2.240245611906367174e+00
2.296329315349709521e+00
2.352471969767628401e+00
2.408673819348623457e+00
2.464934873244998492e+00
2.521254940303025549e+00
2.577633659189439541e+00
2.634070524551822334e+00
2.690564909753422551e+00
2.747116086642423127e+00
2.803723242748553002e+00
2.860385496243685211e+00
2.917101908955701095e+00
2.973871497684974941e+00
3.030693244038862311e+00
3.087566102970790816e+00
3.144489010185865574e+00
3.201460888553839812e+00
3.258480653652160441e+00
3.315547218546197161e+00
3.372659497900279302e+00
3.429816411501517504e+00
3.487016887268231446e+00
3.544259863806046518e+00
3.601544292567045780e+00
3.658869139660660963e+00
3.716233387359190399e+00
3.773636035335646177e+00
3.831076101667254985e+00
3.888552623633886096e+00
3.946064658337305797e+00
4.003611283164110191e+00
4.061191596112453617e+00
4.118804716000389554e+00
4.176449782571552305e+00
4.234125956511998190e+00
4.291832419390525288e+00
4.349568373533225341e+00
4.407333041841840604e+00
4.465125667564334044e+00
4.522945514025032310e+00
4.580791864321067663e+00
4.638664020990587389e+00
4.696561305658026875e+00
4.754483058660787798e+00
4.812428638661232050e+00
4.870397422247441988e+00
4.928388803525682427e+00
4.986402193707218267e+00
5.044437020691737494e+00
5.102492728649357545e+00
5.160568777602918544e+00
5.218664643012030702e+00
5.276779815360172599e+00
5.334913799745872431e+00
5.393066115478928779e+00
5.451236295682429400e+00
5.509423886901226197e+00
5.567628448717388601e+00
5.625849553373079459e+00
5.684086785401217590e+00
5.742339741264164132e+00
5.800608029000693833e+00
5.858891267881350728e+00
5.917189088072322356e+00
5.975501130307800501e+00
6.033827045571056757e+00
6.092166494783914032e+00
6.150519148504811184e+00
6.208884686635260053e+00
6.267262798134654034e+00
6.325653180743288750e+00
6.384055540713482912e+00
6.442469592548662582e+00
6.500895058750232103e+00
6.559331669572105561e+00
6.617779162782730928e+00
6.676237283434397263e+00
6.734705783639709509e+00
6.793184422354998198e+00
6.851672965170529928e+00
6.910171184107312570e+00
6.968678857420322892e+00
7.027195769407990511e+00
7.085721710227733006e+00
7.144256475717386756e+00
7.202799867222374530e+00
7.261351691428403754e+00
7.319911760199540041e+00
7.378479890421517418e+00
7.437055903850080085e+00
7.495639626964237578e+00
7.554230890824247702e+00
7.612829530934189570e+00
7.671435387108997084e+00
7.730048303345758320e+00
7.788668127699210686e+00
7.847294712161235530e+00
7.905927912544250979e+00
