2.440539433846995010e+00
2.623054952062658263e+00
2.805622205255303925e+00
2.988230594430614229e+00
3.170872090972119750e+00
3.353540526514982467e+00
3.536231100600751631e+00
3.718940033339924955e+00
3.901664316438986813e+00
4.084401532105501609e+00
4.267149719540005215e+00
4.449907275280175156e+00
4.632672877954483681e+00
4.815445430858541265e+00
4.998224017697198818e+00
5.181007868158261864e+00
5.363796330902732556e+00
5.546588852202853914e+00
5.729384958919303550e+00
5.912184244839957969e+00
6.094986359643265850e+00
6.277790999926017967e+00
6.460597901866102610e+00
6.643406835188756077e+00
6.826217598178407897e+00
7.009030013534235160e+00
7.191843924910308772e+00
7.374659194014166808e+00
7.557475698163197642e+00
7.740293328218157853e+00
7.923111986828773823e+00
8.105931586938734057e+00
8.288752050507193658e+00
8.471573307411649267e+00
8.654395294503421709e+00
8.837217954791992014e+00
9.020041236738400414e+00
9.202865093641488414e+00
9.385689483103181630e+00
9.568514366561489126e+00
9.751339708881548773e+00
9.934165477996645066e+00
1.011699164459227873e+01
1.029981818182762332e+01
1.048264506508922800e+01
1.066547227177292001e+01
1.084829978109017112e+01
1.103112757389591536e+01
1.121395563253509309e+01
1.139678394070567258e+01
1.157961248333611515e+01
1.176244124647560518e+01
1.194527021719554405e+01
1.212809938350097028e+01
1.231092873425081713e+01
1.249375825908603233e+01
1.267658794836461134e+01
1.285941779310285504e+01
1.304224778492219627e+01
1.322507791600091664e+01
1.340790817903034338e+01
1.359073856717500917e+01
1.377356907403632036e+01
1.395639969361951671e+01
1.413923042030345556e+01
1.432206124881303388e+01
1.450489217419391430e+01
1.468772319178941466e+01
1.487055429721932853e+01
1.505338548636041018e+01
1.523621675532855413e+01
1.541904810046230700e+01
1.560187951830773656e+01
1.578471100560448903e+01
1.596754255927289456e+01
1.615037417640209583e+01
1.633320585423907900e+01
1.651603759017848816e+01
1.669886938175322300e+01
1.688170122662577199e+01
1.706453312258007671e+01
1.724736506751407106e+01
1.743019705943270381e+01
1.761302909644145132e+01
1.779586117674033119e+01
1.797869329861829968e+01
1.816152546044799720e+01
1.834435766068090246e+01
1.852718989784280623e+01
1.871002217052954109e+01
1.889285447740306978e+01
1.907568681718773007e+01
1.925851918866684542e+01
1.944135159067940322e+01
1.962418402211708468e+01
1.980701648192141207e+01
1.998984896908106279e+01
2.017268148262937899e+01
2.035551402164203694e+01
2.053834658523482304e+01
2.072117917256156616e+01
2.090401178281220851e+01
2.108684441521094044e+01
2.126967706901449873e+01
2.145250974351054651e+01
2.163534243801612789e+01
2.181817515187622902e+01
2.200100788446242817e+01
2.218384063517158822e+01
2.236667340342466304e+01
2.254950618866556056e+01
2.273233899036003791e+01
2.291517180799467468e+01
2.309800464107595985e+01
2.328083748912929707e+01
2.346367035169818749e+01
2.364650322834340201e+01
2.382933611864220325e+01
2.401216902218759586e+01
2.419500193858763737e+01
2.437783486746478445e+01
