2.347665439970365031e-01
2.441518093334964223e-01
2.532684537024992855e-01
2.621427117079301317e-01
2.707968475147956022e-01
2.792499475204173187e-01
2.875185205386103227e-01
2.956169597104569280e-01
3.035579031851380893e-01
3.113525194287530273e-01
3.190107355584078097e-01
3.265414220167733861e-01
3.339525433742841498e-01
3.412512825546180073e-01
3.484441439918967709e-01
3.555370399277275606e-01
3.625353630976472230e-01
3.694440483414270227e-01
3.762676251322073506e-01
3.830102626082632078e-01
3.896758083748025903e-01
3.962678220975668908e-01
4.027896047176965921e-01
4.092442239657830827e-01
4.156345367312606620e-01
4.219632087505652551e-01
4.282327319931563125e-01
4.344454400685850981e-01
4.406035219219383570e-01
4.467090340445723506e-01
4.527639113921607117e-01
4.587699771734008447e-01
4.647289516488914418e-01
4.706424600597719499e-01
4.765120397890105775e-01
4.823391468441580732e-01
4.881251617384881336e-01
4.938713948373485429e-01
4.995790912279532425e-01
5.052494351634984060e-01
5.108835541261904645e-01
5.164825225483564708e-01
5.220473652261388153e-01
5.275790604562381469e-01
5.330785429226654326e-01
5.385467063574106428e-01
5.439844059962930523e-01
5.493924608489184624e-01
5.547716557996551501e-01
5.601227435547334599e-01
5.654464464490221998e-01
5.707434581246310090e-01
5.760144450922773940e-01
5.812600481852622236e-01
5.864808839149410202e-01
5.916775457357182910e-01
5.968506052268353068e-01
6.020006131975373931e-01
6.071281007216010606e-01
6.122335801066597361e-01
6.173175458032731378e-01
6.223804752582586808e-01
6.274228297163945145e-01
6.324450549742647310e-01
6.374475820896851053e-01
6.424308280498672863e-01
6.473951964012127913e-01
6.523410778433923474e-01
6.572688507902544330e-01
6.621788818991999337e-01
6.670715265726717691e-01
6.719471294314727228e-01
6.768060247633995719e-01
6.816485369480917988e-01
6.864749808597346847e-01
6.912856622490061165e-01
6.960808781055586314e-01
7.008609170022352952e-01
7.056260594221311910e-01
7.103765780695318055e-01
7.151127381656875448e-01
7.198347977303201084e-01
7.245430078496905013e-01
7.292376129320014000e-01
7.339188509508620673e-01
7.385869536774860578e-01
7.432421469022523208e-01
7.478846506462180077e-01
7.525146793631387609e-01
7.571324421325018594e-01
7.617381428440658242e-01
7.663319803743504632e-01
7.709141487555067895e-01
7.754848373369613856e-01
7.800442309402106922e-01
7.845925100071164948e-01
7.891298507420319019e-01
7.936564252480670101e-01
7.981724016577909087e-01
8.026779442586370328e-01
8.071732136132823143e-01
8.116583666752318349e-01
8.161335568998501211e-01
8.205989343510502465e-01
8.250546458038475750e-01
8.295008348429745437e-01
8.339376419577336774e-01
8.383652046332720209e-01
8.427836574384276469e-01
8.471931321103177703e-01
8.515937576358034722e-01
8.559856603299778044e-01
8.603689639118051735e-01
8.647437895770383465e-01
8.691102560685336487e-01
8.734684797440722681e-01
8.778185746417984658e-01
8.821606525433756119e-01
8.864948230349559699e-01
8.908211935660527159e-01
8.951398695065193589e-01
