8.683658707903671795e-03
9.004327009443268554e-03
9.314053126792440351e-03
9.613891762442776726e-03
9.904738342760305986e-03
1.018736078690089461e-02
1.046242356517445432e-02
1.073050621778665059e-02
1.099211781965642003e-02
1.124770841320939588e-02
1.149767818305953183e-02
1.174238485274800049e-02
1.198214973922244117e-02
1.221726273814585824e-02
1.244798646440430090e-02
1.267455971645702235e-02
1.289720039478290704e-02
1.311610797601387400e-02
1.333146562273876401e-02
1.354344199247759818e-02
1.375219279664727061e-02
1.395786215049942859e-02
1.416058374729251522e-02
1.436048188388880202e-02
1.455767236012627842e-02
1.475226327044874483e-02
1.494435570316276704e-02
1.513404436016223265e-02
1.532141810790560096e-02
1.550656046874418145e-02
1.568955006030664859e-02
1.587046098950092160e-02
1.604936320673152478e-02
1.622632282513861157e-02
1.640140240898473392e-02
1.657466123476328962e-02
1.674615552811079336e-02
1.691593867921496394e-02
1.708406143905190008e-02
1.725057209850040449e-02
1.741551665212337507e-02
1.757893894819195085e-02
1.774088082633756835e-02
1.790138224405719847e-02
1.806048139315637874e-02
1.821821480708835789e-02
1.837461746004893232e-02
1.852972286005652100e-02
1.868356312761262558e-02
1.883616908394461498e-02
1.898757031720967395e-02
1.913779525206223825e-02
1.928687121271781615e-02
1.943482448168867491e-02
1.958168035454890821e-02
1.972746319105123450e-02
1.987219646289244482e-02
2.001590279838670258e-02
2.015860402429087844e-02
2.030032120500117540e-02
2.044107467931827876e-02
2.058088409496446405e-02
2.071976844101728124e-02
2.085774607841284559e-02
2.099483476865564302e-02
2.113105170086339302e-02
2.126641351726251544e-02
2.140093633724318017e-02
2.153463578006930418e-02
2.166752698633632110e-02
2.179962463825993110e-02
2.193094297887238434e-02
2.206149583019670693e-02
2.219129661046548643e-02
2.232035835044564320e-02
2.244869370892326951e-02
2.257631498740181666e-02
2.270323414406191440e-02
2.282946280702864705e-02
2.295501228698579657e-02
2.307989358917637845e-02
2.320411742482840489e-02
2.332769422203416140e-02
2.345063413611961356e-02
2.357294705952848665e-02
2.369464263125322517e-02
2.381573024583199041e-02
2.393621906194267485e-02
2.405611801060975746e-02
2.417543580304824108e-02
2.429418093816382643e-02
2.441236170972872419e-02
2.452998621324391920e-02
2.464706235251551414e-02
2.476359784594728969e-02
2.487960023257457590e-02
2.499507687784489549e-02
2.511003497916364235e-02
2.522448157121187640e-02
2.533842353105193040e-02
2.545186758302668897e-02
2.556482030346657677e-02
2.567728812520986628e-02
2.578927734194945767e-02
2.590079411240915619e-02
2.601184446436190234e-02
2.612243429849548521e-02
2.623256939213143915e-02
2.634225540280607514e-02
2.645149787171951691e-02
2.656030222705694360e-02
2.666867378719019882e-02
2.677661776376141431e-02
2.688413926465974338e-02
2.699124329688811982e-02
2.709793476933299375e-02
2.720421849543359569e-02
2.731009919576122408e-02
2.741558150050770609e-02
2.752066995188941559e-02
2.762536900647048071e-02
