7.605536504913160689e-01
7.979025843077051094e-01
8.347427738495543093e-01
8.711374294501327276e-01
9.071398068293760053e-01
9.427952141820514775e-01
9.781425292417299522e-01
1.013215364841610011e+00
1.048042977507348761e+00
1.082650984993453136e+00
1.117061939601386333e+00
1.151295791138493785e+00
1.185370264375798843e+00
1.219301169512437832e+00
1.253102659604412805e+00
1.286787445607075142e+00
1.320366977246268725e+00
1.353851596116817824e+00
1.387250666039537617e+00
1.420572684666211005e+00
1.453825379521273886e+00
1.487015791047987978e+00
1.520150344741184378e+00
1.553234914065946715e+00
1.586274875557661446e+00
1.619275157255976705e+00
1.652240281429741664e+00
1.685174402391786064e+00
1.718081340073597030e+00
1.750964609924492210e+00
1.783827449613134553e+00
1.816672842937477217e+00
1.849503541289625019e+00
1.882322082972369692e+00
1.915130810622458490e+00
1.947931886960609926e+00
1.980727309058649688e+00
2.013518921289032093e+00
2.046308427100662630e+00
2.079097399746685504e+00
2.111887292074272615e+00
2.144679445473060220e+00
2.177475098067294113e+00
2.210275392226745073e+00
2.243081381462827206e+00
2.275894036768795203e+00
2.308714252456357752e+00
2.341542851535319603e+00
2.374380590677846570e+00
2.407228164804544601e+00
2.440086211325700472e+00
2.472955314067585952e+00
2.505836006910741709e+00
2.538728777164489969e+00
2.571634068699536702e+00
2.604552284858467015e+00
2.637483791162011482e+00
2.670428917827344595e+00
2.703387962113157350e+00
2.736361190504907448e+00
2.769348840752483998e+00
2.802351123771416930e+00
2.835368225417811416e+00
2.868400308146318078e+00
2.901447512559661046e+00
2.934509958857531853e+00
2.967587748192025199e+00
3.000680963936205092e+00
3.033789672871861853e+00
3.066913926302036408e+00
3.100053761093474858e+00
3.133209200653732651e+00
3.166380255847351943e+00
3.199566925855134247e+00
3.232769198980271153e+00
3.265987053404824980e+00
3.299220457899759928e+00
3.332469372491521753e+00
3.365733749087945981e+00
3.399013532066068599e+00
3.432308658824239966e+00
3.465619060300779708e+00
3.498944661461242944e+00
3.532285381756238962e+00
3.565641135551619989e+00
3.599011832532705846e+00
3.632397378084143647e+00
3.665797673646850274e+00
3.699212617053426744e+00
3.732642102843335863e+00
3.766086022559031576e+00
3.799544265024175527e+00
3.833016716605002649e+00
3.866503261455812801e+00
3.900003781749532994e+00
3.933518157894198897e+00
3.967046268736198034e+00
4.000587991751027417e+00
4.034143203222278373e+00
4.067711778409552892e+00
4.101293591705917230e+00
4.134888516785519386e+00
4.168496426741898020e+00
4.202117194217567686e+00
4.235750691525314693e+00
4.269396790761725846e+00
4.303055363913360409e+00
4.336726282955997824e+00
4.370409419947351992e+00
4.404104647113618931e+00
4.437811836930193543e+00
4.471530862196929412e+00
4.505261596108191213e+00
4.539003912318038125e+00
4.572757685000808259e+00
4.606522788907330579e+00
4.640299099417067197e+00
4.674086492586368102e+00
4.707884845193087031e+00
4.741694034777756528e+00
4.775513939681517606e+00
