7.439730440666225686e-01
7.802974163279465802e-01
8.161117844441253544e-01
8.514786698692430322e-01
8.864507752963338705e-01
9.210729634514699393e-01
9.553837528675758195e-01
9.894164671562490909e-01
1.023200130953596076e+00
1.056760177506417930e+00
1.090119014067281622e+00
1.123296478476308202e+00
1.156310211434829816e+00
1.189175962717373913e+00
1.221907845082833566e+00
1.254518546385681166e+00
1.287019507986120193e+00
1.319421075769839691e+00
1.351732628738129494e+00
1.383962689102791632e+00
1.416119017030605942e+00
1.448208692569838085e+00
1.480238186812347978e+00
1.512213423967440074e+00
1.544139835723867149e+00
1.576022409036869520e+00
1.607865728284317619e+00
1.639674012580017548e+00
1.671451148905158446e+00
1.703200721614889446e+00
1.734926038791406055e+00
1.766630155844160610e+00
1.798315896699007599e+00
1.829985872869023256e+00
1.861642500658617472e+00
1.893288016717961986e+00
1.924924492135524634e+00
1.956553845231727262e+00
1.988177853195665756e+00
2.019798162688827503e+00
2.051416299524348563e+00
2.083033677517078797e+00
2.114651606588348720e+00
2.146271300199457777e+00
2.177893882179340768e+00
2.209520393004478667e+00
2.241151795582632111e+00
2.272788980586319063e+00
2.304432771377040279e+00
2.336083928556887734e+00
2.367743154180382170e+00
2.399411095655993975e+00
2.431088349363855095e+00
2.462775464013544191e+00
2.494472943763450523e+00
2.526181251121224935e+00
2.557900809642904782e+00
2.589632006446722645e+00
2.621375194556081034e+00
2.653130695084916724e+00
2.684898799277445125e+00
2.716679770413267025e+00
2.748473845587825259e+00
2.780281237377381753e+00
2.812102135396876257e+00
2.843936707758360605e+00
2.875785102437037555e+00
2.907647448551406999e+00
2.939523857563449027e+00
2.971414424404351884e+00
3.003319228530822116e+00
3.035238334916660730e+00
3.067171794983894806e+00
3.099119647477482697e+00
3.131081919287233006e+00
3.163058626220403458e+00
3.195049773728111830e+00
3.227055357588514806e+00
3.259075364549476994e+00
3.291109772933272559e+00
3.323158553205673993e+00
3.355221668511632060e+00
3.387299075179579511e+00
3.419390723196279236e+00
3.451496556654000791e+00
3.483616514171664846e+00
3.515750529291527648e+00
3.547898530852844345e+00
3.580060443343878962e+00
3.612236187233518248e+00
3.644425679283686215e+00
3.676628832843664263e+00
3.708845558127379149e+00
3.741075762474609157e+00
3.773319350597055699e+00
3.805576224810123698e+00
3.837846285251230949e+00
3.870129430085392119e+00
3.902425555698822102e+00
3.934734556881198220e+00
3.967056326997234539e+00
3.999390758148154035e+00
4.031737741323629720e+00
4.064097166544716977e+00
4.096468922998263373e+00
4.128852899163293344e+00
4.161248982929775408e+00
4.193657061710220901e+00
4.226077022544482809e+00
4.258508752198141067e+00
4.290952137254818943e+00
4.323407064202769767e+00
4.355873419516013811e+00
4.388351089730385013e+00
4.420839961514698047e+00
4.453339921737332396e+00
4.485850857528495439e+00
4.518372656338367932e+00
4.550905205991369940e+00
4.583448394736780784e+00
4.616002111295857802e+00
