1.077461192700323922e+00
1.136064716164858490e+00
1.194286569227423378e+00
1.252195479769808717e+00
1.309848243729256456e+00
1.367292173670356492e+00
1.424566947976916520e+00
1.481706030464782442e+00
1.538737776173326299e+00
1.595686303959340524e+00
1.652572193130820599e+00
1.709413045460645764e+00
1.766223942906539390e+00
1.823017823601508214e+00
1.879805793122279800e+00
1.936597384008273526e+00
1.993400773534901749e+00
2.050222967534331975e+00
2.107069956392104704e+00
2.163946848081257368e+00
2.220857982122406593e+00
2.277807027603758971e+00
2.334797067805090887e+00
2.391830673504799165e+00
2.448909966679982286e+00
2.506036676014257836e+00
2.563212185390383091e+00
2.620437576352126374e+00
2.677713665362976947e+00
2.735041036560516670e+00
2.792420070599322290e+00
2.849850970087355329e+00
2.907333782047668791e+00
2.964868417776080456e+00
3.022454670414028044e+00
3.080092230512467388e+00
3.137780699825903685e+00
3.195519603544381138e+00
3.253308401144600293e+00
3.311146496018440022e+00
3.369033244017545226e+00
3.426967961035690902e+00
3.484949929735984053e+00
3.542978405517286156e+00
3.601052621803173981e+00
3.659171794727142935e+00
3.717335127279346896e+00
3.775541812972797118e+00
3.833791039080489238e+00
3.892081989489227567e+00
3.950413847210926477e+00
4.008785796587718941e+00
4.067197025223335594e+00
4.125646725669710690e+00
4.184134096894728039e+00
4.242658345554296773e+00
4.301218687089498616e+00
4.359814346667403306e+00
4.418444559982243725e+00
4.477108573931858793e+00
4.535805647182892919e+00
4.594535050636705975e+00
4.653296067806901526e+00
4.712087995118119821e+00
4.770910142134868970e+00
4.829761831728224486e+00
4.888642400187432457e+00
4.947551197282794355e+00
5.006487586285471636e+00
5.065450943949387330e+00
5.124440660459784525e+00
5.183456139352579761e+00
5.242496797408243481e+00
5.301562064523510642e+00
5.360651383563938666e+00
5.419764210199980781e+00
5.478900012728977309e+00
5.538058271885235584e+00
5.597238480640118752e+00
5.656440143993862080e+00
5.715662778760671081e+00
5.774905913348474584e+00
5.834169087534569975e+00
5.893451852238206889e+00
5.952753769291161845e+00
6.012074411207079194e+00
6.071413360950407068e+00
6.130770211705553585e+00
6.190144566646878843e+00
6.249536038710053809e+00
6.308944250365211559e+00
6.368368833392307415e+00
6.427809428659021940e+00
6.487265685901518530e+00
6.546737263508278559e+00
6.606223828307264512e+00
6.665725055356565676e+00
6.725240627738679144e+00
6.784770236358575346e+00
6.844313579745594289e+00
6.903870363859296866e+00
6.963440301899307627e+00
7.023023114119179233e+00
7.082618527644311435e+00
7.142226276293929921e+00
7.201846100407136575e+00
7.261477746672981404e+00
7.321120967964572124e+00
7.380775523177171671e+00
7.440441177070232115e+00
7.500117700113366759e+00
7.559804868336127193e+00
7.619502463181615504e+00
7.679210271363843709e+00
7.738928084728741830e+00
7.798655700118799494e+00
7.858392919241245167e+00
7.918139548539713246e+00
7.977895399069296900e+00
8.037660286374959995e+00
8.097434030373193536e+00
