R[kpc] Vrot[km/s] e_Vrot[km/s] Sigma_gas[Msun/kpc2] e_Sigma_gas[Msun/kpc2] Sigma_SFR[Msun/yr/kpc2] e_Sigma_SFR[Msun/yr/kpc2]
2.068213220856665313e-01 4.962899999999999778e+01 1.718499999999999917e+00 1.187628672794117406e+07 3.622765299704542849e+06 1.033987229119514607e-02 6.342516536682570646e-04
6.204639662569995107e-01 6.464623872800468973e+01 1.169239484734882595e+00 1.363673298827614635e+07 4.028041301517187152e+06 9.571169380927805823e-03 1.759938201914361270e-03
1.034106610428332296e+00 7.644819967700196628e+01 2.273586305185709922e+00 1.111805027928791195e+07 2.797709614833561704e+06 9.110930464350764160e-03 3.206747053607792060e-03
1.447749254599665525e+00 8.498282640770614194e+01 6.684730011730366517e-01 1.076975311308320984e+07 2.913508514930975158e+06 8.810284106417074629e-03 3.362101506502861940e-03
1.861391898770998310e+00 9.166344189355397987e+01 1.781023665384722010e+00 8.883392157604282722e+06 2.817707865416654851e+06 5.376912887087872961e-03 9.176496625132546337e-04
2.275034542942332205e+00 9.529622227632455633e+01 1.805962411605023243e+00 8.068310248526042327e+06 2.850811125259305350e+06 3.859811326053297527e-03 5.599821984669255039e-04
2.688677187113664324e+00 9.795792276925314468e+01 1.355851273442739924e+00 8.341293712830243632e+06 2.587502763520258944e+06 3.423518361392669657e-03 4.430556235537678436e-04
3.102319831284997331e+00 1.052353099969541006e+02 1.520669958653863674e+00 7.536000000000000931e+06 3.005912158808933105e+06 3.508179280175806759e-03 6.250725830525998613e-04
3.515962475456330338e+00 1.108094943250504087e+02 1.740480059421238179e+00 8.215000000000000000e+06 2.397212741751990747e+06 4.279015687713251526e-03 1.548263892239400011e-03
3.929605119627663345e+00 1.162248303101012965e+02 2.065190009369543223e+00 7.482000000000000000e+06 2.238848969394128304e+06 3.078717592406705634e-03 9.435541456689433646e-04
4.343247763798996353e+00 1.199158684023682753e+02 1.890820776319473095e+00 6.917999999999999069e+06 2.258777582714382559e+06 1.609381011030825781e-03 3.658434248289452705e-04
4.756890407970329804e+00 1.230351735596216969e+02 2.426358112734533723e+00 6.477000000000000000e+06 2.330294087959625293e+06 1.077566253210409091e-03 2.084970710360715626e-04
5.170533052141662367e+00 1.249947882010864504e+02 2.074397582415614227e+00 5.851000000000000000e+06 2.559673205741627142e+06 8.845591838105667419e-04 2.741059593250255244e-04
5.584175696312997594e+00 1.258370937895777075e+02 2.152703777713835809e+00 5.383999999999999069e+06 2.362622077922077850e+06 7.967147719617026936e-04 4.417442363735344518e-04
5.997818340484327493e+00 1.260579030271667733e+02 1.455306276188258474e+00 5.166000000000000000e+06 2.167592411924119107e+06 5.853044993783622623e-04 1.913577524394006264e-04
6.411460984655661832e+00 1.264085430087298079e+02 6.265799836428223024e-01 4.867000000000000000e+06 1.990629022988505894e+06 5.099969319636176888e-04 8.813799617276127818e-05
6.825103628826993507e+00 1.256240861070446329e+02 2.024846183782154529e+00 4.784000000000000000e+06 1.682770955165692139e+06 3.962611907147700597e-04 5.847129503661031917e-05
7.238746272998329623e+00 1.259677891736990887e+02 1.410876606866006799e+00 4.547000000000000000e+06 1.521802277857582550e+06 3.279586811014137057e-04 5.084790030015562330e-05
7.652388917169660409e+00 1.263953682525328759e+02 5.622539006385824933e-01 4.215000000000000000e+06 1.410522586359610083e+06 2.399944705769276238e-04 4.677681701106510542e-05
8.066031561340993861e+00 1.274510136460870484e+02 1.322442328129320499e+00 3.893999999999999534e+06 1.329923879165667575e+06 1.557519549232064065e-04 2.338786095997465761e-05
8.479674205512326424e+00 1.276298591371659512e+02 5.665953225360484957e-01 3.760000000000000000e+06 1.208624021860638401e+06 1.184614859901447233e-04 1.169338293442943201e-05
8.893316849683657210e+00 1.265278217341769249e+02 1.955203855881186392e+00 3.578999999999999534e+06 1.338612587959343102e+06 1.183342742625719451e-04 4.135154230202084624e-05
9.306959493854991550e+00 1.266739854844807240e+02 4.921437330641900143e-01 3.380000000000000000e+06 1.496930146045742789e+06 1.096049220404732587e-04 5.871820034801426369e-05
9.720602138026325889e+00 1.269397443688768163e+02 1.147369571365385976e+00 3.097000000000000000e+06 1.266665664461815963e+06 9.737568222111214452e-05 5.064346668477426983e-05
1.013424478219766023e+01 1.277874512562459159e+02 1.441463685908483505e+00 2.807000000000000000e+06 1.067320304736667546e+06 8.623787551276122841e-05 3.808319668529839999e-05
1.054788742636899279e+01 1.294765398927624176e+02 1.594958295967205508e+00 2.550000000000000000e+06 9.574340929808567744e+05 7.120856472094639700e-05 2.797582451053189017e-05
1.096153007054032358e+01 1.302401327871806984e+02 4.448070622531815066e-01 2.281000000000000000e+06 9.801812080536915455e+05 6.413776315411887790e-05 2.314729824380958303e-05
1.137517271471165969e+01 1.311057371664142295e+02 4.585039632602916915e-01 1.999000000000000000e+06 9.668168557536465814e+05 5.400327091695142730e-05 1.919333238100680945e-05
1.178881535888299048e+01 1.328712119303049519e+02 4.679957630661554790e-01 1.829000000000000000e+06 9.272291350531105418e+05 4.730337871331905051e-05 1.932826732119304942e-05
1.220245800305432304e+01 1.339485887132670427e+02 1.520120787965531406e+00 1.757000000000000000e+06 9.698632298790109344e+05 4.679478821097940878e-05 2.060532684749899344e-05
1.261610064722565383e+01 1.340001614245358326e+02 5.904163245747242605e-01 1.609000000000000000e+06 1.046939038351459894e+06 4.303568541807353912e-05 1.701766357218485745e-05
1.302974329139698995e+01 1.346635882741246348e+02 2.301438131684411914e+00 1.415000000000000000e+06 9.777763371150728781e+05 5.241441846515311682e-05 2.307605263235660016e-05
1.344338593556832251e+01 1.349006484703615456e+02 2.036395285437299751e+00 1.259000000000000233e+06 8.318237659963436890e+05 4.775448694346099397e-05 1.897429259487273001e-05
1.385702857973965330e+01 1.347879258583565445e+02 2.331461168831986619e+00 1.073000000000000000e+06 6.856156491831470048e+05 4.242353718540838948e-05 1.543451760784601080e-05
1.427067122391098764e+01 1.337148529118830993e+02 1.769446706642680667e+00 9.198000000000000000e+05 6.451292353823088342e+05 3.509315743839922240e-05 1.047138754663345502e-05
1.468431386808232375e+01 1.332377905432964553e+02 2.967011211832816020e+00 8.256000000000000000e+05 6.722486501687287819e+05 0.000000000000000000e+00 0.000000000000000000e+00
1.509795651225365454e+01 1.339199280820078570e+02 2.723525850464231457e+00 7.878000000000000000e+05 7.161831129807693651e+05 0.000000000000000000e+00 0.000000000000000000e+00
1.551159915642498710e+01 1.347861605522233504e+02 2.294415851003546614e+00 7.553000000000000000e+05 7.108602316602314822e+05 0.000000000000000000e+00 0.000000000000000000e+00
1.592524180059632144e+01 1.353839048230835544e+02 2.809554082144925413e+00 7.110000000000000000e+05 6.296278085991677362e+05 0.000000000000000000e+00 0.000000000000000000e+00
1.633888444476765400e+01 1.343342940642837675e+02 2.753016088198208422e+00 6.240000000000000000e+05 5.174768871595329838e+05 0.000000000000000000e+00 0.000000000000000000e+00
1.675252708893898657e+01 1.353448439951842204e+02 2.699561112902811644e+00 5.695000000000000000e+05 4.504643847487000749e+05 0.000000000000000000e+00 0.000000000000000000e+00
1.716616973311031913e+01 1.344068871525198006e+02 2.905585869292948153e+00 5.338000000000000000e+05 3.699160309777346556e+05 0.000000000000000000e+00 0.000000000000000000e+00
1.757981237728165524e+01 1.342070899498746428e+02 2.858021806030218492e+00 4.811000000000000000e+05 3.299345689655172173e+05 0.000000000000000000e+00 0.000000000000000000e+00
1.799345502145298425e+01 1.347013483952155184e+02 2.896449319627874441e+00 4.222000000000000000e+05 2.655802412901637144e+05 0.000000000000000000e+00 0.000000000000000000e+00
1.840709766562432037e+01 1.346930196159646869e+02 3.259706643205923626e+00 3.530000000000000000e+05 1.934630872483220592e+05 0.000000000000000000e+00 0.000000000000000000e+00
1.882074030979565293e+01 1.335237356841140013e+02 3.993039097046520158e+00 3.064000000000000000e+05 1.688202328074742982e+05 0.000000000000000000e+00 0.000000000000000000e+00
