nan
9.798447992985974686e-01
9.644712685984171419e-01
9.477293991324226008e-01
9.302134184999797384e-01
9.123099648625904168e-01
8.942866492124702527e-01
8.763342001192556685e-01
8.585901735265774049e-01
8.411537798569330704e-01
8.240958355513391398e-01
8.074657753438680974e-01
7.912967649787209234e-01
7.756095204897945905e-01
7.604152113223439091e-01
7.457176948280884732e-01
7.315152515569206537e-01
7.178019413072876942e-01
7.045686672086803881e-01
6.918040127146131146e-01
6.794949005730674951e-01
6.676271113958454073e-01
6.561856909904748569e-01
6.451552692613159445e-01
6.345203086415482918e-01
6.242652962826351626e-01
6.143748913211923846e-01
6.048340362635943324e-01
5.956280397293343132e-01
5.867426363662976430e-01
5.781640286129842154e-01
5.698789140721747248e-01
5.618745015296997547e-01
5.541385180639608610e-01
5.466592092176032480e-01
5.394253338196467462e-01
5.324261547364010916e-01
5.256514265784353324e-01
5.190913811873252293e-01
5.127367115608123527e-01
5.065785547410398548e-01
5.006084740818540491e-01
4.948184412229986173e-01
4.892008180275644325e-01
4.837483386812104214e-01
4.784540921048558992e-01
4.733115047948232013e-01
4.683143241739731177e-01
4.634566025129955302e-01
4.587326814615274029e-01
4.541371772132213880e-01
4.496649663166615296e-01
4.453111721343631091e-01
4.410711519446484652e-01
4.369404846754460503e-01
4.329149592547305025e-01
4.289905635591644284e-01
4.251634739402170293e-01
4.214300453055169760e-01
4.177868017322530769e-01
4.142304275889626686e-01
4.107577591419313556e-01
4.073657766225942112e-01
4.040515967327474312e-01
4.008124655649001333e-01
3.976457519158071996e-01
3.945489409719682983e-01
3.915196283467254346e-01
3.885555144494340918e-01
3.856543991680857486e-01
3.828141768476190920e-01
3.800328315470782314e-01
3.773084325596046673e-01
3.746391301801172968e-01
3.720231517063578575e-01
3.694587976597505374e-01
3.669444382133149607e-01
3.644785098145761904e-01
3.620595119921201088e-01
3.596860043351049474e-01
3.573566036356642939e-01
3.550699811847352061e-01
3.528248602124019473e-01
3.506200134643952526e-01
3.484542609068586039e-01
3.463264675519921454e-01
3.442355413976345702e-01
3.421804314742277753e-01
3.401601259930405186e-01
3.381736505898818579e-01
3.362200666588835984e-01
3.342984697712584330e-01
3.324079881742481035e-01
3.305477813657626274e-01
3.287170387404916849e-01
3.269149783034991374e-01
3.251408454475777643e-01
3.233939117908412042e-01
3.216734740712552942e-01
3.199788530949954635e-01
3.183093927357090736e-01
3.166644589819251898e-01
3.150434390300282939e-01
3.134457404203512820e-01
3.118707902140895327e-01
3.103180342088834309e-01
3.087869361910142163e-01
3.072769772223064577e-01
3.057876549599213289e-01
3.043184830073344949e-01
3.028689902948824009e-01
3.014387204883724469e-01
3.000272314243077054e-01
2.986340945703844785e-01
2.972588945099859381e-01
2.959012284494528799e-01
2.945607057470139845e-01
2.932369474622780747e-01
2.919295859252830083e-01
2.906382643241431363e-01
2.893626363103667942e-01
2.881023656210125461e-01
