nan
9.772850777096829811e-01
9.600506590232159576e-01
9.413614484709131869e-01
9.218934736627388826e-01
9.020827605372531144e-01
8.822271980207088138e-01
8.625354657440538197e-01
8.431547836309445376e-01
8.241883631177101543e-01
8.057071503199385587e-01
7.877580967552219038e-01
7.703701694802106426e-01
7.535588143864163646e-01
7.373293213735792051e-01
7.216793883936453158e-01
7.066010890446137171e-01
6.920823893068992483e-01
6.781083195731829605e-01
6.646618808695303748e-01
6.517247447966618701e-01
6.392777926373863773e-01
6.273015286467461538e-01
6.157763947024665896e-01
6.046830075307028096e-01
5.940023351428208587e-01
5.837158255744622215e-01
5.738054982570508500e-01
5.642540061898119186e-01
5.550446753800380995e-01
5.461615266773601762e-01
5.375892840656060212e-01
5.293133726330339073e-01
5.213199087717499403e-01
5.135956846236983120e-01
5.061281483654129776e-01
4.989053815845231332e-01
4.919160747303099046e-01
4.851495014045140719e-01
4.785954920862002249e-01
4.722444077469770685e-01
4.660871137033845701e-01
4.601149539661411603e-01
4.543197262768876588e-01
4.486936579683438175e-01
4.432293827407554065e-01
4.379199184136640666e-01
4.327586456856920005e-01
4.277392879146564852e-01
4.228558919146682693e-01
4.181028097551034439e-01
4.134746815375512918e-01
4.089664191204636645e-01
4.045731907568241859e-01
4.002904066071876210e-01
3.961137050886909816e-01
3.920389400198103225e-01
3.880621685204838078e-01
3.841796396276613845e-01
3.803877835871260493e-01
3.766832017835731183e-01
3.730626572722380296e-01
3.695230658768388632e-01
3.660614878201783884e-01
3.626751198553173072e-01
3.593612878669016353e-01
3.561174399138304913e-01
3.529411396860236416e-01
3.498300603496268812e-01
3.467819787564849210e-01
3.437947699951392488e-01
3.408664022620166434e-01
3.379949320327661488e-01
3.351784995149576507e-01
3.324153243645486255e-01
3.297037016496247031e-01
3.270419980459885467e-01
3.244286482501523849e-01
3.218621515962251656e-01
3.193410688640561657e-01
3.168640192668217281e-01
3.144296776069908095e-01
3.120367715903582528e-01
3.096840792884562044e-01
3.073704267403279955e-01
3.050946856852072564e-01
3.028557714181954741e-01
3.006526407615550123e-01
2.984842901446933539e-01
2.963497537863733489e-01
2.942481019730927572e-01
2.921784394279646757e-01
2.901399037647955370e-01
2.881316640223822167e-01
2.861529192743907379e-01
2.842028973104347989e-01
2.822808533842835477e-01
2.803860690253617283e-01
2.785178509099445199e-01
2.766755297886939191e-01
2.748584594673482151e-01
2.730660158376287394e-01
2.712975959555536387e-01
2.695526171645588609e-01
2.678305162609580514e-01
2.661307486994404781e-01
2.644527878364368867e-01
2.627961242093041494e-01
2.611602648494179557e-01
2.595447326273669364e-01
2.579490656285443606e-01
2.563728165575401285e-01
2.548155521698272086e-01
2.532768527293189353e-01
2.517563114904676214e-01
2.502535342036313337e-01
2.487681386425307506e-01
2.472997541526671672e-01
2.458480212196488268e-01
2.444125910564193538e-01
2.429931252084539528e-01
2.415892951760227891e-01
