nan
9.684272798503585911e-01
9.449025974000719863e-01
9.197484609980247638e-01
8.939185150790122103e-01
8.680053917133677688e-01
8.423932891420128355e-01
8.173333128577063844e-01
7.929870129713021409e-01
7.694539589159552495e-01
7.467902110247386371e-01
7.250211370645776032e-01
7.041505056802352946e-01
6.841670293831064731e-01
6.650491119452541788e-01
6.467683074577680324e-01
6.292918427618130472e-01
6.125844527355206459e-01
5.966097083859357442e-01
5.813309691459264128e-01
5.667120562006640050e-01
5.527177186716940582e-01
5.393139462060392297e-01
5.264681680297466082e-01
5.141493685045581685e-01
5.023281417414565686e-01
4.909767022104011835e-01
4.800688640603891777e-01
4.695799986764054301e-01
4.594869775906848530e-01
4.497681060428711519e-01
4.404030511036407525e-01
4.313727672317588246e-01
4.226594213444253012e-01
4.142463188841451482e-01
4.061178319159202688e-01
3.982593299512129370e-01
3.906571139432403750e-01
3.832983537112024108e-01
3.761710289136845353e-01
3.692638735916378701e-01
3.625663242300807276e-01
3.560684712379415529e-01
3.497610137120003571e-01
3.436352173295663670e-01
3.376828752022682512e-01
3.318962715177443679e-01
3.262681477952434905e-01
3.207916715838728394e-01
3.154604074373468792e-01
3.102682900058171267e-01
3.052095990931690261e-01
3.002789365364889052e-01
2.954712047730583269e-01
2.907815869688373245e-01
2.862055285909207436e-01
2.817387203146396457e-01
2.773770821639002238e-01
2.731167487907888436e-01
2.689540558075699250e-01
2.648855270908053727e-01
2.609078629835245855e-01
2.570179293271219190e-01
2.532127472600241291e-01
2.494894837251054043e-01
2.458454426324228059e-01
2.422780566280574033e-01
2.387848794237456274e-01
2.353635786455720302e-01
2.320119291632941338e-01
2.287278068648992690e-01
2.255091828437865709e-01
2.223541179685201707e-01
2.192607578074642349e-01
2.162273278827548384e-01
2.132521292300615934e-01
2.103335342424018095e-01
2.074699827779482031e-01
2.046599785133093041e-01
2.019020855251663638e-01
1.991949250844527730e-01
1.965371726484503589e-01
1.939275550372797641e-01
1.913648477822520733e-01
1.888478726345051706e-01
1.863754952231695960e-01
1.839466228531176362e-01
1.815602024330616460e-01
1.792152185254399788e-01
1.769106915101355260e-01
1.746456758546549581e-01
1.724192584838947773e-01
1.702305572431332126e-01
1.680787194483070734e-01
1.659629205180588873e-01
1.638823626824214563e-01
1.618362737633468607e-01
1.598239060226317731e-01
1.578445350730755259e-01
1.558974588489984159e-01
1.539819966325008671e-01
1.520974881320899252e-01
1.502432926105164712e-01
1.484187880588798691e-01
1.466233704142389793e-01
1.448564528181658650e-01
1.431174649138199362e-01
1.414058521792942447e-01
1.397210752951215940e-01
1.380626095439601575e-01
1.364299442406090856e-01
1.348225821906101352e-01
1.332400391758151725e-01
1.316818434653815872e-01
1.301475353507692834e-01
1.286366667033861377e-01
1.271488005536233756e-01
1.256835106900870414e-01
1.242403812779149935e-01
1.228190064951247690e-01
1.214189901860088516e-01
1.200399455306486313e-01
