2.296738844591184403e+01 2.759095697374126033e+01 3.114635910746310898e+01 3.972092656088675255e+01 4.252404640727381491e+01 4.631938591991762877e+01 4.902387154245006684e+01 5.673290697964905149e+01 5.960748005636288838e+01 6.290321997536479870e+01
2.501226351321903962e+01 3.008399429612100207e+01 3.398997126136386981e+01 4.342230226493898471e+01 4.650848284821780254e+01 5.068881279923635219e+01 5.366884046613585468e+01 6.216974120598034403e+01 6.534310859910446823e+01 6.898573471203206964e+01
2.724551696106738063e+01 3.281141609421569427e+01 3.710483498482553699e+01 4.748689908403147797e+01 5.088686723059461769e+01 5.549422750513541303e+01 5.878005958904191885e+01 6.816073736287076201e+01 7.166658498999707660e+01 7.569582467359670375e+01
2.968524393279026796e+01 3.579643356973876678e+01 4.051837857105754637e+01 5.195290145474815802e+01 5.570102784028337339e+01 6.078247691016365906e+01 6.440801163266229423e+01 7.476706644959016046e+01 7.864324432255926922e+01 8.310381804023191421e+01
3.235138900036987053e+01 3.906472742926746378e+01 4.426102674743464149e+01 5.686286504522195884e+01 6.099763634013110902e+01 6.660590571881657240e+01 7.060915420963870304e+01 8.205729266057454652e+01 8.634637603256587113e+01 9.128868028982179794e+01
3.526595014121689786e+01 4.264473392090430792e+01 4.836655837926598167e+01 6.226426498032586210e+01 6.682882212741465366e+01 7.302306293460119946e+01 7.744669373603265683e+01 9.010834940958672235e+01 9.485828071014201157e+01 1.003391702161243302e+02
3.845320726891142016e+01 4.656796713655460707e+01 5.287251084677118484e+01 6.821011866801367773e+01 7.325287102859944355e+01 8.009950624597090041e+01 8.499146721939783333e+01 9.900665310783602990e+01 1.042714766117847063e+02 1.103551602759679895e+02
4.193997855273629938e+01 5.086938256860916141e+01 5.782063764072633916e+01 7.475969391730761515e+01 8.033502045663990998e+01 8.790871844901093368e+01 9.332294749437706116e+01 1.088493745830135708e+02 1.146900774522283371e+02 1.214491448639539897e+02
4.575590822110513045e+01 5.558778763430944991e+01 6.325742667252109896e+01 8.197931456464817757e+01 8.814836487532073761e+01 9.653315200733128165e+01 1.025303896486409769e+02 1.197458907341566743e+02 1.262313659601894642e+02 1.337479632285473770e+02
4.993379007338482012e+01 6.076630571161121708e+01 6.923468787852777950e+01 8.994327754663632390e+01 9.677488734760036948e+01 1.060654200683074464e+02 1.127141388042152954e+02 1.318194420107813016e+02 1.390275908789119796e+02 1.473947671508906865e+02
5.450993153365170940e+01 6.645290118134479940e+01 7.581021993275631132e+01 9.873489728980442237e+01 1.063066351058923544e+02 1.166096547230227287e+02 1.239871221041752705e+02 1.452090245871216894e+02 1.532280185805995814e+02 1.625512671980312405e+02
5.952456378064874798e+01 7.270097405773582011e+01 8.304856728274076261e+01 1.084476954469602674e+02 1.168470594849475646e+02 1.282830560250246208e+02 1.364765507094950010e+02 1.600715496692890270e+02 1.690012742328282798e+02 1.794002953157830973e+02
6.502230429427636693e+01 7.957003403019305665e+01 9.102188030925385931e+01 1.191867564081565831e+02 1.285125432129916874e+02 1.412176582761874215e+02 1.503258608374057985e+02 1.765843062119124340e+02 1.865380114848285587e+02 1.981487257132201876e+02
7.105267908596420057e+01 8.712646515246423462e+01 9.981089319916711133e+01 1.310702716634672527e+02 1.414341409712648669e+02 1.555623433477557853e+02 1.656969263672304180e+02 1.949477674104831522e+02 2.060539539034618031e+02 2.190308003724883292e+02
7.767071294573548812e+01 9.544439402088302415e+01 1.095060361312648496e+02 1.442312990031122695e+02 1.557595623100335729e+02 1.714851343278079412e+02 1.827725792934893434e+02 2.153887856492858361e+02 2.277933558485452750e+02 2.423119100528894592e+02
8.493759726245897923e+01 1.046066761028568095e+02 1.202087006260146609e+02 1.588197657146008623e+02 1.716554294518873292e+02 1.891758065668631446e+02 2.017594783074389397e+02 2.381642250946114530e+02 2.520329351020524769e+02 2.682928863123530050e+02
9.292144637765711934e+01 1.147060169324469285e+02 1.320326794211850086e+02 1.750047483820606828e+02 1.893098462213796438e+02 2.088488572251759479e+02 2.228913700266232354e+02 2.635650858085749633e+02 2.790863343347328396e+02 2.973148648291542600e+02
1.016981550417648918e+02 1.258462472053492860e+02 1.451058050250412350e+02 1.929770656168916503e+02 2.089353183174539197e+02 2.307468787082377446e+02 2.464327918654461200e+02 2.919211781206207661e+02 3.093091734145654641e+02 3.297647852013412262e+02
1.113523713816564822e+02 1.381437734051662858e+02 1.595718141876141374e+02 2.129522240637551249e+02 2.307720694035211011e+02 2.551443859245564738e+02 2.726832702645790505e+02 3.236064110704117525e+02 3.431047596916334328e+02 3.660815975290552728e+02
1.219786018888263328e+02 1.517292285018322104e+02 1.755924689397912744e+02 2.351737623549143450e+02 2.550918020574434877e+02 2.823521521498694824e+02 3.019820730214362925e+02 3.590447641263392597e+02 3.809305288665817670e+02 4.067632516429410430e+02
1.336824673302501196e+02 1.667493505077732152e+02 1.933499686043730321e+02 2.599170423703629922e+02 2.822019575533792022e+02 3.127221135100649576e+02 3.347135798837824154e+02 3.987170172715897252e+02 4.233052951002096052e+02 4.523745511555766257e+02
1.465821312021686822e+02 1.833691202855551126e+02 2.130496913125661536e+02 2.874935422685056210e+02 3.124505338289380916e+02 3.466529078281513421e+02 3.713133415433569553e+02 4.431683212243132175e+02 4.708173960113635417e+02 5.035559620568240575e+02
1.608099254259420547e+02 2.017741940022340543e+02 2.349233081011478816e+02 3.182557113846714287e+02 3.462315269602726744e+02 3.845961200095442791e+02 4.122749039333568817e+02 4.930166974306559950e+02 5.241338266383578457e+02 5.610334749763660511e+02
1.765142014612286516e+02 2.221736700532586326e+02 2.592323176680251322e+02 3.526024533965785395e+02 3.839910682146529552e+02 4.270633135274530332e+02 4.581574826147328849e+02 5.489625670704300546e+02 5.840104669353813733e+02 6.256296322541834343e+02
1.938614389220623764e+02 2.448032351697273725e+02 2.862720553891408599e+02 3.909853113157844859e+02 4.262343365200860035e+02 4.746339362478047974e+02 5.095945814310953779e+02 6.117994202686312519e+02 6.513035206569345519e+02 6.982758464061055292e+02
2.130386481632691584e+02 2.699287398201694828e+02 3.163762363252268983e+02 4.339154361086876293e+02 4.735333352720108451e+02 5.279641991770329241e+02 5.673036609629206168e+02 6.824257516450489902e+02 7.269823002418263513e+02 7.800261561458175947e+02
2.342561081947427795e+02 2.978502589713571638e+02 3.499220987634636799e+02 4.819714303090754015e+02 5.265356330643147658e+02 5.877970390615060978e+02 6.320969759905983665e+02 7.618584066702346718e+02 8.121435129041558412e+02 8.720725899558901801e+02
2.577504867151741337e+02 3.289067008364532967e+02 3.873362224335759834e+02 5.358081689715004359e+02 5.859741802806278201e+02 6.549732901492922110e+02 7.048937171451168524e+02 8.512475045435224956e+02 9.080272267142007649e+02 9.757623335210881805e+02
2.837883950692863664e+02 3.634810334602619264e+02 4.291011039335068631e+02 5.961667123791150971e+02 6.526783269216335839e+02 7.304442058189483760e+02 7.867336087573720533e+02 9.518931241731917225e+02 1.016034717432806815e+03 1.092616918773933776e+03
3.126704375560164522e+02 4.020062068716903241e+02 4.757625808853422313e+02 6.638854363080072289e+02 7.275861789768631525e+02 8.152854831356008845e+02 8.787921272693650963e+02 1.065263949384251873e+03 1.137748402707325567e+03 1.224353646799645048e+03
3.447358217801388491e+02 4.449718569275680693e+02 5.279382050620439486e+02 7.399125110874049369e+02 8.117584335014095132e+02 9.107129412769314740e+02 9.823974976430763490e+02 1.193018038852143945e+03 1.274954022372379313e+03 1.372909369379100326e+03
3.803676046728780875e+02 4.929318853707010817e+02 5.863266708532904659e+02 8.253198474065244454e+02 9.063938083041524578e+02 1.018099961494015020e+03 1.099049564883446692e+03 1.337025751336094800e+03 1.429665040011968358e+03 1.540466468464673881e+03
4.199986574261668579e+02 5.465130177691709150e+02 6.517184038296510380e+02 9.213185687637756018e+02 1.012846094620619965e+03 1.138996659275144566e+03 1.230440457756875958e+03 1.499394497880161452e+03 1.604148771872803536e+03 1.729480186662740152e+03
4.641184418872774700e+02 6.064244443289696846e+02 7.250073952147042746e+02 1.029275923052808366e+03 1.132642649593191436e+03 1.275150442564813829e+03 1.378476555271989355e+03 1.682494228141970552e+03 1.800952774871552265e+03 1.942705097580891334e+03
5.132807008971319647e+02 6.734686436340040245e+02 8.072043166799501250e+02 1.150733246947418820e+03 1.267503727796988414e+03 1.428527001672004417e+03 1.545300499299735066e+03 1.888981183706182719e+03 2.022928315245865633e+03 2.183216215900292809e+03
5.681121754858285158e+02 7.485534695917335739e+02 8.994508465953672385e+02 1.287424082631691817e+03 1.419361348676289481e+03 1.601329780057148355e+03 1.733310761790648712e+03 2.121815358336303689e+03 2.273245210341242910e+03 2.454417052764949858e+03
6.293224724496342333e+02 8.327055390840408791e+02 1.003034964987926628e+03 1.441290787650879338e+03 1.590375386768115732e+03 1.796014588469510272e+03 1.945174595947710941e+03 2.384264475157457582e+03 2.555389297060745321e+03 2.760023426986335380e+03
6.977152160116539790e+02 9.270848839532247894e+02 1.119406721382335945e+03 1.614497031879026963e+03 1.782943358087127308e+03 2.015294441419260011e+03 2.183828355619971717e+03 2.679884791463920919e+03 2.873131151968244012e+03 3.104009450327028844e+03
7.742006259099778163e+02 1.033000720643648265e+03 1.250193660340381484e+03 1.809432628256530052e+03 1.999699245605513624e+03 2.262128370763310159e+03 2.452457760210663764e+03 3.012467869603673989e+03 3.230453993312413331e+03 3.490502845688017260e+03
8.598096695042994497e+02 1.151928044359621254e+03 1.397214746596272789e+03 2.028706518104487714e+03 2.243496119470190933e+03 2.539687584895045802e+03 2.754450568979932086e+03 3.385944059289661709e+03 3.631431635110595835e+03 3.923622529789656255e+03
9.557099343998617087e+02 1.285524579877762335e+03 1.562491336885610053e+03 2.275123818513568949e+03 2.517367786642580086e+03 2.851293600758544471e+03 3.093316142600709554e+03 3.804238903291887254e+03 4.080054971608341930e+03 4.407262760124016495e+03
1.063223356251871337e+03 1.435647433684285261e+03 1.748253586170756989e+03 2.551643963732329667e+03 2.824466632925966678e+03 3.200326295907935219e+03 3.472570904768510900e+03 4.271087929825231186e+03 4.580017165838155051e+03 4.944843261516155508e+03
1.183845907633994102e+03 1.604368612912334584e+03 1.956940731076211023e+03 2.861319231361818765e+03 3.167978213318347116e+03 3.590105012694401012e+03 3.895595336063203831e+03 4.789826578541648814e+03 5.134480824030523763e+03 5.539059221052284556e+03
1.319269299953768495e+03 1.793988428588012994e+03 2.191194007294640414e+03 3.207216087017369773e+03 3.551017510974300876e+03 4.023751938467655236e+03 4.365475441545657304e+03 5.363182075868486208e+03 5.745860704956830887e+03 6.191673272768963216e+03
1.471404661364721278e+03 2.007045705158586316e+03 2.453841520769715771e+03 3.592325204968941307e+03 3.976516160684450824e+03 4.504052426163319979e+03 4.884847576476253380e+03 5.993099235515767759e+03 6.415658677296106362e+03 6.903389246963552978e+03
1.642408018267738498e+03 2.246323691927561413e+03 2.747875136631168971e+03 4.019468908557102168e+03 4.447113144605000343e+03 5.033330025196351926e+03 5.455768059773386994e+03 6.680629835702288801e+03 7.144381420871337468e+03 7.673833822297924598e+03
1.834707215271860150e+03 2.514850625892343032e+03 3.076420261962675795e+03 4.491216333297981691e+03 4.965062512645187780e+03 5.613353576959855673e+03 6.079626958641797501e+03 7.425905271156568233e+03 7.931556811518415088e+03 8.501650994009492933e+03
2.051029649598459855e+03 2.815894034565191760e+03 3.442700145916449401e+03 5.009816349447040920e+03 5.532170093678200828e+03 6.245289598940972610e+03 6.757118986753942409e+03 8.228197171344600065e+03 8.775846207564291035e+03 9.384692118785911589e+03
2.294429867100338015e+03 3.152948090367925488e+03 3.849996881336712249e+03 5.577156157169161816e+03 6.149767209428696333e+03 6.929706260003592433e+03 7.488275207144083652e+03 9.086054936393195021e+03 9.675232552162458887e+03 1.032026789110665050e+04
2.568315672833681219e+03 3.529713626614647183e+03 4.301611579139941568e+03 6.194749933816833618e+03 6.818723989839800197e+03 7.666627258793229885e+03 8.272549565013581741e+03 9.997496977720405994e+03 1.062725299265127614e+04 1.130542189100120231e+04
