1.083873776398897038e-01 1.593397378097798356e-01 2.073724853432633020e-01 3.445497164283266578e-01 3.945894850640739304e-01 4.661983184501166111e-01 5.201012523010473121e-01 6.906408975257110061e-01 7.641413172205087090e-01 8.622853559960858005e-01
1.045871644219226182e-01 1.548812856956495454e-01 2.025232252921825571e-01 3.390883809706594643e-01 3.890259140941617622e-01 4.605871356311437848e-01 5.145340505592401747e-01 6.857704065900903645e-01 7.599279089306977264e-01 8.594248892928099126e-01
1.009183826343122148e-01 1.505603280560968704e-01 1.978108922843490047e-01 3.337490666173260623e-01 3.835759340528850370e-01 4.550753597807525863e-01 5.090540980804398874e-01 6.809422625147263375e-01 7.557367922797944004e-01 8.565659994419114742e-01
9.737836024016653658e-02 1.463752583263251972e-01 1.932347997832766229e-01 3.285334745914068599e-01 3.782420448218679621e-01 4.496665480654110092e-01 5.036656599189650585e-01 6.761620962651468947e-01 7.515734636706308258e-01 8.537128642678472046e-01
9.396442719566129587e-02 1.423244335657347370e-01 1.887942098642099442e-01 3.234432528747058777e-01 3.730267019992205557e-01 4.443642343275349127e-01 4.983730002152620964e-01 6.714356475450501405e-01 7.474435849104075213e-01 8.508698630262246931e-01
9.067391352431296292e-02 1.384061736724275793e-01 1.844883320480036615e-01 3.184799920055912947e-01 3.679323112650839112e-01 4.391719212514709758e-01 4.931803726667950971e-01 6.667687512119500060e-01 7.433529700371536153e-01 8.480415678517750910e-01
8.750414896072231108e-02 1.346187619436709226e-01 1.803163232817567296e-01 3.136452213139011014e-01 3.629612228763540727e-01 4.340930721750332344e-01 4.880920102460865606e-01 6.621673214871786062e-01 7.393075693128035031e-01 8.452327320819018608e-01
8.445246384659998995e-02 1.309604466749140217e-01 1.762772887498507135e-01 3.089404052427364711e-01 3.581157259293067940e-01 4.291311021709239837e-01 4.831121137801196452e-01 6.576373335365259809e-01 7.353134499314890604e-01 8.424482749817854277e-01
8.151619100431618803e-02 1.274294435188089991e-01 1.723702832179465905e-01 3.043669394027307962e-01 3.533980420173149506e-01 4.242893680013464230e-01 4.782448389781047693e-01 6.531848019590206222e-01 7.313767729536103657e-01 8.396932623658377448e-01
7.869266835016335004e-02 1.240239383501027665e-01 1.685943126277970050e-01 2.999261459991858780e-01 3.488103178993751108e-01 4.195711565296878498e-01 4.734942814700892066e-01 6.488157556892227840e-01 7.275037659469462126e-01 8.369728825906558312e-01
7.597924204140379945e-02 1.207420904026256236e-01 1.649483356730221117e-01 2.956192682677752925e-01 3.443546167856246787e-01 4.149796711578385144e-01 4.688644594002843724e-01 6.445362087980864851e-01 7.237006908013522422e-01 8.342924173928948361e-01
7.337326997840450116e-02 1.175820354613651697e-01 1.614312650959808249e-01 2.914474635524147983e-01 3.400329078411795103e-01 4.105180158502100274e-01 4.643592931105686161e-01 6.403521266754674812e-01 7.199738061909281006e-01 8.316572070694976393e-01
7.087212550613306017e-02 1.145418889063788831e-01 1.580419684546452430e-01 2.874117946622268827e-01 3.358470535128896817e-01 4.061891763102991049e-01 4.599825814568443971e-01 6.362693871019763359e-01 7.163293241960883018e-01 8.290726095569090903e-01
6.847320117846533716e-02 1.116197484167914672e-01 1.547792681172403817e-01 2.835132191566990811e-01 3.317987942994892747e-01 4.019959978985399029e-01 4.557379743305196018e-01 6.322937357787847823e-01 7.127733606784576459e-01 8.265439530709670635e-01
6.617391246449741415e-02 1.088136961532458064e-01 1.516419402530196359e-01 2.797525762335560939e-01 3.278897306192760097e-01 3.979411599278341871e-01 4.516289410171275276e-01 6.284307359921591507e-01 7.093118791357981845e-01 8.240764821313528721e-01
6.397170128879699214e-02 1.061218002469818261e-01 1.486287126019389393e-01 2.761305709373557127e-01 3.241213014870287235e-01 3.940271460531230563e-01 4.476587341226458405e-01 6.246857122564588582e-01 7.059506279642802085e-01 8.216752970246848919e-01
6.186403930768585163e-02 1.035421154345327610e-01 1.457382608265066493e-01 2.726477554738889753e-01 3.204947597997209741e-01 3.902562105914686996e-01 4.438303489441641769e-01 6.210636880159285944e-01 7.026950713323339981e-01 8.193452870672019994e-01
5.984843083166884598e-02 1.010726826903019793e-01 1.429692032783986266e-01 2.693045075115078069e-01 3.170111441550177989e-01 3.866303407766478184e-01 4.401464783630736344e-01 6.175693178003084371e-01 6.995503142315574463e-01 8.170910584156539924e-01
5.792241531050459913e-02 9.871152772676244913e-02 1.403200940532997876e-01 2.661010054803675806e-01 3.136712472928285256e-01 3.831512151727186066e-01 4.366094636014176134e-01 6.142068146257216865e-01 6.965210227173035396e-01 8.149168576401721875e-01
5.608356930269348117e-02 9.645665825548874195e-02 1.377894142625808449e-01 2.630372010475930944e-01 3.104755814612503162e-01 3.798201587465208640e-01 4.332212415064923827e-01 6.109798739061931272e-01 6.936113408766755306e-01 8.128264928014312662e-01
5.432950785598615606e-02 9.430605993354973515e-02 1.353755615221056974e-01 2.601127891510510715e-01 3.074243412633412831e-01 3.766380954263347514e-01 4.299832894097253000e-01 6.078915956772686924e-01 6.908248066439427459e-01 8.108232543382519752e-01
5.265788523059700132e-02 9.225769096067008845e-02 1.330768377480412989e-01 2.573271762133012008e-01 3.045173648340370742e-01 3.736054993421567549e-01 4.268965690285765890e-01 6.049444075020844469e-01 6.881642691861943328e-01 8.089098386268754881e-01
5.106639490297429362e-02 9.030947534427888335e-02 1.308914354568801730e-01 2.546794474213465720e-01 3.017540945139603470e-01 3.707223463322333323e-01 4.239614713190965056e-01 6.021399909866489430e-01 6.856318111514854152e-01 8.070882775591159408e-01
4.955276879613882551e-02 8.845929491271802003e-02 1.288174228898217866e-01 2.521683342315645948e-01 2.991335385073886077e-01 3.679880676801410289e-01 4.211777646042265122e-01 5.994792153139331115e-01 6.832286795377018329e-01 8.053598778301339634e-01
4.811477569373448504e-02 8.670498023098835438e-02 1.268527284153337098e-01 2.497921835201745988e-01 2.966542353056446091e-01 3.654015083764384220e-01 4.185445486503271972e-01 5.969620815422174154e-01 6.809552292215842462e-01 8.037251737481021507e-01
4.675021881002969920e-02 8.504430065662366145e-02 1.249951248002690307e-01 2.475489300186678732e-01 2.943142228872649979e-01 3.629608924298774464e-01 4.160602175845245498e-01 5.945876815222275180e-01 6.788108831991451764e-01 8.021838972021770875e-01
4.545693250808284513e-02 8.347495386188585886e-02 1.232422140680615313e-01 2.454360738155274557e-01 2.921110148288686981e-01 3.606637978303551262e-01 4.137224345754417776e-01 5.923541750898768665e-01 6.767941132510220115e-01 8.007349678898278977e-01
4.423277818387245930e-02 8.199455523672144475e-02 1.215914137669990291e-01 2.434506647268956936e-01 2.900415854228057810e-01 3.585071436241109577e-01 4.115281209669226503e-01 5.902587886026978703e-01 6.749024439802461250e-01 7.993765059581675603e-01
4.307563936578909236e-02 8.060062766598402595e-02 1.200399455306486313e-01 2.415892951760227891e-01 2.881023656210125461e-01 3.564871911036989194e-01 4.094734619488891170e-01 5.882978367811905196e-01 6.731324818571039481e-01 7.981058677759726994e-01
4.198341611633966963e-02 7.929059223078784024e-02 1.185848267907224640e-01 2.398481027537748000e-01 2.862892509553313647e-01 3.545995601419908994e-01 4.075539296422381885e-01 5.864667679066254413e-01 6.714799687676532569e-01 7.969197034002152291e-01
4.095401886530868063e-02 7.806176039466868055e-02 1.172228663334230619e-01 2.382227826009729599e-01 2.845976211847126569e-01 3.528392597632964423e-01 4.057643221426359692e-01 5.847602290348933307e-01 6.699398559157062616e-01 7.958140308489377590e-01
3.998536184895518791e-02 7.691132815990149585e-02 1.159506639448183163e-01 2.367086076263879291e-01 2.830223685922757526e-01 3.512007282184966828e-01 4.040988125259813990e-01 5.831721415972663802e-01 6.685063873471063234e-01 7.947843163220188467e-01
3.907535637457958122e-02 7.583637244702286229e-02 1.147646134377785648e-01 2.353004504081988302e-01 2.815579263712347791e-01 3.496778704970359142e-01 4.025509931862327195e-01 5.816957661875603591e-01 6.671731704850917266e-01 7.938255390837836156e-01
3.822190416833135679e-02 7.483384944809012840e-02 1.136609065351220776e-01 2.339927930678107337e-01 2.801982786708982487e-01 3.482640681523140325e-01 4.011138856317070789e-01 5.803237155012421766e-01 6.659331910672015020e-01 7.929322027818460628e-01
3.742289108776018780e-02 7.390059377578324373e-02 1.126355319608505212e-01 2.327796990820057144e-01 2.789369179679315747e-01 3.469521155777862131e-01 3.997798619088773209e-01 5.790478444068144492e-01 6.647787003462587441e-01 7.920982312058416630e-01
3.667618147632609876e-02 7.303331570603982525e-02 1.116842593113431398e-01 2.316547035256335818e-01 2.777666932822005497e-01 3.457340086745418484e-01 3.985403918127195522e-01 5.778589085213166054e-01 6.637008668359659636e-01 7.913166603955802403e-01
3.597961338571510626e-02 7.222859157491820503e-02 1.108025908920625552e-01 2.306105577408359697e-01 2.766794676517593254e-01 3.446004813247142140e-01 3.973854965763055636e-01 5.767458484266155816e-01 6.626890555678617289e-01 7.905790228888661675e-01
3.533099476583540649e-02 7.148283947958779250e-02 1.099856575511264506e-01 2.296387469863651887e-01 2.756654837523796475e-01 3.435401644064648985e-01 3.963027696716139858e-01 5.756945473573293892e-01 6.617295974148258431e-01 7.898743337585901747e-01
3.472810048329137006e-02 7.079226914696221118e-02 1.092280285092281922e-01 2.287286954758479263e-01 2.747123363566567611e-01 3.425382499089832389e-01 3.952758406948928549e-01 5.746859543651622326e-01 6.608039676287091879e-01 7.891876533497026447e-01
3.416866962541628000e-02 7.015279178816968830e-02 1.085234031338627031e-01 2.278665947183281804e-01 2.738034852568074218e-01 3.415745990532648158e-01 3.942822315314980508e-01 5.736935866514287774e-01 6.598864268343522799e-01 7.884983280849170439e-01
3.365040191369985528e-02 6.955987386411587037e-02 1.078641577985293698e-01 2.270338481439862777e-01 2.729163236190719211e-01 3.406213501163310453e-01 3.932906963525923394e-01 5.726806261245932506e-01 6.589413840844632331e-01 7.877781814797468751e-01
3.317095111422296155e-02 6.900831904340826162e-02 1.072407361172833667e-01 2.262052193016251544e-01 2.720199434217672740e-01 3.396402519824858746e-01 3.922583359179444562e-01 5.715970712116456021e-01 6.579209753527337501e-01 7.869900918690296843e-01
3.272791202526285914e-02 6.849196636118297377e-02 1.066408970558323510e-01 2.253468912071250330e-01 2.710728925000916445e-01 3.385801409786925453e-01 3.911279891087913185e-01 5.703776209750068826e-01 6.567635299205243360e-01 7.860874775179642615e-01
3.231879590980588773e-02 6.800330067127907663e-02 1.060488713933088883e-01 2.244147656245304989e-01 2.700213596949904704e-01 3.373751363792080737e-01 3.898265628089996326e-01 5.689410596199605541e-01 6.553936277996339488e-01 7.850151475019031544e-01
3.194098717480336330e-02 6.753298462300051652e-02 1.054445187560561492e-01 2.233534185686908424e-01 2.687983085213600520e-01 3.359441908660765752e-01 3.882649925363473864e-01 5.671917980656814295e-01 6.537242713206564693e-01 7.837117473382241295e-01
3.159167189357518779e-02 6.706933981972447445e-02 1.048026185343012562e-01 2.220961470097812807e-01 2.673240625941571968e-01 3.341925470633324569e-01 3.863403816266082202e-01 5.650238971696889267e-01 6.516613122962722215e-01 7.821136797986077971e-01
3.126772690137817612e-02 6.659782800446477358e-02 1.040924601774622926e-01 2.205664671607409366e-01 2.655087048589250820e-01 3.320154070978911798e-01 3.839405464439863969e-01 5.623274077613960031e-01 6.491097848371667478e-01 7.801600194364318730e-01
3.096555752182541740e-02 6.610060931247445370e-02 1.032779124520079028e-01 2.186812526373352328e-01 2.632563963449846556e-01 3.293037541257857748e-01 3.809507577210419771e-01 5.589963470405356905e-01 6.459813391201710830e-01 7.777976842766408661e-01
3.068087381661388849e-02 6.555628023792690884e-02 1.023181382380788790e-01 2.163554519265273313e-01 2.604713916424159503e-01 3.259518509569951927e-01 3.772620174459586639e-01 5.549372407710467803e-01 6.422016948600361985e-01 7.749860611390634313e-01
3.040840133717740909e-02 6.493991302402435384e-02 1.011690741552993267e-01 2.135080424193016857e-01 2.570651957312311553e-01 3.218655805961467831e-01 3.727798629499246563e-01 5.500770093178494191e-01 6.377170143945750658e-01 7.717004119642327797e-01
