nan
2.006747238233248936e+05
2.052039737474014401e+05
2.097298026275515731e+05
2.142367839585332258e+05
2.187195256294373539e+05
2.231758973199974862e+05
2.276051666285605170e+05
2.320072942846346996e+05
2.363826156484077219e+05
2.407316785738992912e+05
2.450551533792346600e+05
2.493537794364943693e+05
2.536283318342193088e+05
2.578795997599387483e+05
2.621083721017146599e+05
2.663154277030522935e+05
2.705015287340316572e+05
2.746674162155772210e+05
2.788138070686290739e+05
2.829413922635136405e+05
2.870508357733390294e+05
2.911427741193570546e+05
2.952178163531618193e+05
2.992765443602542509e+05
3.033195133979136008e+05
3.073472528010993265e+05
3.113602668056158000e+05
3.153590354495276115e+05
3.193440155228208168e+05
3.233156415422986029e+05
3.272743267340989551e+05
3.312204640105367289e+05
3.351544269312663819e+05
3.390765706414245651e+05
3.429872327814656892e+05
3.468867343650396797e+05
3.507753806225199951e+05
3.546534618088013376e+05
3.585212539747197879e+05
3.623790197020829655e+05
3.662270088027057354e+05
3.700654589821989648e+05
3.738945964695030707e+05
3.777146366133244010e+05
3.815257844467573450e+05
3.853282352214381681e+05
3.891221749126226641e+05
3.929077806965942727e+05
3.966852214017859078e+05
4.004546579349937383e+05
4.042162436840134906e+05
4.079701248979908414e+05
4.117164410467352718e+05
4.154553251601688680e+05
4.191869041490725940e+05
4.229112991081846412e+05
4.266286256026942283e+05
4.303389939390876680e+05
4.340425094212755794e+05
4.377392725928507280e+05
4.414293794663040899e+05
4.451129217399643385e+05
4.487899870033729239e+05
4.524606589317803737e+05
4.561250174704023520e+05
4.597831390090262867e+05
4.634350965475291596e+05
4.670809598528479692e+05
4.707207956078677671e+05
4.743546675527259940e+05
4.779826366189365508e+05
4.816047610567573574e+05
4.852210965561831254e+05
4.888316963619151502e+05
4.924366113826551591e+05
4.960358902950230404e+05
4.996295796424159780e+05
5.032177239290670259e+05
5.068003657095791423e+05
5.103775456741727539e+05
5.139493027298817178e+05
5.175156740779117099e+05
5.210766952873647679e+05
5.246324003655232955e+05
5.281828218248811318e+05
5.317279907470735488e+05
5.352679368438805686e+05
5.388026885154580232e+05
5.423322729059223784e+05
5.458567159564303001e+05
5.493760424558933591e+05
5.528902760894153034e+05
5.563994394846021896e+05
5.599035542558146408e+05
5.634026410464923829e+05
5.668967195696249837e+05
5.703858086464693770e+05
5.738699262435961282e+05
5.773490895083363866e+05
5.808233148027193965e+05
5.842926177359627327e+05
5.877570131955754478e+05
5.912165153771621408e+05
5.946711378129606601e+05
5.981208933991905069e+05
6.015657944222543156e+05
6.050058525838534115e+05
6.084410790250634309e+05
6.118714843494038796e+05
6.152970786449756706e+05
6.187178715056719957e+05
6.221338720515260939e+05
6.255450889482338680e+05
6.289515304258676479e+05
6.323532042968452442e+05
6.357501179731480079e+05
6.391422784828610020e+05
6.425296924860337749e+05
6.459123662898959592e+05
6.492903058634720510e+05
6.526635168515875703e+05
