nan
2.005893748296943377e+05
2.050944193021367828e+05
2.095947422292313713e+05
2.140719332262730168e+05
2.185191261163126037e+05
2.229332923310784972e+05
2.273131032233945734e+05
2.316581102276621968e+05
2.359683661434949609e+05
2.402442265074713505e+05
2.444862352193841361e+05
2.486950538823260868e+05
2.528714157913865929e+05
2.570160948096327484e+05
2.611298837609822513e+05
2.652135791940586641e+05
2.692679705695275916e+05
2.732938326057700906e+05
2.772919199264854542e+05
2.812629634103301796e+05
2.852076678105935571e+05
2.891267103270238731e+05
2.930207398919917177e+05
2.968903769908988615e+05
3.007362138792718179e+05
3.045588150908813113e+05
3.083587181554499548e+05
3.121364344631441054e+05
3.158924502274065744e+05
3.196272275089320610e+05
3.233412052722879453e+05
3.270348004535580985e+05
3.307084090227352572e+05
3.343624070287854411e+05
3.379971516185985529e+05
3.416129820236100932e+05
3.452102205098539125e+05
3.487891732887798571e+05
3.523501313873428153e+05
3.558933714767838246e+05
3.594191566602127859e+05
3.629277372196187498e+05
3.664193513232909027e+05
3.698942256949315197e+05
3.733525762458893587e+05
3.767946086720821331e+05
3.802205190172439325e+05
3.836304942041277536e+05
3.870247125353572192e+05
3.904033441655135830e+05
3.937665515460787574e+05
3.971144898447555606e+05
4.004473073406550102e+05
4.037651457967550377e+05
4.070681408109873300e+05
4.103564221472223289e+05
4.136301140473693376e+05
4.168893355257315561e+05
4.201342006466957973e+05
4.233648187867621891e+05
4.265812948818832519e+05
4.297837296609898331e+05
4.329722198665434844e+05
4.361468584629197139e+05
4.393077348333410337e+05
4.424549349660442094e+05
4.455885416303545935e+05
4.487086345432410017e+05
4.518152905269379262e+05
4.549085836581524927e+05
4.579885854093598318e+05
4.610553647826403612e+05
4.641089884365061298e+05
4.671495208061080775e+05
4.701770242172151920e+05
4.731915589943175437e+05
4.761931835631868453e+05
4.791819545482070534e+05
4.821579268647693680e+05
4.851211538070054958e+05
4.880716871311202995e+05
4.910095771345531102e+05
4.939348727312179981e+05
4.968476215230135131e+05
4.997478698678108631e+05
5.026356629441144178e+05
5.055110448125601979e+05
5.083740584744295920e+05
5.112247459273275454e+05
5.140631482181716710e+05
5.168893054936439148e+05
5.197032570482123992e+05
5.225050413698727498e+05
5.252946961837003473e+05
5.280722584933468606e+05
5.308377646205639467e+05
5.335912502428605221e+05
5.363327504293916281e+05
5.390622996751489118e+05
5.417799319335583132e+05
5.444856806475366466e+05
5.471795787791034672e+05
5.498616588376028230e+05
5.525319529066067189e+05
5.551904926695642062e+05
5.578373094342461554e+05
5.604724341560523026e+05
5.630958974602351664e+05
5.657077296630655183e+05
5.683079607920304406e+05
5.708966206050696783e+05
5.734737386089096544e+05
5.760393440765441628e+05
5.785934660638780333e+05
5.811361334255951224e+05
5.836673748302662279e+05
5.861872187747426797e+05
5.886956935978598194e+05
5.911928274934828514e+05
5.936786485229263781e+05
5.961531846267671790e+05
