nan
2.002963830988220288e+05
2.047221732473952579e+05
2.091364548897673376e+05
2.135090504793417058e+05
2.178271400173314614e+05
2.220841259129185055e+05
2.262764298241461802e+05
2.304021897347497870e+05
2.344606099462184065e+05
2.384515901526183006e+05
2.423754939849246875e+05
2.462329959313451545e+05
2.500249763171566010e+05
2.537524476665599213e+05
2.574165024740502995e+05
2.610182760209495900e+05
2.645589199722224148e+05
2.680395837927094544e+05
2.714614018752382835e+05
2.748254848542793188e+05
2.781329139866716578e+05
2.813847377733447356e+05
2.845819702089356724e+05
2.877255902029674617e+05
2.908165418326233630e+05
2.938557351739484584e+05
2.968440475233368925e+05
2.997823248699711985e+05
3.026713835165950586e+05
3.055120117735992535e+05
3.083049716721734731e+05
3.110510006578835309e+05
3.137508132376985741e+05
3.164051025622680900e+05
3.190145419317189371e+05
3.215797862180634402e+05
3.241014732008351129e+05
3.265802248151247622e+05
3.290166483130127890e+05
3.314113373406812316e+05
3.337648729343363666e+05
3.360778244386619190e+05
3.383507503518130980e+05
3.405841991011612699e+05
3.427787097540188697e+05
3.449348126675349195e+05
3.470530300818484975e+05
3.491338766604335397e+05
3.511778599814001936e+05
3.531854809833245818e+05
3.551572343689844711e+05
3.570936089701774763e+05
3.589950880765995826e+05
3.608621497315762099e+05
3.626952669972474687e+05
3.644949081916373689e+05
3.662615370998669532e+05
3.679956131616121856e+05
3.696975916367715108e+05
3.713679237511485699e+05
3.730070568238436244e+05
3.746154343779196497e+05
3.761934962357957265e+05
3.777416786007182673e+05
3.792604141255578143e+05
3.807501319700991735e+05
3.822112578478931682e+05
3.836442140636773547e+05
3.850494195422832272e+05
3.864272898498970899e+05
3.877782372084588278e+05
3.891026705039517255e+05
3.904009952892491128e+05
3.916736137821635930e+05
3.929209248592757504e+05
3.941433240460898960e+05
3.953412035040141200e+05
3.965149520146265859e+05
3.976649549616586883e+05
3.987915943110873341e+05
3.998952485896976432e+05
4.009762928624501219e+05
4.020350987089666887e+05
4.030720341994031915e+05
4.040874638699809439e+05
4.050817486984053976e+05
4.060552460793862701e+05
4.070083098004616913e+05
4.079412900182969752e+05
4.088545332356256549e+05
4.097483822789705009e+05
4.106231762772830552e+05
4.114792506416107062e+05
4.123169370459012571e+05
4.131365634090279927e+05
4.139384538781273295e+05
4.147229288133057416e+05
4.154903047737845336e+05
4.162408945055300137e+05
4.169750069304080680e+05
4.176929471369044622e+05
4.183950163724275772e+05
4.190815120372214587e+05
4.197527276798998355e+05
4.204089529946048860e+05
4.210504738197982660e+05
4.216775721386764781e+05
4.222905260812065098e+05
4.228896099277678295e+05
4.234750941143822856e+05
4.240472452395184082e+05
4.246063260724389111e+05
4.251525955630762619e+05
4.256863088533961563e+05
4.262077172902262537e+05
4.267170684395151911e+05
4.272146061019834597e+05
4.277005703301337780e+05
4.281751974465814419e+05
4.286387200636628550e+05
4.290913671042847564e+05
