0.000000000000000000e+00
1.059462450639403462e+08
2.119258759103542268e+08
3.176710689136922956e+08
4.230675603958573341e+08
5.280499639536328912e+08
6.325782691380510330e+08
7.366279242185658216e+08
8.401845251814532280e+08
9.432405783707014322e+08
1.045793372498440862e+09
1.147843515410204172e+09
1.249393900509299517e+09
1.350448965281211615e+09
1.451014155183785200e+09
1.551095535159859419e+09
1.650699508803158045e+09
1.749832616737809420e+09
1.848501393580313921e+09
1.946712268314944744e+09
2.044471496826449156e+09
2.141785118186290503e+09
2.238658928394733429e+09
2.335098466849867821e+09
2.431109011991427898e+09
2.526695583453623772e+09
2.621862948731036186e+09
2.716615632868721962e+09
2.810957930072015762e+09
2.904893916422551155e+09
2.998427463107501030e+09
3.091562249735654831e+09
3.184301777439336777e+09
3.276649381555607796e+09
3.368608243750456810e+09
3.460181403502062798e+09
3.551371768897537231e+09
3.642182126725557804e+09
3.732615151867252350e+09
3.822673416001734734e+09
3.912359395652080059e+09
4.001675479603733063e+09
4.090623975730935097e+09
4.179207117268512726e+09
4.267427068566925049e+09
4.355285930367835999e+09
4.442785744636613846e+09
4.529928498986335754e+09
4.616716130726166725e+09
4.703150530565116882e+09
4.789233545999848366e+09
4.874966984413497925e+09
4.960352615910163879e+09
5.045392175907993317e+09
5.130087367511930466e+09
5.214439863685260773e+09
5.298451309237781525e+09
5.382123322646633148e+09
5.465457497724576950e+09
5.548455405149135590e+09
5.631118593864934921e+09
5.713448592370334625e+09
5.795446909898519516e+09
5.877115037502391815e+09
5.958454449051591873e+09
6.039466602149368286e+09
6.120152938976206779e+09
6.200514887066663742e+09
6.280553860025049210e+09
6.360271258185356140e+09
6.439668469220001221e+09
6.518746868701977730e+09
6.597507820624197960e+09
6.675952677879674911e+09
6.754082782705911636e+09
6.831899467096323013e+09
6.909404053181600571e+09
6.986597853583388329e+09
7.063482171742592812e+09
7.140058302224372864e+09
7.216327531001709938e+09
7.292291135719314575e+09
7.367950385939361572e+09
7.443306543370664597e+09
7.518360862082414627e+09
7.593114588703754425e+09
7.667568962610452652e+09
7.741725216099458694e+09
7.815584574552351952e+09
7.889148256588605881e+09
7.962417474209398270e+09
8.035393432932631493e+09
8.108077331919908524e+09
8.180470364095964432e+09
8.252573716261287689e+09
8.324388569198200226e+09
8.395916097771081924e+09
8.467157471021015167e+09
8.538113852255364418e+09
8.608786399132572174e+09
8.679176263742565155e+09
8.749284592683032990e+09
8.819112527131908417e+09
8.888661202916324615e+09
8.957931750578178406e+09
9.026925295436737061e+09
9.095642957648284912e+09
9.164085852263099670e+09
9.232255089279979706e+09
9.300151773698425293e+09
9.367777005568557739e+09
9.435131880039129257e+09
9.502217487403520584e+09
9.569034913143989563e+09
9.635585237974296570e+09
9.701869537880636215e+09
9.767888884161239624e+09
9.833644343464492798e+09
9.899136977825778961e+09
9.964367844703189850e+09
1.002933799701189041e+10
1.009404848315766144e+10
