0.000000000000000000e+00
3.293541834147619605e+08
6.340354745366500616e+08
9.120319680215898752e+08
1.163575954958937407e+09
1.389847009094709158e+09
1.592475920604752779e+09
1.773282514754345179e+09
1.934125729679034948e+09
2.076816968002048492e+09
2.203071648720740318e+09
2.314484461867475510e+09
2.412519394450291634e+09
2.498508845206273079e+09
2.573658160471526623e+09
2.639053216673609734e+09
2.695669520792200089e+09
2.744381858444400787e+09
2.785973888735020638e+09
2.821147328938378811e+09
2.850530531971334934e+09
2.874686363133128166e+09
2.894119348309544086e+09
2.909282106317378044e+09
2.920581101794802666e+09
2.928381767775914192e+09
2.933013052710425854e+09
2.934771447819919586e+09
2.933924549073324203e+09
2.930714204878833771e+09
2.925359296591217041e+09
2.918058194612371445e+09
2.908990928527947903e+09
2.898321105558675289e+09
2.886197607716375351e+09
2.872756094491919518e+09
2.858120334682622433e+09
2.842403388086356640e+09
2.825708655230556011e+09
2.808130811045004845e+09
2.789756636398996353e+09
2.770665759680484295e+09
2.750931319069538593e+09
2.730620554826235294e+09
2.709795339750521660e+09
2.688512654958061695e+09
2.666825017232821941e+09
2.644780863447010994e+09
2.622424896868258953e+09
2.599798399588839054e+09
2.576939514801359177e+09
2.553883502200382233e+09
2.530662969400177479e+09
2.507308081919314384e+09
2.483846753985166073e+09
2.460304822151509762e+09
2.436706203493892193e+09
2.413073039947872162e+09
2.389425830179038525e+09
2.365783550219670773e+09
2.342163763970859528e+09
2.318582724549203396e+09
2.295055467351572990e+09
2.271595895618339062e+09
2.248216859192884922e+09
2.224930227102499485e+09
2.201746954520985126e+09
2.178677144616070747e+09
2.155730105733848572e+09
2.132914404327211857e+09
2.110237913994967461e+09
2.087707860962470055e+09
2.065330866302531242e+09
2.043112985166927338e+09
2.021059743273054600e+09
1.999176170867606401e+09
1.977466834368477345e+09
1.955935865867784500e+09
1.934586990662393808e+09
1.913423552963381290e+09
1.892448539922582388e+09
1.871664604102257967e+09
1.851074084503131628e+09
1.830679026256005049e+09
1.810481199073649168e+09
1.790482114551225185e+09
1.770683042396499395e+09
1.751085025664383650e+09
1.731688895064373255e+09
1.712495282403947115e+09
1.693504633226188421e+09
1.674717218695101261e+09
1.656133146778307199e+09
1.637752372772768497e+09
1.619574709215889931e+09
1.601599835221245050e+09
1.583827305275129318e+09
1.566256557527747154e+09
1.548886921610211134e+09
1.531717626006448507e+09
1.514747805007005930e+09
1.497976505269933224e+09
1.481402692012126923e+09
1.465025254853008509e+09
1.448843013330823421e+09
1.432854722110718489e+09
1.417059075902222395e+09
1.401454714102817059e+09
1.386040225183144093e+09
1.370814150828375340e+09
1.355774989849424362e+09
1.340921201876719713e+09
1.326251210848640442e+09
1.311763408305765152e+09
1.297456156501616955e+09
1.283327791339763880e+09
1.269376625146711111e+09
1.255600949289311647e+09
1.241999036645053625e+09
1.228569143932977915e+09
1.215309513912617207e+09
1.202218377457899570e+09
