0.000000000000000000e+00
3.400918068578714132e+08
6.710061717273482084e+08
9.916102137664229870e+08
1.301657740981112242e+09
1.601196285602870464e+09
1.890418574234735012e+09
2.169595300788950920e+09
2.439038342421164036e+09
2.699078929853023052e+09
2.950054267178604126e+09
3.192299291077529430e+09
3.426141677083238125e+09
3.651898933889149666e+09
3.869876847055148125e+09
4.080368790868639946e+09
4.283655591277878284e+09
4.480005730131172180e+09
4.669675752129776001e+09
4.852910783478681564e+09
5.029945103130126953e+09
5.201002728918571472e+09
5.366297995201251984e+09
5.526036108137495995e+09
5.680413671010684967e+09
5.829619176070616722e+09
5.973833461966438293e+09
6.113230137438671112e+09
6.247975972875998497e+09
6.378231261843378067e+09
6.504150154907552719e+09
6.625880968126308441e+09
6.743566468499544144e+09
6.857344138548925400e+09
6.967346422029584885e+09
7.073700952601053238e+09
7.176530767107814789e+09
7.275954504950695038e+09
7.372086594871202469e+09
7.465037430326281548e+09
7.554913534499010086e+09
7.641817715873273849e+09
7.725849215195573807e+09
7.807103844554494858e+09
7.885674119226460457e+09
7.961649382864538193e+09
8.035115926544067383e+09
8.106157102123250008e+09
8.174853430328569412e+09
8.241282703932287216e+09
8.305520086351862907e+09
8.367638205968670845e+09
8.427707246434381485e+09
8.485795033208378792e+09
8.541967116547019958e+09
8.596286851146305084e+09
8.648815472621696472e+09
8.699612170994010925e+09
8.748734161336151123e+09
8.796236751723615646e+09
8.842173408620935440e+09
8.886595819826303482e+09
8.929553955088169098e+09
8.971096124499757767e+09
9.011269034770355225e+09
9.050117843466053009e+09
9.087686211306716919e+09
9.124016352600822449e+09
9.159149083895036697e+09
9.193123870911088943e+09
9.225978873838474274e+09
9.257750991047912598e+09
9.288475901287021637e+09
9.318188104416805267e+09
9.346920960744314194e+09
9.374706729004550934e+09
9.401576603041900635e+09
9.427560747239234924e+09
9.452688330740663528e+09
9.476987560511751175e+09
9.500485713279291153e+09
9.523209166390821457e+09
9.545183427632495880e+09
9.566433164042102814e+09
9.586982229752948761e+09
9.606853692902425766e+09
9.626069861638065338e+09
9.644652309252523422e+09
9.662621898477647781e+09
9.679998804966714859e+09
9.696802539992862701e+09
9.713051972390497208e+09
9.728765349765737534e+09
9.743960319000778198e+09
9.758653946076223373e+09
9.772862735234642029e+09
9.786602647507564545e+09
9.799889118627586365e+09
9.812737076346294403e+09
9.825160957178033829e+09
9.837174722588895798e+09
9.848791874649547577e+09
9.860025471169914246e+09
9.870888140333095551e+09
9.881392094845218658e+09
9.891549145617557526e+09
9.901370714996406555e+09
9.910867849555870056e+09
9.920051232468135834e+09
9.928931195465330124e+09
9.937517730406509399e+09
9.945820500462938309e+09
9.953848850934385300e+09
9.961611819708618164e+09
9.969118147376026154e+09
9.976376287010726929e+09
9.983394413629312515e+09
9.990180433337814331e+09
9.996741992177318573e+09
1.000308648467812920e+10
1.000922106213215446e+10
1.001515264059286690e+10
