0.000000000000000000e+00
1.442710315534066558e+08
2.877851064665314555e+08
4.301317823677496314e+08
5.711440877797304392e+08
7.107340231328545809e+08
8.488547202916165590e+08
9.854841380384685993e+08
1.120616211206324339e+09
1.254255431879723310e+09
1.386413303299089432e+09
1.517105930986061811e+09
1.646352353008864880e+09
1.774173371752397060e+09
1.900590735248316765e+09
2.025626566207858801e+09
2.149302968253239155e+09
2.271641759487778664e+09
2.392664297641993999e+09
2.512391370910592079e+09
2.630843135642380238e+09
2.748039087135954857e+09
2.863998053503170490e+09
2.978738205280415535e+09
3.092277075466493130e+09
3.204631586138877869e+09
3.315818078886087418e+09
3.425852347094201088e+09
3.534749668714357376e+09
3.642524838570007324e+09
3.749192199577984810e+09
3.854765672486680984e+09
3.959258783899378777e+09
4.062684692468384743e+09
4.165056213228030682e+09
4.266385840091282368e+09
4.366685766572395325e+09
4.465967904822259903e+09
4.564243903076931953e+09
4.661525161627109528e+09
4.757822847418088913e+09
4.853147907388677597e+09
4.947511080653421402e+09
5.040922909627870560e+09
5.133393750190069199e+09
5.224933780965515137e+09
5.315553011815931320e+09
5.405261291605817795e+09
5.494068315314670563e+09
5.581983630556413651e+09
5.669016643562417030e+09
5.755176624679091454e+09
5.840472713426121712e+09
5.924913923157278061e+09
6.008509145361474991e+09
6.091267153638154030e+09
6.173196607377811432e+09
6.254306055175266266e+09
6.334603938000804901e+09
6.414098592151578903e+09
6.492798252003641129e+09
6.570711052582894325e+09
6.647845031971347809e+09
6.724208133563752174e+09
6.799808208187722206e+09
6.874653016099631310e+09
6.948750228867204666e+09
7.022107431148485184e+09
7.094732122376199722e+09
7.166631718355560303e+09
7.237813552782634735e+09
7.308284878690036774e+09
7.378052869825749397e+09
7.447124621970498085e+09
7.515507154198598862e+09
7.583207410086648941e+09
7.650232258874105453e+09
7.716588496579412460e+09
7.782282847074949265e+09
7.847321963123847961e+09
7.911712427381437302e+09
7.975460753363697052e+09
8.038573386385238647e+09
8.101056704468575478e+09
8.162917019226839066e+09
8.224160576721561432e+09
8.284793558297073364e+09
8.344822081393073082e+09
8.404252200336584091e+09
8.463089907114579201e+09
8.521341132128393173e+09
8.579011744930882454e+09
8.636107554947395325e+09
8.692634312181228638e+09
8.748597707904621124e+09
8.804003375335760117e+09
8.858856890302650452e+09
8.913163771894447327e+09
8.966929483100727081e+09
9.020159431439439774e+09
9.072858969573738098e+09
9.125033395918468475e+09
9.176687955236507416e+09
9.227827839225482941e+09
9.278458187095142365e+09
9.328584086135787964e+09
9.378210572278141022e+09
9.427342630644744873e+09
9.475985196093410492e+09
9.524143153752830505e+09
9.571821339550643921e+09
9.619024540734191895e+09
9.665757496384134293e+09
9.712024897921199799e+09
9.757831389606220245e+09
9.803181569033605576e+09
9.848079987618478775e+09
9.892531151077579498e+09
9.936539519904167175e+09
9.980109509836946487e+09
1.002324549232329178e+10
1.006595179497674751e+10
