0.000000000000000000e+00
3.277105270479485393e+06
1.149682534627155215e+07
2.522230468466924503e+07
4.461008073453847319e+07
6.959311353742121160e+07
9.997199888209116459e+07
1.354691180520806015e+08
1.757632921133272350e+08
2.205127005472776592e+08
2.693701915323274136e+08
3.219934502164227366e+08
3.780516117972820997e+08
4.372293892187099457e+08
4.992294582187633514e+08
5.637736247930514812e+08
6.306031501986793280e+08
6.994785029321480989e+08
7.701787314652312994e+08
8.425005968407800198e+08
9.162575644658002853e+08
9.912787254304236174e+08
1.067407696499326229e+09
1.144501532470345259e+09
1.222429673355167866e+09
1.301072940699942589e+09
1.380322591514367580e+09
1.460079434114726067e+09
1.540253007264170647e+09
1.620760821982191563e+09
1.701527664049622536e+09
1.782484954373891830e+09
1.863570163866634369e+09
1.944726279222381353e+09
2.025901315898991823e+09
2.107047874633464813e+09
2.188122737940888882e+09
2.269086503210546970e+09
2.349903249210565090e+09
2.430540233025978565e+09
2.510967614674097538e+09
2.591158206858267784e+09
2.671087247531598568e+09
2.750732193142844200e+09
2.830072530625452518e+09
2.909089606366848946e+09
2.987766470557992935e+09
3.066087735473189831e+09
3.144039446367496490e+09
3.221608963804403305e+09
3.298784856340524673e+09
3.375556802597544670e+09
3.451915501845462799e+09
3.527852592306004524e+09
3.603360576461724281e+09
3.678432752725500107e+09
3.753063152887524605e+09
3.827246484813159466e+09
3.900978079915691376e+09
3.974253844973733902e+09
4.047070217904122353e+09
4.119424127138255596e+09
4.191312954283183575e+09
4.262734499778860092e+09
4.333686951290069580e+09
4.404168854595988274e+09
4.474179086762372017e+09
4.543716831401243210e+09
4.612781555840897560e+09
4.681372990045230865e+09
4.749491107136027336e+09
4.817136105385065079e+09
4.884308391554840088e+09
4.951008565477530479e+09
5.017237405771586418e+09
5.082995856604216576e+09
5.148285015416041374e+09
5.213106121531477928e+09
5.277460545585009575e+09
5.341349779699494362e+09
5.404775428358092308e+09
5.467739199916341782e+09
5.530242898705414772e+09
5.592288417681649208e+09
5.653877731581199646e+09
5.715012890542023659e+09
5.775696014158516884e+09
5.835929285936909676e+09
5.895714948122140884e+09
5.955055296869232178e+09
6.013952677734367371e+09
6.072409481462797165e+09
6.130428140052535057e+09
6.188011123074395180e+09
6.245160934230470657e+09
6.301880108134489059e+09
6.358171207298777580e+09
6.414036819313697815e+09
6.469479554206493378e+09
6.524502041967449188e+09
6.579106930232188225e+09
6.633296882109704971e+09
6.687074574146557808e+09
6.740442694418277740e+09
6.793403940739736557e+09
6.845961018986785889e+09
6.898116641522040367e+09
6.949873525718161583e+09
7.001234392572491646e+09
7.052201965407283783e+09
7.102778968650194168e+09
7.152968126690067291e+09
7.202772162803364754e+09
7.252193798146933556e+09
7.301235750813054085e+09
7.349900734943046570e+09
7.398191459895873070e+09
7.446110629468492508e+09
7.493660941164888382e+09
7.540845085510887146e+09
7.587665745412105560e+09
7.634125595552494049e+09
