0.000000000000000000e+00
1.073762344310948253e+07
3.697069719069810212e+07
7.957824574483306706e+07
1.380817860221748352e+08
2.113492765081612766e+08
2.979426536299821138e+08
3.963127860346055031e+08
5.049126127421291471e+08
6.222619618509746790e+08
7.469826184578638077e+08
8.778148292100539207e+08
1.013622282632946491e+09
1.153390088682876825e+09
1.296218686583621740e+09
1.441315574195030451e+09
1.587986070485678196e+09
1.735623871686771154e+09
1.883701863394755363e+09
2.031763454540302277e+09
2.179414571158792019e+09
2.326316365785443783e+09
2.472178646891707420e+09
2.616754001820117950e+09
2.759832569215881824e+09
2.901237408294702530e+09
3.040820409256011963e+09
3.178458689618752003e+09
3.314051423802674294e+09
3.447517056964544296e+09
3.578790858316336155e+09
3.707822773513937473e+09
3.834575539971595764e+09
3.959023032990249634e+09
4.081148814313209057e+09
4.200944858109133244e+09
4.318410432425192833e+09
4.433551116864338875e+09
4.546377939640646935e+09
4.656906619281276703e+09
4.765156898100013733e+09
4.871151956192789078e+09
4.974917896126034737e+09
5.076483289728259087e+09
5.175878779475938797e+09
5.273136727906476021e+09
5.368290909311244965e+09
5.461376238676239014e+09
5.552428533460309982e+09
5.641484304343448639e+09
5.728580571550503731e+09
5.813754703768288612e+09
5.897044277034204483e+09
5.978486951289064407e+09
6.058120362561854362e+09
6.135982028994795799e+09
6.212109269127803802e+09
6.286539131046139717e+09
6.359308331157112122e+09
6.430453201503945351e+09
6.500009644650075912e+09
6.568013095277099609e+09
6.634498487736596107e+09
6.699500228881418228e+09
6.763052175577469826e+09
6.825187616363553047e+09
6.885939256785732269e+09
6.945339207984752655e+09
7.003418978161188126e+09
7.060209466583876610e+09
7.115740959843507767e+09
7.170043130085441589e+09
7.223145034984491348e+09
7.275075119249877930e+09
7.325861217471260071e+09
7.375530558136944771e+09
7.424109768673422813e+09
7.471624881371451378e+09
7.518101340078269958e+09
7.563564007548369408e+09
7.608037173356708527e+09
7.651544562288563728e+09
7.694109343129364014e+09
7.735754137786098480e+09
7.776501030679300308e+09
7.816371578351200104e+09
7.855386819241566658e+09
7.893567283588139534e+09
7.930933003413273811e+09
7.967503522562767029e+09
8.003297906766674995e+09
8.038334753695396423e+09
8.072632202987430573e+09
8.106207946228009224e+09
8.139079236860333443e+09
8.171262900013397217e+09
8.202775342232434273e+09
8.233632561099840164e+09
8.263850154736083031e+09
8.293443331171585083e+09
8.322426917581890106e+09
8.350815369379614830e+09
8.378622779157788277e+09
8.405862885480087280e+09
8.432549081514395714e+09
8.458694423506839752e+09
8.484311639094184875e+09
8.509413135453052521e+09
8.534011007284992218e+09
8.558117044636954308e+09
8.581742740557085037e+09
8.604899298586217880e+09
8.627597640085744858e+09
8.649848411402853012e+09
8.671661990874408722e+09
8.693048495670963287e+09
8.714017788482601166e+09
8.734579484048501968e+09
8.754742955532264709e+09
8.774517340745151520e+09
8.793911548219537735e+09
8.812934263134967804e+09
