0.000000000000000000e+00
1.038108772311166525e+08
2.043964183880900741e+08
3.010662112633280158e+08
3.935431216122770905e+08
4.817452440602309704e+08
5.657063006720918417e+08
6.455322427555845976e+08
7.213741772698889971e+08
7.934103778109551668e+08
8.618339631231554747e+08
9.268443541441316605e+08
9.886413516571545601e+08
1.047421074407699823e+09
1.103373235445790291e+09
1.156679386937550545e+09
1.207511866427027464e+09
1.256033249257210732e+09
1.302396163208270073e+09
1.346743358821045399e+09
1.389207956460558653e+09
1.429913811685322523e+09
1.468975955820694208e+09
1.506501080132212639e+09
1.542588040630050421e+09
1.577328367020702124e+09
1.610806764185691357e+09
1.643101598204767704e+09
1.674285361650422096e+09
1.704425114886187077e+09
1.733582901574043036e+09
1.761816137665884256e+09
1.789177973918864250e+09
1.815717632510418177e+09
1.841480718692523956e+09
1.866509508660634041e+09
1.890843214953526735e+09
1.914518230771769047e+09
1.937568354623509884e+09
1.960024996691666603e+09
1.981917368276958704e+09
2.003272655615196228e+09
2.024116179300606728e+09
2.044471540474375725e+09
2.064360754862477779e+09
2.083804375671195507e+09
2.102821606274944782e+09
2.121430403559206247e+09
2.139647572713291883e+09
2.157488854203341484e+09
2.174969003595237732e+09
2.192101864841132641e+09
2.208900437590709209e+09
2.225376939040255070e+09
2.241542860788045883e+09
2.257409021123547077e+09
2.272985613140708447e+09
2.288282249031105995e+09
2.303308000881445885e+09
2.318071438271289825e+09
2.332580662940830231e+09
2.346843340774660587e+09
2.360866731325824261e+09
2.374657715084882259e+09
2.388222818680517197e+09
2.401568238182090759e+09
2.414699860659541607e+09
2.427623284142678261e+09
2.440343836109412193e+09
2.452866590621518135e+09
2.465196384216022015e+09
2.477337830651462555e+09
2.489295334599449635e+09
2.501073104364466190e+09
2.512675163707901001e+09
2.524105362845697880e+09
2.535367388683523655e+09
2.546464774347789764e+09
2.557400908066164017e+09
2.568179041446777821e+09
2.578802297201310158e+09
2.589273676353468418e+09
2.599596064970968246e+09
2.609772240456243515e+09
2.619804877427979946e+09
2.629696553223268986e+09
2.639449753047908306e+09
2.649066874799821854e+09
2.658550233588992119e+09
2.667902065975370884e+09
2.677124533944543362e+09
2.686219728639397621e+09
2.695189673864722252e+09
2.704036329380293369e+09
2.712761593997025013e+09
2.721367308489326000e+09
2.729855258336217403e+09
2.738227176302532196e+09
2.746484744870891571e+09
2.754629598534236431e+09
2.762663325958076477e+09
2.770587472020866394e+09
2.778403539740440369e+09
2.786112992093757629e+09
2.793717253736699104e+09
2.801217712630372524e+09
2.808615721579588890e+09
2.815912599689109325e+09
2.823109633742723942e+09
2.830208079509876251e+09
2.837209162984166145e+09
2.844114081558047295e+09
2.850924005137319565e+09
2.857640077199152946e+09
2.864263415796978951e+09
2.870795114515205860e+09
2.877236243376947403e+09
2.883587849707225323e+09
2.889850958954337120e+09
2.896026575471837997e+09
2.902115683263093948e+09
2.908119246690915585e+09
