0.000000000000000000e+00
1.409939262829271555e+08
2.762882811202598810e+08
4.049094776830803752e+08
5.265340070451919436e+08
6.411409095954333544e+08
7.488827214095253944e+08
8.500150199863879681e+08
9.448529190929971933e+08
1.033742731332445741e+09
1.117043111766762018e+09
1.195112480769639015e+09
1.268300741211582899e+09
1.336943982533687115e+09
1.401361277029553413e+09
1.461852941414807320e+09
1.518699818054559708e+09
1.572163256555630445e+09
1.622485566176762581e+09
1.669890774069812059e+09
1.714585571176579952e+09
1.756760361705531359e+09
1.796590357003844261e+09
1.834236672810070038e+09
1.869847402111325264e+09
1.903558645438935280e+09
1.935495487371719837e+09
1.965772912979475021e+09
1.994496661450186491e+09
2.021764016587815523e+09
2.047664535528362036e+09
2.072280718112789154e+09
2.095688620032744408e+09
2.117958413246003389e+09
2.139154897329038858e+09
2.159337965457817554e+09
2.178563028631506920e+09
2.196881401611712456e+09
2.214340653866366863e+09
2.230984928601130486e+09
2.246855232743991375e+09
2.261989700530409336e+09
2.276423833121822357e+09
2.290190716485026360e+09
2.303321219564616680e+09
2.315844174598666668e+09
2.327786541257938862e+09
2.339173556132627964e+09
2.350028868947173595e+09
2.360374666752010345e+09
2.370231787221892357e+09
2.379619822081546783e+09
2.388557211580658913e+09
2.397061330851273060e+09
2.405148568899750233e+09
2.412834400912653923e+09
2.420133454490286350e+09
2.427059570362106323e+09
2.433625858085114002e+09
2.439844747177844524e+09
2.445728034099518299e+09
2.451286925444638729e+09
2.456532077688164234e+09
2.461473633784892082e+09
2.466121256897652626e+09
2.470484161503643036e+09
2.474571142104832649e+09
2.478390599747241974e+09
2.481950566535302162e+09
2.485258728310328960e+09
2.488322445646607399e+09
2.491148773304971695e+09
2.493744478270909309e+09
2.496116056492967606e+09
2.498269748427012920e+09
2.500211553482431889e+09
2.501947243458063602e+09
2.503482375047934532e+09
2.504822301489940166e+09
2.505972183424353123e+09
2.506936999023344517e+09
2.507721553447355270e+09
2.508330487679823399e+09
2.508768286786926270e+09
2.509039287645639896e+09
2.509147686179537773e+09
2.509097544138556957e+09
2.508892795456163406e+09
2.508537252214442730e+09
2.508034610245347023e+09
2.507388454394025326e+09
2.506602263468085289e+09
2.505679414894860744e+09
2.504623189106833458e+09
2.503436773674150944e+09
2.502123267201270580e+09
2.500685683003872395e+09
2.499126952580749989e+09
2.497449928894234180e+09
2.495657389471991062e+09
2.493752039341549873e+09
2.491736513808763504e+09
2.489613381089949608e+09
2.487385144807205200e+09
2.485054246355404854e+09
2.482623067149003029e+09
2.480093930756100655e+09
2.477469104926584244e+09
2.474750803520918846e+09
2.471941188345545769e+09
2.469042370900450706e+09
2.466056414044123650e+09
2.462985333580770016e+09
2.459831099774266720e+09
2.456595638793166161e+09
2.453280834090559483e+09
2.449888527722606182e+09
2.446420521609086990e+09
2.442878578739278793e+09
2.439264424326059341e+09
2.435579746911185265e+09
2.431826199424253941e+09
