0.000000000000000000e+00
2.135367832823688630e+06
7.529457522264159285e+06
1.660485765036427975e+07
2.952443878358026221e+07
4.630471989340191334e+07
6.687196846595913172e+07
9.109568146298117936e+07
1.188103479115642309e+08
1.498302005597462654e+08
1.839594093752853870e+08
2.209991612660725713e+08
2.607525488521448672e+08
3.030278908735117912e+08
3.476409197379949093e+08
3.944161482223089337e+08
4.431876423761305213e+08
4.937993674805987477e+08
5.461052303720438480e+08
5.999689094938994646e+08
6.552635403658905029e+08
7.118713065009679794e+08
7.696829725740391016e+08
8.285973867176551819e+08
8.885209713613775969e+08
9.493672164329214096e+08
1.011056184545344591e+09
1.073514034663954377e+09
1.136672568421593428e+09
1.200468801536363840e+09
1.264844561533457756e+09
1.329746112069770336e+09
1.395123803520472527e+09
1.460931749045189381e+09
1.527127525057932615e+09
1.593671894841428757e+09
1.660528553944010735e+09
1.727663895953788757e+09
1.795046797243742466e+09
1.862648419310068130e+09
1.930442027375121355e+09
1.998402823988536596e+09
2.066507796430328369e+09
2.134735576794137001e+09
2.203066313704447269e+09
2.271481554696640015e+09
2.339964138361668587e+09
2.408498095427129269e+09
2.477068558012875080e+09
2.545661676361775875e+09
2.614264542404610634e+09
2.682865119572365761e+09
2.751452178319454193e+09
2.820015236867738724e+09
2.888544506723885059e+09
2.957030842561714172e+09
3.025465696097072601e+09
3.093841073615527153e+09
3.162149496843130589e+09
3.230383966877846241e+09
3.298537930924104691e+09
3.366605251595674515e+09
3.434580178572694778e+09
3.502457322417509556e+09
3.570231630371074677e+09
3.637898363967277050e+09
3.705453078316665173e+09
3.772891602923985481e+09
3.840210023915637493e+09
3.907404667563837528e+09
3.974472085003978729e+09
4.041409038050515175e+09
4.108212486024748325e+09
4.174879573515209198e+09
4.241407618998011112e+09
4.307794104250625610e+09
4.374036664498076439e+09
4.440133079235598564e+09
4.506081263676428795e+09
4.571879260777594566e+09
4.637525233800399780e+09
4.703017459365846634e+09
4.768354320968393326e+09
4.833534302914421082e+09
4.898555984654435158e+09
4.963418035480484962e+09
5.028119209562544823e+09
5.092658341299636841e+09
5.157034340963359833e+09
5.221246190613235474e+09
5.285292940264854431e+09
5.349173704293233871e+09
5.412887658055186272e+09
5.476434034715671539e+09
5.539812122264263153e+09
5.603021260708874702e+09
5.666060839434864044e+09
5.728930294718482971e+09
5.791629107384472847e+09
5.854156800598335266e+09
5.916512937784488678e+09
5.978697120662165642e+09
6.040708987391469002e+09
6.102548210822567940e+09
6.164214496841478348e+09
6.225707582806365013e+09
6.287027236068695068e+09
6.348173252573989868e+09
6.409145455537256241e+09
6.469943694188549042e+09
6.530567842584391594e+09
6.591017798481081963e+09
6.651293482266201019e+09
6.711394835944836617e+09
6.771321822177318573e+09
6.831074423365429878e+09
6.890652640784291267e+09
6.950056493757266998e+09
7.009286018871441841e+09
7.068341269231350899e+09
7.127222313748796463e+09
7.185929236466745377e+09
