nan
9.495789325346007947e-01
9.140007228818400886e-01
8.774766579605327577e-01
8.414450065642055110e-01
8.066741663951086938e-01
7.735631846372713616e-01
7.422935136536071843e-01
7.129155833464091430e-01
6.854012883627131902e-01
6.596767973230470705e-01
6.356433340905320861e-01
6.131903587024104541e-01
5.922038537465434960e-01
5.725714274748887611e-01
5.541853397043975393e-01
5.369441751319761202e-01
5.207536426507363148e-01
5.055268180422115565e-01
4.911840406688557925e-01
4.776526036092485494e-01
4.648663290079071975e-01
4.527650884179406088e-01
4.412943064393708426e-01
4.304044715688993272e-01
4.200506685805831530e-01
4.101921404033539997e-01
4.007918833031164363e-01
3.918162765032408013e-01
3.832347457035925054e-01
3.750194589551757995e-01
3.671450527901773953e-01
3.595883862425919841e-01
3.523283203186700074e-01
3.453455205187063726e-01
3.386222801247897873e-01
3.321423621214456556e-01
3.258908577868725454e-01
3.198540601682110518e-01
3.140193508266287958e-01
3.083750984019364427e-01
3.029105676991092899e-01
2.976158381393211316e-01
2.924817305454685545e-01
2.874997413470032903e-01
2.826619833918733726e-01
2.779611326452323672e-01
2.733903801363483099e-01
2.689433885877161590e-01
2.646142532246550383e-01
2.603974663205878004e-01
2.562878850834963695e-01
2.522807025335208619e-01
2.483714210609362094e-01
2.445558283884667339e-01
2.408299756925443569e-01
2.371901576652214183e-01
2.336328943224200427e-01
2.301549143853692525e-01
2.267531400808532882e-01
2.234246732224830778e-01
2.201667824499185799e-01
2.169768915160099620e-01
2.138525685233879925e-01
2.107915160223040874e-01
2.077915618906483741e-01
2.048506509251707963e-01
2.019668370801574742e-01
1.991382762962269348e-01
1.963632198676422969e-01
1.936400083016309726e-01
1.909670656277647205e-01
1.883428941195117445e-01
1.857660693937189245e-01
1.832352358570240314e-01
1.807491024711153638e-01
1.783064388113665411e-01
1.759060713957099620e-01
1.735468802627193052e-01
1.712277957797539440e-01
1.689477956637186751e-01
1.667059021985191902e-01
1.645011796346721455e-01
1.623327317577705486e-01
1.601996996136220985e-01
1.581012593788994336e-01
1.560366203670500163e-01
1.540050231600510466e-01
1.520057378573397844e-01
1.500380624339386904e-01
1.481013212004167745e-01
1.461948633578858403e-01
1.443180616417523154e-01
1.424703110484110968e-01
1.406510276394967729e-01
1.388596474186981344e-01
1.370956252765025141e-01
1.353584339985586804e-01
1.336475633336592916e-01
1.319625191176062584e-01
1.303028224494898746e-01
1.286680089171363950e-01
1.270576278687037541e-01
1.254712417275937464e-01
1.239084253480462056e-01
1.223687654089377075e-01
1.208518598434756980e-01
1.193573173026178935e-01
1.178847566501916022e-01
1.164338064877974283e-01
1.150041047077235840e-01
1.135952980721801481e-01
1.122070418172883555e-01
1.108389992803341523e-01
1.094908415489025122e-01
1.081622471305790506e-01
1.068529016419891148e-01
1.055624975160179418e-01
1.042907337261191475e-01
1.030373155266887802e-01
1.018019542085377011e-01
1.005843668685520859e-01
