nan
9.675173180101639403e-01
9.437492566026288721e-01
9.186753636958092661e-01
8.932634815952189555e-01
8.680923457573571644e-01
8.435189198674326594e-01
8.197613823800805610e-01
7.969468986816912182e-01
7.751415603228555273e-01
7.543701276630346841e-01
7.346294605209915396e-01
7.158978296142306519e-01
6.981414425854138850e-01
6.813190406299518553e-01
6.653851366617661300e-01
6.502922864981230955e-01
6.359926669072266670e-01
6.224391548642816963e-01
6.095860473955233561e-01
5.973895227251710960e-01
5.858079158860918234e-01
5.748018621228185854e-01
5.643343470326609435e-01
5.543706918993281940e-01
5.448784949872411687e-01
5.358275439156519049e-01
5.271897100708560213e-01
5.189388329463189287e-01
5.110506000370348412e-01
5.035024262457320487e-01
4.962733355305496974e-01
4.893438466227154060e-01
4.826958639845264076e-01
4.763125747001208943e-01
4.701783516477596736e-01
4.642786630580170715e-01
4.585999883915803377e-01
4.531297403541384994e-01
4.478561927894835204e-01
4.427684141449524380e-01
4.378562061774472491e-01
4.331100475576279418e-01
4.285210420299659928e-01
4.240808707938407696e-01
4.197817487833720995e-01
4.156163845393220924e-01
4.115779433839318879e-01
4.076600136279722175e-01
4.038565755579426875e-01
4.001619729697477035e-01
3.965708870330053593e-01
3.930783122871778779e-01
3.896795345868432348e-01
3.863701108285396701e-01
3.831458503057503795e-01
3.800027975516800938e-01
3.769372165416016163e-01
3.739455761377012966e-01
3.710245366696197644e-01
3.681709375532881690e-01
3.653817858592691148e-01
3.626542457496965133e-01
3.599856287100773877e-01
3.573733845087951333e-01
3.548150928231104118e-01
3.523084554759102760e-01
3.498512892324042722e-01
3.474415191104721079e-01
3.450771721624692479e-01
3.427563716900338120e-01
3.404773318568055651e-01
3.382383526670850737e-01
3.360378152812223407e-01
3.338741776411160433e-01
3.317459703814779615e-01
3.296517930046630740e-01
3.275903102987482995e-01
3.255602489803057775e-01
3.235603945448977670e-01
3.215895883097487640e-01
3.196467246343867030e-01
3.177307483062108973e-01
3.158406520790579264e-01
3.139754743538115678e-01
3.121342969910053666e-01
3.103162432461994413e-01
3.085204758196529173e-01
3.067461950124943937e-01
3.049926369822325567e-01
3.032590720909998372e-01
3.015448033404491968e-01
2.998491648877035232e-01
2.981715206371849947e-01
2.965112629035447922e-01
2.948678111412870728e-01
2.932406107370039705e-01
2.916291318604438687e-01
2.900328683709174626e-01
2.884513367757955971e-01
2.868840752380941717e-01
2.853306426303420795e-01
2.837906176321453033e-01
2.822635978690235525e-01
2.807491990902699075e-01
2.792470543837384245e-01
2.777568134255984367e-01
2.762781417632337311e-01
2.748107201295729163e-01
2.733542437872630293e-01
2.719084219011753678e-01
2.704729769378588777e-01
2.690476440906127142e-01
2.676321707289499585e-01
2.662263158712896982e-01
2.648298496797850676e-01
2.634425529762637330e-01
2.620642167783028276e-01
2.606946418545354471e-01
2.593336382983186250e-01
2.579810251189503800e-01
2.566366298496632337e-01
