nan
9.449589630521374461e-01
9.068541925418852623e-01
8.682368590515116002e-01
8.305913502859589848e-01
7.946577547525174312e-01
7.607781128347692601e-01
7.290692668529281661e-01
6.995193274134795525e-01
6.720444488152352847e-01
6.465230534774741855e-01
6.228165892062449416e-01
6.007820183227363664e-01
5.802791576507412286e-01
5.611747953521004639e-01
5.433447949862418858e-01
5.266749551913532112e-01
5.110611151278032782e-01
4.964088184270796789e-01
4.826327343821506521e-01
4.696559615069873517e-01
4.574092909847055077e-01
4.458304767632239596e-01
4.348635392637821284e-01
4.244581170317188179e-01
4.145688726978589700e-01
4.051549547071735535e-01
3.961795133415847991e-01
3.876092679134209851e-01
3.794141211728720431e-01
3.715668166527572036e-01
3.640426346679526137e-01
3.568191228649525426e-01
3.498758574955000422e-01
3.431942319135433128e-01
3.367572691335568025e-01
3.305494556204561230e-01
3.245565937952844537e-01
3.187656710306449592e-01
3.131647431729660536e-01
3.077428308648814670e-01
3.024898271512253545e-01
2.973964150381501748e-01
2.924539938387177851e-01
2.876546132821508062e-01
2.829909144899551143e-01
2.784560770323349366e-01
2.740437713746113890e-01
2.697481161074434253e-01
2.655636394280629919e-01
2.614852444038161527e-01
2.575081776052901561e-01
2.536280007451721108e-01
2.498405650017868629e-01
2.461419877436043235e-01
2.425286314038160584e-01
2.389970842827298936e-01
2.355441430809509518e-01
2.321667969884016192e-01
2.288622131736926801e-01
2.256277235354499089e-01
2.224608125922788726e-01
2.193591064013542535e-01
2.163203624073491704e-01
2.133424601338093918e-01
2.104233926382650111e-01
2.075612586605213583e-01
2.047542554007826254e-01
2.020006718707029747e-01
1.992988827661458240e-01
1.966473428155353920e-01
1.940445815622024173e-01
1.914891985431765309e-01
1.889798588304882898e-01
1.865152889042817896e-01
1.840942728299251874e-01
1.817156487139041376e-01
1.793783054156191659e-01
1.770811794942870332e-01
1.748232523720422704e-01
1.726035476960119108e-01
1.704211288836884330e-01
1.682750968372731248e-01
1.661645878139369481e-01
1.640887714400477981e-01
1.620468488584422551e-01
1.600380509987409661e-01
1.580616369615440997e-01
1.561168925080936298e-01
1.542031286476950314e-01
1.523196803157999546e-01
1.504659051362362276e-01
1.486411822615854306e-01
1.468449112861783812e-01
1.450765112266242662e-01
1.433354195651664886e-01
1.416210913515369985e-01
1.399329983592998150e-01
1.382706282929818953e-01
1.366334840425646735e-01
1.350210829821671676e-01
1.334329563099833083e-01
1.318686484267468373e-01
1.303277163502042368e-01
1.288097291632458730e-01
1.273142674935244800e-01
1.258409230225307207e-01
1.243892980222512795e-01
1.229590049176581962e-01
1.215496658733967589e-01
1.201609124031633724e-01
1.187923850003490406e-01
1.174437327886387189e-01
1.161146131913374235e-01
1.148046916182688532e-01
1.135136411691852337e-01
1.122411423526772645e-01
1.109868828196610979e-01
1.097505571105583388e-01
1.085318664153564483e-01
1.073305183457865380e-01
1.061462267188965081e-01
