nan
9.600503076796105262e-01
9.315441631303551517e-01
9.020078372194030303e-01
8.725866435102181962e-01
8.439192224244264073e-01
8.163626207287824066e-01
7.901044672766123211e-01
7.652268798496284496e-01
7.417455936146465367e-01
7.196349082962871790e-01
6.988439540584201470e-01
6.793074123059797964e-01
6.609525973984641256e-01
6.437041089382690151e-01
6.274868454864320766e-01
6.122279074170777768e-01
5.978577460174259173e-01
5.843108027975093544e-01
5.715258066940819281e-01
5.594458448041896848e-01
5.480182864552524125e-01
5.371946155991385030e-01
5.269302092499962287e-01
5.171840876402258314e-01
5.079186533577831897e-01
4.990994308579975725e-01
4.906948136562716001e-01
4.826758236754589704e-01
4.750158852725449576e-01
4.676906151423640412e-01
4.606776284070538408e-01
4.539563606182801525e-01
4.475079050323737540e-01
4.413148643008173999e-01
4.353612156033739300e-01
4.296321882056144958e-01
4.241141524233627558e-01
4.187945190072046020e-01
4.136616480092250581e-01
4.087047662536045789e-01
4.039138925971094696e-01
3.992797702312124719e-01
3.947938053421308768e-01
3.904480115069374757e-01
3.862349592621966421e-01
3.821477303357716515e-01
3.781798760824158778e-01
3.743253797094394097e-01
3.705786219203168197e-01
3.669343496417656336e-01
3.633876475338171930e-01
3.599339120130303216e-01
3.565688275465256907e-01
3.532883449992219038e-01
3.500886618388013294e-01
3.469662040227827204e-01
3.439176094098406744e-01
3.409397125534040507e-01
3.380295307498292767e-01
3.351842512261337115e-01
3.324012193637291834e-01
3.296779278647596900e-01
3.270120067768245153e-01
3.244012143000283288e-01
3.218434283076866964e-01
3.193366385185517631e-01
3.168789392643818759e-01
3.144685228019539203e-01
3.121036731234073103e-01
3.097827602230864286e-01
3.075042347829249900e-01
3.052666232418594916e-01
3.030685232179352595e-01
3.009085992545494914e-01
2.987855788648596245e-01
2.966982488506640925e-01
2.946454518741558615e-01
2.926260832628256869e-01
2.906390880295062762e-01
2.886834580910737635e-01
2.867582296707429923e-01
2.848624808701475386e-01
2.829953293985624230e-01
2.811559304476634047e-01
2.793434747011748209e-01
2.775571864696309565e-01
2.757963219412549183e-01
2.740601675406954540e-01
2.723480383879973710e-01
2.706592768508035429e-01
2.689932511833213469e-01
2.673493542460869121e-01
2.657270023010308568e-01
2.641256338767533074e-01
2.625447086993119017e-01
2.609837066841700914e-01
2.594421269852951739e-01
2.579194870976578846e-01
2.564153220096981323e-01
2.549291834025411707e-01
2.534606388930014109e-01
2.520092713176018129e-01
2.505746780550541786e-01
2.491564703848125062e-01
2.477542728794782378e-01
2.463677228289997412e-01
2.449964696947358189e-01
2.436401745915993955e-01
2.422985097966032231e-01
2.409711582822547382e-01
2.396578132733429845e-01
2.383581778257614914e-01
2.370719644260925740e-01
2.357988946107736627e-01
2.345386986037268362e-01
2.332911149714208821e-01
2.320558902943859747e-01
2.308327788542776926e-01
2.296215423356235408e-01
2.284219495414641088e-01
2.272337761221292773e-01
