nan
9.891272474587755603e-01
9.808087401237627345e-01
9.717151231203249306e-01
9.621535343757956493e-01
9.523237960215787945e-01
9.423656335301143772e-01
9.323806438264896634e-01
9.224443299965517928e-01
9.126134291547594035e-01
9.029307148766596569e-01
8.934283173692799673e-01
8.841301125334000144e-01
8.750534943570122959e-01
8.662107213458332122e-01
8.576099585681576931e-01
8.492560960932893366e-01
8.411513993901121866e-01
8.332960310476463794e-01
8.256884724061068770e-01
8.183258663110654085e-01
8.112042970221337024e-01
8.043190195851596114e-01
7.976646482489853085e-01
7.912353114733776671e-01
7.850247795338353152e-01
7.790265695457578854e-01
7.732340318107818744e-01
7.676404206654504625e-01
7.622389524390656979e-01
7.570228526687746706e-01
7.519853943499555937e-01
7.471199286995006128e-01
7.424199096640889950e-01
7.378789132038123810e-01
7.334906522149025054e-01
7.292489878171318773e-01
7.251479376163321167e-01
7.211816814562702627e-01
7.173445650934494600e-01
7.136311021605509231e-01
7.100359747270476030e-01
7.065540327172338264e-01
7.031802924050223336e-01
6.999099341702321730e-01
6.967382996717154109e-01
6.936608885677032488e-01
6.906733548925668709e-01
6.877715031811717505e-01
6.849512844166909531e-01
6.822087918647435911e-01
6.795402568456738734e-01
6.769420444874237885e-01
6.744106494935095952e-01
6.719426919538938892e-01
6.695349132208843201e-01
6.671841718673955368e-01
6.648874397409071380e-01
6.626417981230781074e-01
6.604444340021878856e-01
6.582926364632223359e-01
6.561837931985121664e-01
6.541153871402516362e-01
6.520849932149208605e-01
6.500902752186272782e-01
6.481289828115105456e-01
6.461989486287481599e-01
6.442980855051663180e-01
6.424243838100945903e-01
6.405759088888310915e-01
6.387507986068989840e-01
6.369472609931602358e-01
6.351635719777889433e-01
6.333980732211268450e-01
6.316491700294243339e-01
6.299153293535924014e-01
6.281950778671248070e-01
6.264870001194795535e-01
6.247897367613262087e-01
6.231019828381750836e-01
6.214224861490573737e-01
6.197500456670514968e-01
6.180835100185911868e-01
6.164217760186315731e-01
6.147637872588874730e-01
6.131085327464861345e-01
6.114550455905201076e-01
6.098024017341023839e-01
6.081497187296518447e-01
6.064961545552601807e-01
6.048409064700943638e-01
6.031832099069087683e-01
6.015223373998301870e-01
5.998575975456937881e-01
5.981883339972777769e-01
5.965139244868987722e-01
5.948337798788881914e-01
5.931473432495734111e-01
5.914540889934307710e-01
5.897535219541850671e-01
5.880451765796631536e-01
5.863286160992963181e-01
5.846034317232043920e-01
5.828692418618766080e-01
5.811256913654921918e-01
5.793724507819866254e-01
5.776092156330215888e-01
5.758357057070495610e-01
5.740516643687182397e-01
5.722568578838933551e-01
5.704510747596235332e-01
5.686341250984066065e-01
5.668058399661430879e-01
5.649660707732162557e-01
5.631146886681491770e-01
5.612515839433322995e-01
5.593766654523500970e-01
5.574898600384391445e-01
5.555911119736736126e-01
5.536803824084683967e-01
5.517576488310309557e-01
5.498229045364185774e-01
