nan
9.644612955660838427e-01
9.388747961996514180e-01
9.121828711940944689e-01
8.854142597260966641e-01
8.591585886903817526e-01
8.337596445407181589e-01
8.094112105665216550e-01
7.862117343490225840e-01
7.641980366825548154e-01
7.433670652032977610e-01
7.236903155418966671e-01
7.051235377540803206e-01
6.876133151506368391e-01
6.711015249911834735e-01
6.555283451470848011e-01
6.408342542287589483e-01
6.269613319100111326e-01
6.138540722723485610e-01
6.014598591019325591e-01
5.897292079622992178e-01
5.786158490743494864e-01
5.680767033602812655e-01
5.580717886554318330e-01
5.485640821681027068e-01
5.395193574709422624e-01
5.309060087334658284e-01
5.226948709185761377e-01
5.148590418173513150e-01
5.073737097660672157e-01
5.002159894487093750e-01
4.933647671727540707e-01
4.868005562971836064e-01
4.805053630039491375e-01
4.744625622752421945e-01
4.686567837239792866e-01
4.630738067911070455e-01
4.577004647469316012e-01
4.525245568974469168e-01
4.475347683880679939e-01
4.427205970072648489e-01
4.380722864148272611e-01
4.335807652492664754e-01
4.292375916028617344e-01
4.250349023887696753e-01
4.209653671609213110e-01
4.170221459829486221e-01
4.131988509765255890e-01
4.094895112117924452e-01
4.058885406327283341e-01
4.023907087383554737e-01
3.989911137664847729e-01
3.956851581504020610e-01
3.924685260405095799e-01
3.893371627026471216e-01
3.862872556227069931e-01
3.833152171633626981e-01
3.804176686334211355e-01
3.775914256435782823e-01
3.748334846343382987e-01
3.721410104726827206e-01
3.695113250238447611e-01
3.669418966133375926e-01
3.644303303023528340e-01
3.619743589067835887e-01
3.595718346966224610e-01
3.572207217182853944e-01
3.549190886877031104e-01
3.526651024067556928e-01
3.504570216599253718e-01
3.482931915519268951e-01
3.461720382505575344e-01
3.440920641022079396e-01
3.420518430903252693e-01
3.400500166097194521e-01
3.380852895319673146e-01
3.361564265392822937e-01
3.342622487061806535e-01
3.324016303099993075e-01
3.305734958529457090e-01
3.287768172797825295e-01
3.270106113765924305e-01
3.252739373372450782e-01
3.235658944853032626e-01
3.218856201400809303e-01
3.202322876164779286e-01
3.186051043490647494e-01
3.170033101316032109e-01
3.154261754639363646e-01
3.138729999987496799e-01
3.123431110813498779e-01
3.108358623760661410e-01
3.093506325734321494e-01
3.078868241726944732e-01
3.064438623346378843e-01
3.050211938000718659e-01
3.036182858696726550e-01
3.022346254411944488e-01
3.008697181003434085e-01
2.995230872618872553e-01
2.981942733578066274e-01
2.968828330695372220e-01
2.955883386015337178e-01
2.943103769936172842e-01
2.930485494697087634e-01
2.918024708207330731e-01
2.905717688196337578e-01
2.893560836665732272e-01
2.881550674625085184e-01
2.869683837094899603e-01
2.857957068360948982e-01
2.846367217465521349e-01
2.834911233921826312e-01
2.823586163638837632e-01
2.812389145044557059e-01
2.801317405396641091e-01
2.790368257269743024e-01
2.779539095209940247e-01
2.768827392546912569e-01
2.758230698355325083e-01
2.747746634557253764e-01
2.737372893158159237e-01
