8.221588120833247970e+00 1.084229921808132957e+01 1.305993440233318559e+01 1.875967566386470153e+01 2.069347893827115925e+01 2.335789567758561702e+01 2.528945723510685895e+01 3.098054548598542723e+01 3.320488490432575901e+01 3.587018513713103829e+01
9.096608696560073426e+00 1.208541654952084343e+01 1.460851068979335388e+01 2.109031195172095252e+01 2.328948480741899374e+01 2.631939150336592093e+01 2.851556431863108187e+01 3.498170390517515216e+01 3.750555819220017639e+01 4.052630588195862771e+01
1.008094987730312475e+01 1.348422511062404894e+01 1.635133762490416487e+01 2.371375763434853567e+01 2.621167806495885344e+01 2.965301934297562170e+01 3.214706812984508844e+01 3.948592417594223747e+01 4.234726157742281316e+01 4.576879475247719853e+01
1.118778103824778292e+01 1.505775074452000872e+01 1.831238319917080304e+01 2.666669995358157763e+01 2.950106806029583240e+01 3.340574649493077430e+01 3.623525540671069933e+01 4.455720043309133871e+01 4.779893549862703139e+01 5.167249081767479879e+01
1.243169962123686823e+01 1.682724874492126688e+01 2.051850904071145010e+01 2.999041857852366277e+01 3.320383275948868373e+01 3.763050219138355601e+01 4.083794886400805524e+01 5.026774126009613752e+01 5.393838177974782866e+01 5.832186139938799840e+01
1.382892044862796688e+01 1.881649443822670165e+01 2.299984399241524358e+01 3.373136966541018467e+01 3.737197374547611872e+01 4.238693007846678285e+01 4.602033018918699980e+01 5.669900004448722086e+01 6.085337505130678437e+01 6.581221077570405953e+01
1.539749038037628459e+01 2.105211032301043161e+01 2.579020426004235844e+01 3.794184297098161096e+01 4.206405340229271417e+01 4.774223554563855032e+01 5.185586711859372144e+01 6.394283673925145450e+01 6.864291622817255245e+01 7.425104357433657754e+01
1.715752973483789745e+01 2.356393319566181432e+01 2.892756516734908345e+01 4.268070108397732554e+01 4.734602469809181002e+01 5.377214016411738839e+01 5.842735817697228384e+01 7.210282839545820366e+01 7.741864682580300894e+01 8.375960330036114954e+01
1.913150234155301632e+01 2.638542538698407824e+01 3.245459041920139498e+01 4.801421108750670896e+01 5.329216535210350969e+01 6.056195703002300945e+01 6.582811031805780999e+01 8.129574785361917577e+01 8.730644507637971685e+01 9.447460882063214171e+01
2.134451666051895202e+01 2.955413502581833640e+01 3.641922573560573539e+01 5.401698034776119073e+01 5.998612969324401689e+01 6.820780252301032931e+01 7.416326656005730911e+01 9.165323227036105891e+01 9.844822727658991823e+01 1.065502143223465197e+02
2.382466104741863333e+01 3.311221111180576315e+01 4.087536477131231294e+01 6.077300965764051455e+01 6.752213321556574499e+01 7.681796191688228248e+01 8.355130280303779955e+01 1.033236657613817897e+02 1.110039806125531356e+02 1.201602213326649604e+02
2.660337693755487365e+01 3.710698010988920004e+01 4.588359637792430590e+01 6.837687866875191389e+01 7.600628673493812926e+01 8.651442844836783763e+01 9.412571538337729748e+01 1.164743034094035750e+02 1.251540569162134204e+02 1.355005748863606527e+02
2.971587444468147865e+01 4.159159177392535867e+01 5.151204350750568750e+01 7.693508044792703515e+01 8.555809918271631886e+01 9.743463789973112910e+01 1.060369236027414672e+02 1.312936672653210906e+02 1.411017604634782856e+02 1.527921799158718272e+02
3.320159561834106654e+01 4.662574297438684567e+01 5.783730541467171804e+01 8.656752412486434878e+01 9.631217046938962767e+01 1.097334235185032725e+02 1.194544145070217240e+02 1.479942488124551403e+02 1.590762670817091475e+02 1.722840784720699219e+02
3.710473137849766090e+01 5.227648946083058945e+01 6.494551630949094090e+01 9.740922698921691847e+01 1.084200985512656956e+02 1.235852192248973154e+02 1.345691606289904314e+02 1.668155567220154012e+02 1.793359165513047060e+02 1.942570335283382974e+02
4.147479896033055269e+01 5.861915675357126787e+01 7.293353527154357607e+01 1.096122200854025550e+02 1.220526278767848680e+02 1.391865425899519266e+02 1.515963452962366773e+02 1.880275536627087263e+02 2.021719256278927901e+02 2.190275709458865379e+02
4.636728757092507180e+01 6.573836275394982920e+01 8.191028408441968622e+01 1.233476943823042546e+02 1.374020698209034208e+02 1.567587930556859135e+02 1.707784344979415891e+02 2.119345315064415161e+02 2.279125750510110038e+02 2.469525377644131368e+02
5.184438090192460891e+01 7.372916621403473414e+01 9.199825172057786915e+01 1.388084180078469387e+02 1.546850295859738083e+02 1.765514053691420884e+02 1.923886392618466630e+02 2.388794805721145167e+02 2.569279307252291460e+02 2.784342424198099479e+02
5.797576617803426302e+01 8.269835694152622807e+01 1.033351865320530436e+02 1.562114588850616883e+02 1.741454784113693961e+02 1.988454032788902737e+02 2.167348180859767126e+02 2.692490156580772691e+02 2.896351669550480779e+02 3.139262508831083096e+02
6.483954057129589899e+01 9.276590556273511368e+01 1.160759998189913063e+02 1.758012514423477910e+02 1.960582148542095524e+02 2.239574042672909115e+02 2.441638752772010150e+02 3.034789296305506809e+02 3.265045682935947298e+02 3.539399221799564543e+02
7.252322709642393761e+01 1.040665928563708889e+02 1.303949073946686781e+02 1.978530509585083621e+02 2.207327644501846464e+02 2.522441325458707979e+02 2.750667181599199580e+02 3.420604543735813081e+02 3.680662963497705960e+02 3.990517774217228180e+02
8.112491354492192386e+01 1.167518411365620210e+02 1.464878390856959243e+02 2.226768246127187467e+02 2.485177733158442379e+02 2.841075048164993859e+02 3.098838441342133478e+02 3.855473190944922521e+02 4.149180189285585811e+02 4.499118085098232882e+02
9.075452963782036875e+01 1.309917729410936715e+02 1.645751498473694028e+02 2.506216345195447275e+02 2.798059583009663243e+02 3.200003615013424110e+02 3.491116375980652720e+02 4.345637074628829168e+02 4.677335113122308599e+02 5.072528462363402468e+02
1.015352794027923125e+02 1.469775254101086261e+02 1.849046703899809927e+02 2.820805750280478037e+02 3.150396842423864427e+02 3.604329253871430296e+02 3.933094669319760897e+02 4.898132280055086767e+02 5.272723535044639220e+02 5.719011227905210717e+02
1.136052478371279619e+02 1.649238522656772261e+02 2.077551399619954111e+02 3.174963344512981394e+02 3.547172478217623848e+02 4.059800800453700163e+02 4.431076832210325733e+02 5.520890267671546781e+02 5.943908630526327670e+02 6.447881809062704406e+02
1.271192032321747831e+02 1.850720492730483784e+02 2.334400692869640181e+02 3.573674602775618041e+02 3.993999576125307271e+02 4.572895721213594129e+02 4.992166353144332902e+02 6.222851876685601837e+02 6.700544208356462832e+02 7.269643012529679709e+02
1.422506191390715742e+02 2.076932435348108470e+02 2.623120876749625836e+02 4.022554169038007217e+02 4.497201112306331652e+02 5.150912547557726384e+02 5.624368303217423772e+02 7.014095843589689139e+02 7.553513670427053057e+02 8.196136411863320745e+02
1.591939428852463720e+02 2.330920919980546273e+02 2.947678350937520122e+02 4.527925360644248940e+02 5.063899830910518745e+02 5.802075039680798909e+02 6.336703846233480135e+02 7.905983673111754797e+02 8.515086659127179018e+02 9.240713005994117566e+02
1.781671408457767143e+02 2.616109401947283004e+02 3.312534675086441780e+02 5.096909721159088349e+02 5.702119496536037104e+02 6.535649550209885774e+02 7.139339268754976047e+02 8.911322891189107622e+02 9.599095574671633813e+02 1.041842549203398448e+03
1.994145543772843894e+02 2.936344985002112367e+02 3.722708519082017347e+02 5.737527857499370612e+02 6.420898911115014016e+02 7.362077183363495578e+02 8.043731270315900019e+02 1.004455080675491445e+03 1.082113420760128975e+03 1.174624446059395723e+03
2.232101044827771261e+02 3.295950999652279734e+02 4.183845353684120028e+02 6.458812858870323907e+02 7.230420125452601496e+02 8.293122343306104085e+02 9.062790209613282286e+02 1.132194065280488985e+03 1.219878032123021285e+03 1.324330005735299210e+03
2.498608879440598400e+02 3.699786105854518041e+02 4.702295780947145545e+02 7.270937483586578765e+02 8.142152065098088087e+02 9.342038880951596411e+02 1.021106246117464252e+03 1.276183074285919247e+03 1.375184232834064460e+03 1.493114799424628245e+03
2.797112128810674108e+02 4.153310685179424127e+02 5.285203386099407226e+02 8.185355756230942461e+02 9.169009966769912126e+02 1.052375375245436089e+03 1.150493132759231685e+03 1.438487383390126524e+03 1.550262567764391861e+03 1.683405208302755000e+03
3.131471275060521293e+02 4.662661307371091084e+02 5.940602805626275540e+02 9.214958185404726692e+02 1.032552895934216622e+03 1.185506500053737682e+03 1.296283195934841842e+03 1.621429629640122357e+03 1.747620483144972695e+03 1.897926165341080832e+03
3.506015022271758994e+02 5.234733996163739675e+02 6.677528199005455463e+02 1.037423684959128650e+03 1.162804596796436954e+03 1.335484478812024463e+03 1.460546803674055809e+03 1.827614274495669179e+03 1.970066924761810014e+03 2.139723853059741487e+03
3.925597321331770786e+02 5.877276816351653679e+02 7.506131292373361248e+02 1.167945145336041605e+03 1.309487706020251835e+03 1.504422814436119324e+03 1.645600544281196562e+03 2.059946029812603228e+03 2.220728564552509397e+03 2.412175482736445701e+03
4.395661340271864788e+02 6.598991883540410299e+02 8.437806456451769463e+02 1.314877985867924735e+03 1.474646719087164684e+03 1.694675404793684947e+03 1.854020109372366960e+03 2.321634957502651559e+03 2.503048736174538135e+03 2.718974619831293239e+03
4.922311191052813797e+02 7.409646191979907144e+02 9.485317829083332981e+02 1.480242719187366902e+03 1.660547718429166480e+03 1.908840956038327022e+03 2.088640647569217890e+03 2.616178400860906095e+03 2.820757459890327937e+03 3.064078046850931059e+03
5.512392282604034790e+02 8.320189631535354238e+02 1.066292046280294244e+03 1.666265839699761955e+03 1.869676172554125742e+03 2.149751469448563057e+03 2.352537156190175210e+03 2.947308753746527145e+03 3.177800276145504540e+03 3.451600999764752942e+03
6.173581204761551362e+02 9.342877251324878216e+02 1.198646433417854041e+03 1.875371332793323973e+03 2.104718678277130039e+03 2.420438243011562008e+03 2.648977430629659466e+03 3.318897793924928919e+03 3.578216709348263066e+03 3.885653696054679131e+03
6.914486037946154511e+02 1.049139133017811218e+03 1.347346752324418958e+03 2.110156497023261636e+03 2.368524035561717938e+03 2.724070165256546261e+03 2.981342192976420847e+03 3.734813934169825643e+03 4.025967020958169542e+03 4.370123844049748186e+03
7.744757899688227099e+02 1.178095730697124964e+03 1.514314379799166090e+03 2.373349315264537381e+03 2.664041022046459148e+03 3.063862446726554026e+03 3.353011607685915351e+03 4.198738103566313839e+03 4.524717773093389042e+03 4.908425233022750035e+03
8.675214342639796996e+02 1.322844632097874410e+03 1.701637092739744276e+03 2.667746875645563250e+03 2.994233612941244701e+03 3.442959080988675396e+03 3.767223960926381096e+03 4.713955209916163767e+03 5.077609812020374193e+03 5.503246982047076017e+03
9.717974861964188449e+02 1.485245622626903469e+03 1.911558962038607433e+03 2.996137416524730270e+03 3.361978647885344799e+03 3.864298264184444633e+03 4.226919408274208763e+03 5.283147979517643762e+03 5.687042312612697970e+03 6.156345938800094700e+03
1.088660819994562644e+03 1.667336264714154140e+03 2.146462882764529240e+03 3.361211845264254862e+03 3.769955126300504162e+03 4.330475196337468333e+03 4.734587365837038305e+03 5.908224812986943107e+03 6.354509340313298708e+03 6.868421876106370291e+03
1.219629030044269484e+03 1.871333204021252641e+03 2.408846048150370279e+03 3.765473270044509718e+03 4.220537292897954103e+03 4.843619536508416786e+03 5.292138403872711933e+03 6.590210719914744004e+03 7.080518893854187809e+03 7.639101072343723899e+03
1.366397062494148940e+03 2.099628985613580426e+03 2.701289443232509257e+03 4.211154455811239131e+03 4.715704532088167070e+03 5.405304207580185903e+03 5.900819327184144640e+03 7.329220404260625401e+03 7.864609792253657361e+03 8.467032488752398422e+03
1.530854307976574773e+03 2.354783871555724090e+03 3.026423109768455561e+03 4.700152736596831346e+03 5.256979437216240512e+03 6.016498134154913714e+03 6.561183769265322553e+03 8.124517791859662793e+03 8.705463276382464755e+03 9.350078781206861095e+03
1.715101604472009285e+03 2.639512393837217132e+03 3.386889407897748697e+03 5.233989802006603895e+03 5.845401561553071588e+03 6.677568791345998761e+03 7.273121668654110181e+03 8.974650963895301174e+03 9.601089295092575412e+03 1.028556836758364079e+04
1.921467401559097198e+03 2.956664665261294431e+03 3.785306702917286657e+03 5.813800385134685712e+03 6.481539190274285829e+03 7.388332811959779065e+03 8.035941746902421983e+03 9.877639737997051270e+03 1.054905664211198018e+04 1.127056847137754448e+04
