4.035424554419179272e-02 7.972865366443467050e-02 1.205478051952599133e-01 2.446833324083974581e-01 2.918245406973489220e-01 3.609265378357847109e-01 4.143501953085669820e-01 5.941919209013913905e-01 6.792309703719360270e-01 8.035660766728774940e-01
3.958821356734798513e-02 7.881460380464426485e-02 1.195290719584303357e-01 2.435604564667654126e-01 2.907172066406343292e-01 3.598753228816818917e-01 4.133607625617353176e-01 5.934560470348655414e-01 6.786164156904322953e-01 8.031407486293047349e-01
3.890361219536749016e-02 7.799899439988147720e-02 1.186200092192966904e-01 2.425480760084765819e-01 2.897121416577965181e-01 3.589096881284403739e-01 4.124419643519472434e-01 5.927435822605588989e-01 6.780115405303166476e-01 8.027174046352312242e-01
3.828621469891799883e-02 7.726461581197605066e-02 1.178013838310588285e-01 2.416266219252156677e-01 2.887911463393640910e-01 3.580142676705662663e-01 4.115810044674806933e-01 5.920500365240096707e-01 6.774143531768010984e-01 8.022954927960438409e-01
3.772428911147596153e-02 7.659715173567997748e-02 1.170571419534397750e-01 2.407797352542873914e-01 2.879390259639269534e-01 3.571762764974357185e-01 4.107672796854883179e-01 5.913717978451187296e-01 6.768233004975936495e-01 8.018746036718306103e-01
3.720819294127818838e-02 7.598475469906242064e-02 1.163739660839960277e-01 2.399938404638748135e-01 2.871431879655292896e-01 3.563851535942141879e-01 4.099920640631581903e-01 5.907059718258126368e-01 6.762371731711410705e-01 8.014544335965633204e-01
3.673002966782135115e-02 7.541767234891869065e-02 1.157408761358662275e-01 2.392577506725089009e-01 2.863932696209450235e-01 3.556322347067987222e-01 4.092482232180449375e-01 5.900502476822584441e-01 6.756550308046931352e-01 8.010347572976127539e-01
3.628335688225954592e-02 7.488791901725275202e-02 1.151488726875451452e-01 2.385623081789663980e-01 2.856807994564002362e-01 3.549104571628208249e-01 4.085299594819228886e-01 5.894027869568038147e-01 6.750761428941433051e-01 8.006154075127717151e-01
3.586293817040620696e-02 7.438898855902309482e-02 1.145906209601102177e-01 2.379000623384459889e-01 2.849988943776372019e-01 3.542140978061912859e-01 4.078325878278001859e-01 5.887621315687622259e-01 6.744999423779954872e-01 8.001962598513860936e-01
3.546453247405353254e-02 7.391560510408158591e-02 1.140601738830326201e-01 2.372649853384168339e-01 2.843419929943803992e-01 3.535385438147797266e-01 4.071523415463351170e-01 5.881271282812284840e-01 6.739259891845698069e-01 7.997772215724746614e-01
3.508471587595643482e-02 7.346350857291732150e-02 1.135527321482478896e-01 2.366522250549182860e-01 2.837056242505126558e-01 3.528800950786871171e-01 4.064862058917966814e-01 5.874968670217523004e-01 6.733539416923228771e-01 7.993582232803176923e-01
3.472073158223092787e-02 7.302927181066647122e-02 1.130644386523978473e-01 2.360578930528943187e-01 2.830862093984776173e-01 3.522357959930556559e-01 4.058317773765950931e-01 5.868706308159438167e-01 6.727835344418821029e-01 7.989392127878459648e-01
3.437036442655903162e-02 7.261014614598307326e-02 1.125922043195612815e-01 2.354788849915095683e-01 2.824808946080673566e-01 3.516032939787008260e-01 4.051871460712438422e-01 5.862478553850606344e-01 6.722145607748615248e-01 7.985201505875119121e-01
3.403183660928326554e-02 7.220393216544769566e-02 1.121335620412504813e-01 2.349127302055070976e-01 2.818874110605238958e-01 3.509807217615643071e-01 4.045507981394009800e-01 5.856280967258549186e-01 6.716468593449612667e-01 7.981010065120787145e-01
3.370372169581091482e-02 7.180887254929746444e-02 1.116865453791162505e-01 2.343574670178868447e-01 2.813039592030145419e-01 3.503666003725622868e-01 4.039215358668641342e-01 5.850110052348374001e-01 6.710803036640019537e-01 7.976817572749174134e-01
3.338487418060467893e-02 7.142356394845156276e-02 1.112495887319384924e-01 2.338115403412834858e-01 2.807291138673048136e-01 3.497597599200362173e-01 4.032984125865585745e-01 5.843963051596194891e-01 6.705147940197772050e-01 7.972623846595562336e-01
3.307437219681433338e-02 7.104688508560855209e-02 1.108214458405987618e-01 2.332737182854246749e-01 2.801617471302511597e-01 3.491592753866811782e-01 4.026806801185987550e-01 5.837837783568201599e-01 6.699502512421812161e-01 7.968428741879736155e-01
3.277147122294035708e-02 7.067793851522861936e-02 1.104011237571309451e-01 2.327430247507972505e-01 2.796009660593125057e-01 3.485644149674788639e-01 4.020677466017180124e-01 5.831732515092128422e-01 6.693866119055186248e-01 7.964232141415800159e-01
3.247556690441037036e-02 7.031600375710934936e-02 1.099878297028797913e-01 2.322186853080351054e-01 2.790460628002667254e-01 3.479745987598366619e-01 4.014591428634807779e-01 5.825645861049555396e-01 6.688238246437380186e-01 7.960033948418122618e-01
3.218616536404774603e-02 6.996049980663641976e-02 1.095809285582027975e-01 2.317000840032021891e-01 2.784964747938708518e-01 3.473893659161456648e-01 4.008544957429936439e-01 5.819576706101899921e-01 6.682618473258084002e-01 7.955834081216937026e-01
3.190285961535319764e-02 6.961095530623835625e-02 1.091799090406745387e-01 2.311867290657804996e-01 2.779517532304185967e-01 3.468083486549488614e-01 4.002535070289921504e-01 5.813524143746866546e-01 6.677006448942318650e-01 7.951632469377807322e-01
3.162531091178116815e-02 6.926698492620382563e-02 1.087843569257233856e-01 2.306782258122928586e-01 2.774115381514007384e-01 3.462312517891660280e-01 3.996559369011936647e-01 5.807487429005954160e-01 6.671401877136178271e-01 7.947429050852575783e-01
3.135323406099583404e-02 6.892827074207463767e-02 1.083939339340620756e-01 2.301742553246025058e-01 2.768755388774946646e-01 3.456578366629862176e-01 3.990615909605135792e-01 5.801465941789558656e-01 6.665804503107279899e-01 7.943223769887846064e-01
3.108638590442060548e-02 6.859454760704644660e-02 1.080083611497017898e-01 2.296745577336661015e-01 2.763435186786003528e-01 3.450879085912826882e-01 3.984703101036194961e-01 5.795459158594880034e-01 6.660214104143742375e-01 7.939016575489470373e-01
3.082455630961388610e-02 6.826559170045824743e-02 1.076274060395956134e-01 2.291789191560971717e-01 2.758152828042530480e-01 3.445213070673779354e-01 3.978819626407651411e-01 5.789466630684059201e-01 6.654630482244170420e-01 7.934807420293217284e-01
3.056756114754873715e-02 6.794121158861037013e-02 1.072508723220199772e-01 2.286871615137076874e-01 2.752906691630476188e-01 3.439578981484855968e-01 3.972964381745451856e-01 5.783487967275949826e-01 6.649053458543141559e-01 7.930596259719803198e-01
3.031523683080509374e-02 6.762124126394526702e-02 1.068785920778701215e-01 2.281991346168365797e-01 2.747695410789846027e-01 3.433975685435926573e-01 3.967136428510926183e-01 5.777522822536976799e-01 6.643482868973391575e-01 7.926383051250465162e-01
3.006743607437726423e-02 6.730553473552436383e-02 1.065104196189835262e-01 2.277147100080513520e-01 2.742517816557243915e-01 3.428402210072286627e-01 3.961334956525615625e-01 5.771570885075398838e-01 6.637918560403219814e-01 7.922167753320620287e-01
2.982402461072908295e-02 6.699396182954248102e-02 1.061462267188965081e-01 2.272337761221292773e-01 2.737372893158159237e-01 3.422857706396147948e-01 3.955559253653421203e-01 5.765631867398799404e-01 6.632360385009883341e-01 7.917950321816666914e-01
2.958487864723724145e-02 6.668640492219267413e-02 1.057858988604818140e-01 2.267562342402340558e-01 2.732259739398325005e-01 3.417341414536371191e-01 3.949808675441839334e-01 5.759705487674517954e-01 6.626808185067071255e-01 7.913730696714760260e-01
2.934988289933682104e-02 6.638275635931202567e-02 1.054293321166390462e-01 2.262819942696052966e-01 2.727177523971225370e-01 3.411852616606869115e-01 3.944082596816020914e-01 5.753791419873539592e-01 6.621261743000100841e-01 7.909508754925278495e-01
2.911892906813310505e-02 6.608291629088858254e-02 1.050764300421030834e-01 2.258109680287415377e-01 2.722125404182238473e-01 3.406390535752664706e-01 3.938380297257323970e-01 5.747889145133968647e-01 6.615720626098096080e-01 7.905284163198768033e-01
2.889191465784517535e-02 6.578679050443608789e-02 1.047270992901371545e-01 2.253430544527048607e-01 2.717102333768143252e-01 3.400954080607385688e-01 3.932700659761904083e-01 5.741997539444902987e-01 6.610183753860440214e-01 7.901055973392597798e-01
2.866874204576559323e-02 6.549428747478519552e-02 1.043812412098034936e-01 2.248781044635849435e-01 2.712106597021687882e-01 3.395541215330937779e-01 3.927041423459511904e-01 5.736113845271091360e-01 6.604648324551659622e-01 7.896821635670805417e-01
2.844931772298454203e-02 6.520531311000565822e-02 1.040387339694221619e-01 2.244158416449799354e-01 2.707134754530611254e-01 3.390147534315652855e-01 3.921397495309704162e-01 5.730231373513372528e-01 6.599107436961981765e-01 7.892574856493752566e-01
2.823355161223198989e-02 6.491976040396599257e-02 1.036993954322617539e-01 2.239556978550282518e-01 2.702179467516278577e-01 3.384763338581176506e-01 3.915757503064465350e-01 5.724334891690200378e-01 6.593545368361117820e-01 7.888301444696296238e-01
2.802135632953505623e-02 6.463748930943769011e-02 1.033629111638965231e-01 2.234965027555688988e-01 2.697225417511786572e-01 3.379368201708417008e-01 3.910097429080038323e-01 5.718392290920109033e-01 6.587929151492430968e-01 7.883972103521704744e-01
2.781264617247132531e-02 6.435828969365586794e-02 1.030287054829440579e-01 2.230359492816632039e-01 2.692242345218835431e-01 3.373921804407818414e-01 3.904369958420179088e-01 5.712341015820368018e-01 6.582195072404722902e-01 7.879531253822198433e-01
2.760733546554348244e-02 6.408181756467631884e-02 1.026957283217244943e-01 2.225697537690838335e-01 2.687174237327129567e-01 3.368349899376456569e-01 3.898488330609739538e-01 5.706068183075078126e-01 6.576229279035442632e-01 7.874881638196762346e-01
2.740533564037049216e-02 6.380749248995647160e-02 1.023621296446757534e-01 2.220904519033758684e-01 2.681924047815839041e-01 3.362524839089473527e-01 3.892304224083816822e-01 5.699384544513315110e-01 6.569843051079458096e-01 7.869865752102741530e-01
2.720655003603595148e-02 6.353434312992520261e-02 1.020247992879932675e-01 2.215858288626612882e-01 2.676334152724588744e-01 3.356241264543854963e-01 3.885580623886796259e-01 5.691994474302455309e-01 6.562745365597983938e-01 7.864246888496803090e-01
2.701086483270487976e-02 6.326078902735328413e-02 1.016787655566568499e-01 2.210370743025436846e-01 2.670163977956631074e-01 3.349189225358788491e-01 3.877962581295727462e-01 5.683466605160432117e-01 6.554517729302292706e-01 7.857694236459386028e-01
2.681813374935781633e-02 6.298435107963351598e-02 1.013164711968048276e-01 2.204168677818062749e-01 2.663067705228707172e-01 3.340928846847928679e-01 3.868950828290479427e-01 5.673211851084071222e-01 6.544598006611378471e-01 7.849777291481716546e-01
2.662815314461933203e-02 6.270129106433082466e-02 1.009269785153764087e-01 2.196877127221010806e-01 2.654576284599814429e-01 3.330872138121968584e-01 3.857884695704408284e-01 5.660476401436925764e-01 6.532280230576925639e-01 7.839974162865985807e-01
2.644062302008966941e-02 6.240619239204622803e-02 1.004951920769341922e-01 2.188009141087632337e-01 2.644088716559965246e-01 3.318278049622100379e-01 3.843941014973989434e-01 5.644356120199071070e-01 6.516735554006453102e-01 7.827696023119599111e-01
2.625508830251279541e-02 6.209150963861791162e-02 1.000012212783662896e-01 2.176966051336550745e-01 2.630877324887133661e-01 3.302265998209918396e-01 3.826154223140320054e-01 5.623835495101282556e-01 6.497055704309840918e-01 7.812326442137691451e-01
2.607085398693672132e-02 6.174713244002199425e-02 9.942002883531861346e-02 2.163051506114266331e-01 2.614110340525833687e-01 3.281850698918943876e-01 3.803459780691529901e-01 5.597849501523313176e-01 6.472315474899678067e-01 7.793270751436132127e-01
2.588686775735257045e-02 6.136002823324349098e-02 9.872151741607279596e-02 2.145500896668205149e-01 2.592892675094761179e-01 3.255997640603434662e-01 3.774758839760086748e-01 5.565361755844168146e-01 6.441646348260432475e-01 7.770008075385068658e-01
2.570156526108884065e-02 6.091404516576006539e-02 9.787118898613705875e-02 2.123525489537144983e-01 2.566322705075230748e-01 3.223694667194414443e-01 3.738997854760395256e-01 5.525448581411024351e-01 6.404310662603083237e-01 7.742138030870572285e-01
2.551267713963556102e-02 6.038996702125802585e-02 9.683146583429762255e-02 2.096368018503026176e-01 2.533559849636122796e-01 3.184031796717963214e-01 3.695253586254143019e-01 5.477377159239824600e-01 6.359765552228392460e-01 7.709415409178600465e-01
