3.890451449942804452e+00
4.182235308688515119e+00
4.474019167434224897e+00
4.765803026179935564e+00
5.057586884925646231e+00
5.349370743671356010e+00
5.641154602417067565e+00
5.932938461162777344e+00
6.224722319908487123e+00
6.516506178654197790e+00
6.808290037399908456e+00
7.100073896145618235e+00
7.391857754891329790e+00
7.683641613637039569e+00
7.975425472382750236e+00
8.267209331128459127e+00
8.558993189874170682e+00
8.850777048619882237e+00
9.142560907365592016e+00
9.434344766111301794e+00
9.726128624857011573e+00
1.001791248360272313e+01
1.030969634234843291e+01
1.060148020109414446e+01
1.089326405983985424e+01
1.118504791858556402e+01
1.147683177733127380e+01
1.176861563607698358e+01
1.206039949482269691e+01
1.235218335356840669e+01
1.264396721231411647e+01
1.293575107105982624e+01
1.322753492980553602e+01
1.351931878855124580e+01
1.381110264729695913e+01
1.410288650604266891e+01
1.439467036478837869e+01
1.468645422353408847e+01
1.497823808227979825e+01
1.527002194102550803e+01
1.556180579977121781e+01
1.585358965851693114e+01
1.614537351726264092e+01
1.643715737600835070e+01
1.672894123475406047e+01
1.702072509349977025e+01
1.731250895224548358e+01
1.760429281099119336e+01
1.789607666973690669e+01
1.818786052848261292e+01
1.847964438722832270e+01
1.877142824597403603e+01
1.906321210471974581e+01
1.935499596346545559e+01
1.964677982221116537e+01
1.993856368095687515e+01
2.023034753970258848e+01
2.052213139844829826e+01
2.081391525719400803e+01
2.110569911593971781e+01
2.139748297468542759e+01
2.168926683343114092e+01
2.198105069217685070e+01
2.227283455092256048e+01
2.256461840966827026e+01
2.285640226841397649e+01
2.314818612715968982e+01
2.343996998590539960e+01
2.373175384465111293e+01
2.402353770339682271e+01
2.431532156214253249e+01
2.460710542088824226e+01
2.489888927963395204e+01
2.519067313837966537e+01
2.548245699712537515e+01
2.577424085587108138e+01
2.606602471461679471e+01
2.635780857336250449e+01
2.664959243210821427e+01
2.694137629085392405e+01
2.723316014959963383e+01
2.752494400834534360e+01
2.781672786709106049e+01
2.810851172583677027e+01
2.840029558458248005e+01
2.869207944332818983e+01
2.898386330207389605e+01
2.927564716081960938e+01
2.956743101956531916e+01
2.985921487831102894e+01
3.015099873705673872e+01
3.044278259580244850e+01
3.073456645454816183e+01
3.102635031329387161e+01
3.131813417203958139e+01
3.160991803078528761e+01
3.190170188953100805e+01
3.219348574827671428e+01
3.248526960702242405e+01
3.277705346576813383e+01
3.306883732451384361e+01
3.336062118325955339e+01
3.365240504200526317e+01
3.394418890075097295e+01
3.423597275949668273e+01
3.452775661824239251e+01
3.481954047698810228e+01
3.511132433573381206e+01
3.540310819447952184e+01
3.569489205322523162e+01
3.598667591197094140e+01
3.627845977071665828e+01
3.657024362946236806e+01
3.686202748820807784e+01
3.715381134695378762e+01
3.744559520569949740e+01
3.773737906444520718e+01
3.802916292319091696e+01
3.832094678193662673e+01
3.861273064068233651e+01
3.890451449942804629e+01
