1.396368361055936930e+03
1.501095988135132302e+03
1.605823615214327447e+03
1.710551242293522819e+03
1.815278869372717963e+03
1.920006496451913335e+03
2.024734123531108708e+03
2.129461750610304080e+03
2.234189377689498997e+03
2.338917004768694369e+03
2.443644631847889741e+03
2.548372258927085113e+03
2.653099886006280485e+03
2.757827513085475402e+03
2.862555140164670775e+03
2.967282767243866147e+03
3.072010394323061519e+03
3.176738021402256891e+03
3.281465648481451808e+03
3.386193275560647635e+03
3.490920902639842552e+03
3.595648529719037924e+03
3.700376156798233296e+03
3.805103783877428668e+03
3.909831410956624040e+03
4.014559038035818958e+03
4.119286665115014330e+03
4.224014292194209702e+03
4.328741919273405074e+03
4.433469546352600446e+03
4.538197173431795818e+03
4.642924800510991190e+03
4.747652427590185653e+03
4.852380054669381934e+03
4.957107681748577306e+03
5.061835308827772678e+03
5.166562935906966231e+03
5.271290562986162513e+03
5.376018190065358795e+03
5.480745817144553257e+03
5.585473444223747720e+03
5.690201071302944911e+03
5.794928698382138464e+03
5.899656325461333836e+03
6.004383952540529208e+03
6.109111579619724580e+03
6.213839206698919952e+03
6.318566833778115324e+03
6.423294460857310696e+03
6.528022087936506068e+03
6.632749715015701440e+03
6.737477342094896812e+03
6.842204969174092184e+03
6.946932596253287556e+03
7.051660223332482929e+03
7.156387850411676482e+03
7.261115477490873673e+03
7.365843104570069045e+03
7.470570731649264417e+03
7.575298358728459789e+03
7.680025985807653342e+03
7.784753612886850533e+03
7.889481239966045905e+03
7.994208867045239458e+03
8.098936494124434830e+03
8.203664121203630202e+03
8.308391748282825574e+03
8.413119375362020946e+03
8.517847002441218137e+03
8.622574629520411690e+03
8.727302256599607063e+03
8.832029883678802435e+03
8.936757510757995988e+03
9.041485137837193179e+03
9.146212764916388551e+03
9.250940391995582104e+03
9.355668019074779295e+03
9.460395646153974667e+03
9.565123273233170039e+03
9.669850900312363592e+03
9.774578527391558964e+03
9.879306154470752517e+03
9.984033781549951527e+03
1.008876140862914690e+04
1.019348903570834045e+04
1.029821666278753582e+04
1.040294428986673120e+04
1.050767191694592657e+04
1.061239954402512194e+04
1.071712717110431731e+04
1.082185479818351268e+04
1.092658242526270624e+04
1.103131005234190343e+04
1.113603767942109880e+04
1.124076530650029235e+04
1.134549293357948773e+04
1.145022056065868492e+04
1.155494818773788029e+04
1.165967581481707566e+04
1.176440344189627103e+04
1.186913106897546459e+04
1.197385869605466178e+04
1.207858632313385715e+04
1.218331395021305070e+04
1.228804157729224607e+04
1.239276920437144145e+04
1.249749683145063682e+04
1.260222445852983219e+04
1.270695208560902756e+04
1.281167971268822112e+04
1.291640733976741649e+04
1.302113496684661550e+04
1.312586259392580905e+04
1.323059022100500442e+04
1.333531784808419980e+04
1.344004547516339517e+04
1.354477310224259054e+04
1.364950072932178591e+04
1.375422835640098128e+04
1.385895598348017484e+04
1.396368361055937021e+04
