nan
9.574573426020381157e+04
9.986753146489930805e+04
1.040173508007730416e+05
1.081601052409994445e+05
1.122783379276410124e+05
1.163618932491595187e+05
1.204045377739968535e+05
1.244023879508581886e+05
1.283530417156585027e+05
1.322550550027742283e+05
1.361076112403799198e+05
1.399103072964266175e+05
1.436630128019949479e+05
1.473657769128587097e+05
1.510187662334718043e+05
1.546222234264665167e+05
1.581764396500213479e+05
1.616817362823300355e+05
1.651384529010658152e+05
1.685469394801169110e+05
1.719075514273392328e+05
1.752206465303106525e+05
1.784865831758605782e+05
1.817057194116054743e+05
1.848784125554726925e+05
1.880050191532645549e+05
1.910858951487267914e+05
1.941213961747755529e+05
1.971118779048853030e+05
2.000576964244832634e+05
2.029592085964769940e+05
2.058167724048218224e+05
2.086307472666659160e+05
2.114014943080872181e+05
2.141293766014267749e+05
2.168147593641623680e+05
2.194580101205085812e+05
2.220594988276764925e+05
2.246195979691497923e+05
2.271386826175278111e+05
2.296171304695393192e+05
2.320553218557879445e+05
2.344536397276832140e+05
2.368124696238801407e+05
2.391321996183967276e+05
2.414132202524137101e+05
2.436559244516082108e+05
2.458607074307173025e+05
2.480279665868814045e+05
2.501581013831851305e+05
2.522515132236836362e+05
2.543086053210918326e+05
2.563297825582038495e+05
2.583154513440227602e+05
2.602660194654805236e+05
2.621818959355621482e+05
2.640634908385685994e+05
2.659112151731914491e+05
2.677254806940085837e+05
2.695066997519646538e+05
2.712552851343431394e+05
2.729716499046994140e+05
2.746562072431732086e+05
2.763093702875785530e+05
2.779315519756185240e+05
2.795231648885483155e+05
2.810846210965868086e+05
2.826163320063369465e+05
2.841187082104643923e+05
2.855921593398542027e+05
2.870370939184434246e+05
2.884539192209129105e+05
2.898430411334004020e+05
2.912048640173771419e+05
2.925397905768239871e+05
2.938482217288152897e+05
2.951305564776150859e+05
2.963871917923745932e+05
2.976185224885017378e+05
2.988249411127748317e+05
3.000068378322447534e+05
3.011646003269774374e+05
3.022986136866645538e+05
3.034092603111296194e+05
3.044969198147461866e+05
3.055619689347769017e+05
3.066047814436295303e+05
3.076257280650336179e+05
3.086251763941149693e+05
3.096034908213547315e+05
3.105610324604086345e+05
3.114981590797535027e+05
3.124152250381283811e+05
3.133125812237305799e+05
3.141905749971202458e+05
3.150495501377883484e+05
3.158898467943334254e+05
3.167118014381955145e+05
3.175157468208828941e+05
3.183020119346380234e+05
3.190709219764693407e+05
3.198227983154927497e+05
3.205579584635049687e+05
3.212767160487250658e+05
3.219793807926263544e+05
3.226662584897908382e+05
3.233376509907060536e+05
3.239938561874307925e+05
3.246351680020535714e+05
3.252618763778615976e+05
3.258742672731485218e+05
3.264726226575775072e+05
3.270572205110206269e+05
3.276283348247996182e+05
3.281862356052419636e+05
3.287311888794829138e+05
3.292634567034235224e+05
3.297832971717768232e+05
3.302909644301173976e+05
3.307867086888595950e+05
