nan
9.604239585035358323e+04
1.002308701370036433e+05
1.044581924286283756e+05
1.087058633149897505e+05
1.129649177859084448e+05
1.172299636885791988e+05
1.214974275228930928e+05
1.257648199922772910e+05
1.300303588985132519e+05
1.342927485036454455e+05
1.385510389496723074e+05
1.428045315313928295e+05
1.470527124524584215e+05
1.512952053234005289e+05
1.555317365018922719e+05
1.597621094879809534e+05
1.639861858358798490e+05
1.682038708261516585e+05
1.724151026546149806e+05
1.766198442418142804e+05
1.808180770087395213e+05
1.850097961361202470e+05
1.891950069483343686e+05
1.933737221531420364e+05
1.975459597348670650e+05
2.017117413478865055e+05
2.058710910940678150e+05
2.100240345953972137e+05
2.141705982938834641e+05
2.183108089265997696e+05
2.224446931357384019e+05
2.265722771827326796e+05
2.306935867425127944e+05
2.348086467593711277e+05
2.389174813500697783e+05
2.430201137430346571e+05
2.471165662449727824e+05
2.512068602281824278e+05
2.552910161333201977e+05
2.593690534835688886e+05
2.634409909070552094e+05
2.675068461650836398e+05
2.715666361843027407e+05
2.756203770913722110e+05
2.796680842490123468e+05
2.837097722926172428e+05
2.877454551667904016e+05
2.917751461613479187e+05
2.957988579464455252e+05
2.998166026065954356e+05
3.038283916734068771e+05
3.078342361569472705e+05
3.118341465756645775e+05
3.158281329848544556e+05
3.198162050036583678e+05
3.237983718406325206e+05
3.277746423179088160e+05
3.317450248939997982e+05
3.357095276852954412e+05
3.396681584863142343e+05
3.436209247887597885e+05
3.475678337994525209e+05
3.515088924571812386e+05
3.554441074485539575e+05
3.593734852228847449e+05
3.632970320061897510e+05
3.672147538143288111e+05
3.711266564653656096e+05
3.750327455911696889e+05
3.789330266483250307e+05
3.828275049283861299e+05
3.867161855675108964e+05
3.905990735555270221e+05
3.944761737444518367e+05
3.983474908565109945e+05
4.022130294916841667e+05
4.060727941348026507e+05
4.099267891622391180e+05
4.137750188482042868e+05
4.176174873706812505e+05
4.214541988170150435e+05
4.252851571891896892e+05
4.291103664087972720e+05
4.329298303217303474e+05
4.367435527026132913e+05
4.405515372589781182e+05
4.443537876352203311e+05
4.481503074163218844e+05
4.519411001313843299e+05
4.557261692569575389e+05
4.595055182201971184e+05
4.632791504018441774e+05
4.670470691390485154e+05
4.708092777280432056e+05
4.745657794266710407e+05
4.783165774567851331e+05
4.820616750065143569e+05
4.858010752324178466e+05
4.895347812615199364e+05
4.932627961932457401e+05
4.969851231012469507e+05
5.007017650351434713e+05
5.044127250221634749e+05
5.081180060687069199e+05
5.118176111618167488e+05
5.155115432705894345e+05
5.191998053474905319e+05
5.228824003296209848e+05
5.265593311399000231e+05
5.302306006881908979e+05
5.338962118723676540e+05
5.375561675793167669e+05
5.412104706858892459e+05
5.448591240597941214e+05
5.485021305604337249e+05
5.521394930397098651e+05
5.557712143427544506e+05
5.593972973086301936e+05
5.630177447709852131e+05
5.666325595586551353e+05
