nan
9.597449247660420951e+04
1.001464749406065530e+05
1.043557110639494495e+05
1.085803763083664089e+05
1.128097551751388382e+05
1.170374033909836726e+05
1.212590939886447450e+05
1.254719346513730416e+05
1.296739033646134194e+05
1.338635720532798441e+05
1.380399290709017951e+05
1.422022596222032444e+05
1.463500627289883851e+05
1.504829924111985310e+05
1.546008154541394324e+05
1.587033807962897117e+05
1.627905971890178917e+05
1.668624168127564189e+05
1.709188232196182944e+05
1.749598224396767037e+05
1.789854364130313334e+05
1.829956981390850269e+05
1.869906480981290515e+05
1.909703316182309936e+05
1.949347969459574379e+05
1.988840938419162412e+05
2.028182725679397990e+05
2.067373831665278412e+05
2.106414749582048971e+05
2.145305962010557123e+05
2.184047938705692941e+05
2.222641135283198091e+05
2.261085992557988211e+05
2.299382936355681159e+05
2.337532377663307125e+05
2.375534713018473994e+05
2.413390325061493786e+05
2.451099583194168808e+05
2.488662844303263410e+05
2.526080453517859860e+05
2.563352744977934344e+05
2.600480042597913998e+05
2.637462660813630209e+05
2.674300905304789194e+05
2.710995073687607655e+05
2.747545456174498540e+05
2.783952336198913981e+05
2.820215991004794487e+05
2.856336692200718098e+05
2.892314706279441598e+05
2.928150295103963581e+05
2.963843716361430706e+05
2.999395223986444762e+05
3.034805068555311882e+05
3.070073497653009254e+05
3.105200756214343710e+05
3.140187086841057753e+05
3.175032730096404557e+05
3.209737924778629676e+05
3.244302908174877521e+05
3.278727916296830517e+05
3.313013184099358623e+05
3.347158945683334605e+05
3.381165434483870049e+05
3.415032883444788749e+05
3.448761525180551689e+05
3.482351592126356554e+05
3.515803316677325638e+05
3.549116931317571434e+05
3.582292668739833171e+05
3.615330761956328643e+05
3.648231444401505287e+05
3.680994950027212035e+05
3.713621513390848995e+05
3.746111369736920460e+05
3.778464755072579719e+05
3.810681906237401417e+05
3.842763060967953643e+05
3.874708457957390929e+05
3.906518336910455837e+05
3.938192938594208099e+05
3.969732504884751979e+05
4.001137278810195276e+05
4.032407504590143799e+05
4.063543427671892568e+05
4.094545294763605343e+05
4.125413353864590172e+05
4.156147854292897973e+05
4.186749046710410039e+05
4.217217183145582094e+05
4.247552517013922916e+05
4.277755303136481089e+05
4.307825797756276443e+05
4.337764258552957908e+05
4.367570944655711646e+05
4.397246116654561483e+05
4.426790036610064562e+05
4.456202968061661813e+05
4.485485176034586621e+05
4.514636927045518532e+05
4.543658489107000642e+05
4.572550131730705616e+05
4.601312125929644681e+05
4.629944744219283457e+05
4.658448260617739288e+05
4.686822950645021047e+05
4.715069091321386513e+05
4.743186961164846434e+05
4.771176840187940397e+05
4.799039009893667535e+05
4.826773753270762973e+05
4.854381354788251338e+05
4.881862100389351835e+05
4.909216277484766906e+05
4.936444174945368432e+05
4.963546083094315254e+05
4.990522293698598514e+05
5.017373099960130057e+05
5.044098796506218496e+05
5.070699679379694862e+05
