0.000000000000000000e+00
3.798193078872884158e+06
1.307853189380189031e+07
2.816693067590121180e+07
4.893082617635273933e+07
7.502727309115044773e+07
1.060212607595957518e+08
1.414490345472643077e+08
1.808527940425281525e+08
2.237991858891572058e+08
2.698883097928234935e+08
3.187571371894173026e+08
3.700796869830583930e+08
4.235653899255506992e+08
4.789565181706445217e+08
5.360252124715306759e+08
5.945704242210021019e+08
6.544149545690385103e+08
7.154026885841301680e+08
7.773960703713893890e+08
8.402738335214900970e+08
9.039289827646989822e+08
9.682670124432070255e+08
1.033204342302620411e+09
1.098666949151587963e+09
1.164589172871732473e+09
1.230912676265410900e+09
1.297585539793566704e+09
1.364561474061918736e+09
1.431799134768438339e+09
1.499261526616778612e+09
1.566915484368556261e+09
1.634731220723815680e+09
1.702681932075016022e+09
1.770743454378426552e+09
1.838893962437375307e+09
1.907113706807063818e+09
1.975384783324498177e+09
2.043690930953437805e+09
2.112017354226281881e+09
2.180350567074677944e+09
2.248678255279320240e+09
2.316989155146577835e+09
2.385272946343861103e+09
2.453520157104382992e+09
2.521722080251695156e+09
2.589870698700615883e+09
2.657958619268684864e+09
2.725979013785261631e+09
2.793925566617210388e+09
2.861792427843944550e+09
2.929574171412887096e+09
2.997265757691405296e+09
3.064862499904855728e+09
3.132360034014128685e+09
3.199754291641394615e+09
3.267041475700793743e+09
3.334218038432574272e+09
3.401280661575553894e+09
3.468226238444461346e+09
3.535051857706375122e+09
3.601754788674627304e+09
3.668332467959663391e+09
3.734782487334867954e+09
3.801102582691555977e+09
3.867290623971586704e+09
3.933344605978558540e+09
3.999262639979530334e+09
4.065042946018935680e+09
4.130683845874861240e+09
4.196183756595439434e+09
4.261541184559739113e+09
4.326754720013450623e+09
4.391823032034871101e+09
4.456744863891336441e+09
4.521519028750341415e+09
4.586144405713242531e+09
4.650619936142691612e+09
4.714944620257826805e+09
4.779117513973825455e+09
4.843137725964728355e+09
4.907004414930499077e+09
4.970716787051082611e+09
5.034274093611933708e+09
5.097675628786885262e+09
5.160920727565595627e+09
5.224008763813979149e+09
5.286939148457080841e+09
5.349711327774822235e+09
5.412324781801913261e+09
5.474779022823964119e+09
5.537073593962593079e+09
5.599208067842885017e+09
5.661182045337186813e+09
5.722995154379700661e+09
5.784647048846825600e+09
5.846137407498611450e+09
5.907465932977069855e+09
5.968632350857456207e+09
6.029636408748907089e+09
6.090477875441160202e+09
6.151156540094312668e+09
6.211672211468809128e+09
6.272024717193088531e+09
6.332213903066497803e+09
6.392239632395282745e+09
6.452101785359595299e+09
6.511800258409657478e+09
6.571334963689319611e+09
6.630705828485385895e+09
6.689912794701231003e+09
6.748955818353266716e+09
6.807834869089005470e+09
6.866549929725480080e+09
6.925100995806903839e+09
6.983488075180522919e+09
7.041711187589679718e+09
7.099770364283176422e+09
7.157665647640075684e+09
7.215397090809152603e+09
7.272964757362230301e+09
7.330368720960730553e+09
