0.000000000000000000e+00
3.374254497816608906e+09
6.754791245096639633e+09
1.012680214728077888e+10
1.348437796710464478e+10
1.682459711542802429e+10
2.014605900346193314e+10
2.344822494508649063e+10
2.673105944796035767e+10
2.999481778768514252e+10
3.323991542318563080e+10
3.646684671065541840e+10
3.967613449930950165e+10
4.286829945509838104e+10
4.604384208274589539e+10
4.920323291281452942e+10
5.234690789339880371e+10
5.547526704213607788e+10
5.858867508072235107e+10
6.168746321529868317e+10
6.477193151950398254e+10
6.784235157247850037e+10
7.089896913421365356e+10
7.394200672690591431e+10
7.697166604780279541e+10
7.998813017605403137e+10
8.299156555983087158e+10
8.598212378483090210e+10
8.895994313421745300e+10
9.192514995506491089e+10
9.487785984883502197e+10
9.781817870422488403e+10
1.007462035905008850e+11
1.036620235285874634e+11
1.065657201559741516e+11
1.094573683001302643e+11
1.123370364736794739e+11
1.152047873031565094e+11
1.180606779018133698e+11
1.209047601956476440e+11
1.237370812106512451e+11
1.265576833281911926e+11
1.293666045144561920e+11
1.321638785290286560e+11
1.349495351168527527e+11
1.377236001871838074e+11
1.404860959824858398e+11
1.432370412397160339e+11
1.459764513459635010e+11
1.487043384900115356e+11
1.514207118110420532e+11
1.541255775454070435e+11
1.568189391721394348e+11
1.595007975576672363e+11
1.621711511000156860e+11
1.648299958726411743e+11
1.674773257679220886e+11
1.701131326402386169e+11
1.727374064485012512e+11
1.753501353979329529e+11
1.779513060808691711e+11
1.805409036163139648e+11
1.831189117879747925e+11
1.856853131804890747e+11
1.882400893135592651e+11
1.907832207737163086e+11
1.933146873434451294e+11
1.958344681274189453e+11
1.983425416756077576e+11
2.008388861030446777e+11
2.033234792060598145e+11
2.057962985748040466e+11
2.082573217019206543e+11
2.107065260872295532e+11
2.131438893383273926e+11
2.155693892670125732e+11
2.179830039814788818e+11
2.203847119742293091e+11
2.227744922056885376e+11
2.251523241835077515e+11
2.275181880375673218e+11
2.298720645907067871e+11
2.322139354252158508e+11
2.345437829451397400e+11
2.368615904344606934e+11
2.391673421112265320e+11
2.414610231777091064e+11
2.437426198666823120e+11
2.460121194839123535e+11
2.482695104469673462e+11
2.505147823204497070e+11
2.527479258477629395e+11
2.549689329795287476e+11
2.571777968987708740e+11
2.593745120429833984e+11
2.615590741232051697e+11
2.637314801402207336e+11
2.658917283980078735e+11
2.680398185145532837e+11
2.701757514301559448e+11
2.722995294133373413e+11
2.744111560644733276e+11
2.765106363172664795e+11
2.785979764381696777e+11
2.806731840238723145e+11
2.827362679969589844e+11
2.847872385998442383e+11
2.868261073870890503e+11
2.888528872161955566e+11
2.908675922369826660e+11
2.928702378796301270e+11
2.948608408414870605e+11
2.968394190727307739e+11
2.988059917609597168e+11
3.007605793148043213e+11
3.027032033466313477e+11
3.046338866544197388e+11
3.065526532028767090e+11
3.084595281038667603e+11
3.103545375962166748e+11
3.122377090249608154e+11
3.141090708200859985e+11
