0.000000000000000000e+00
1.456898081040480733e+08
2.908569161156563759e+08
4.347026098744678497e+08
5.769407506208846569e+08
7.174572292603849173e+08
8.562209541177128553e+08
9.932437831448678970e+08
1.128559485728996277e+09
1.262212053525177956e+09
1.394249118777592182e+09
1.524718303324628353e+09
1.653665283488544941e+09
1.781132862333250999e+09
1.907160626739063740e+09
2.031784934940158367e+09
2.155039081387858391e+09
2.276953547463244915e+09
2.397556284321831703e+09
2.516872997271377563e+09
2.634927415163655758e+09
2.751741536760871410e+09
2.867335851047331810e+09
2.981729531324254036e+09
3.094940604479316711e+09
3.206986097581189632e+09
3.317882164236084938e+09
3.427644193159519196e+09
3.536286901285354137e+09
3.643824413531079292e+09
3.750270331108038902e+09
3.855637790033373833e+09
3.959939511281201363e+09
4.063187843810422421e+09
4.165394801528675079e+09
4.266572095095901012e+09
4.366731159335959435e+09
4.465883176908731461e+09
4.564039098796094894e+09
4.661209662070709229e+09
4.757405405345254898e+09
4.852636682239035606e+09
4.946913673147848129e+09
5.040246395559684753e+09
5.132644713122329712e+09
5.224118343638136864e+09
5.314676866135060310e+09
5.404329727141155243e+09
5.493086246270979881e+09
5.580955621216556549e+09
5.667946932222291946e+09
5.754069146111700058e+09
5.839331119924281120e+09
5.923741604212629318e+09
6.007309246042899132e+09
6.090042591735685349e+09
6.171950089379486084e+09
6.253040091144361496e+09
6.333320855419733047e+09
6.412800548797266006e+09
6.491487247916620255e+09
6.569388941189999580e+09
6.646513530418956757e+09
6.722868832315496445e+09
6.798462579937695503e+09
6.873302424049175262e+09
6.947395934410103798e+09
7.020750601006925583e+09
7.093373835226814270e+09
7.165272970982303619e+09
7.236455265790766716e+09
7.306927901813104630e+09
7.376697986855060577e+09
7.445772555334737778e+09
7.514158569218969345e+09
7.581862918931299210e+09
7.648892424233739853e+09
7.715253835084393501e+09
7.780953832472727776e+09
7.845999029234177589e+09
7.910395970845455170e+09
7.974151136201904297e+09
8.037270938378038406e+09
8.099761725372362137e+09
8.161629780837366104e+09
8.222881324795545578e+09
8.283522514342238426e+09
8.343559444335956573e+09
8.402998148076879501e+09
8.461844597974003792e+09
8.520104706201543808e+09
8.577784325345031738e+09
8.634889249037517548e+09
8.691425212586338043e+09
8.747397893590755463e+09
8.802812912550811768e+09
8.857675833467704773e+09
8.911992164436050415e+09
8.965767358228122711e+09
9.019006812870475769e+09
9.071715872213075638e+09
9.123899826491249084e+09
9.175563912880489349e+09
9.226713316044479370e+09
9.277353168676364899e+09
9.327488552033496857e+09
9.377124496465812683e+09
9.426265981937942505e+09
9.474917938545234680e+09
9.523085247023744583e+09
9.570772739254407883e+09
9.617985198761425018e+09
9.664727361205028534e+09
9.711003914868675232e+09
9.756819501140827179e+09
9.802178714991350174e+09
9.847086105442653656e+09
9.891546176035667419e+09
9.935563385290735245e+09
9.979142147163448334e+09
1.002228683149557495e+10
1.006500176446111298e+10
