0.000000000000000000e+00
2.012467250127433836e+08
4.098192675087720156e+08
6.257083748400812149e+08
8.490530420659972429e+08
1.080041059830366611e+09
1.318888431586450577e+09
1.565831502910361052e+09
1.821123202991245747e+09
2.085031029525654554e+09
2.357835906411660194e+09
2.639831532345280647e+09
2.931324030798846245e+09
3.232631798248103619e+09
3.544085490342802048e+09
3.866028108665729523e+09
4.198815163822807789e+09
4.542814898481788635e+09
4.898408558924341202e+09
5.265990706903297424e+09
5.645969565772032738e+09
6.038767396362878799e+09
6.444820899168697357e+09
6.864581640170131683e+09
7.298516498242986679e+09
7.747108132535748482e+09
8.210855468566552162e+09
8.690274202079092026e+09
9.185897319936691284e+09
9.698275637535387039e+09
1.022797835239014626e+10
1.077559361369885445e+10
1.134172910782108307e+10
1.192701265972604942e+10
1.253209285056967545e+10
1.315763965165370941e+10
1.380434507510586166e+10
1.447292384169485664e+10
1.516411406626355553e+10
1.587867796132547760e+10
1.661740255942544556e+10
1.738110045491555786e+10
1.817061056584424973e+10
1.898679891669635391e+10
1.983055944276079559e+10
2.070281481693689728e+10
2.160451729982162476e+10
2.253664961394996643e+10
2.350022584308815765e+10
2.449629235750539017e+10
2.552592876617474747e+10
2.659024889687789917e+10
2.769040180521203232e+10
2.882757281352021027e+10
3.000298458078962708e+10
3.121789820458660126e+10
3.247361435611895370e+10
3.377147444954269409e+10
3.511286184665293884e+10
3.649920309812703705e+10
3.793196922251228333e+10
3.941267702417941284e+10
4.094289045149281311e+10
4.252422199647568512e+10
4.415833413728417969e+10
4.584694082483139038e+10
4.759180901494235229e+10
4.939476024745191956e+10
5.125767227369696045e+10
5.318248073389213562e+10
5.517118088591868591e+10
5.722582938709806824e+10
5.934854613056349945e+10
6.154151613789279938e+10
6.380699150970413208e+10
6.614729343597541046e+10
6.856481426788919067e+10
7.106201965306289673e+10
7.364145073607685852e+10
7.630572642626690674e+10
7.905754573480923462e+10
8.189969018318338013e+10
8.483502628516110229e+10
8.786650810453466797e+10
9.099717989086257935e+10
9.423017879557949829e+10
9.756873767088980103e+10
1.010161879539345856e+11
1.045759626387981873e+11
1.082515993389997101e+11
1.120467434431922913e+11
1.159651513668788757e+11
1.200106939030352783e+11
1.241873596746240540e+11
1.284992586920672302e+11
1.329506260188468475e+11
1.375458255484920044e+11
1.422893538963184814e+11
1.471858444093791809e+11
1.522400712982019958e+11
1.574569538939907227e+11
1.628415610350833740e+11
1.683991155865726013e+11
1.741349990971217957e+11
1.800547565971226807e+11
1.861641015424741821e+11
1.924689209083938599e+11
1.989752804378027954e+11
2.056894300489699097e+11
2.126178094072402039e+11
2.197670536658237610e+11
2.271439993807718811e+11
2.347556906054214478e+11
2.426093851697582397e+11
2.507125611503079224e+11
2.590729235363395691e+11
2.676984110983474121e+11
2.765972034649465942e+11
2.857777284145252686e+11
2.952486693881718750e+11
3.050189732306068115e+11
3.150978581660505371e+11
