0.000000000000000000e+00
3.256862191414053440e+08
6.170563403730669022e+08
8.725406473042244911e+08
1.094496179760062218e+09
1.286459201390676022e+09
1.452171300357279778e+09
1.595166075259625435e+09
1.718607706334506750e+09
1.825249845498365164e+09
1.917450745851336956e+09
1.997212186591024160e+09
2.066225830030613899e+09
2.125919061948252678e+09
2.177496782623175621e+09
2.221977897272571087e+09
2.260226389398740768e+09
2.292977383225120068e+09
2.320858803093150139e+09
2.344409276875612259e+09
2.364092892665364742e+09
2.380311348577074528e+09
2.393413957753376007e+09
2.403705895890818119e+09
2.411455011663383007e+09
2.416897462848255157e+09
2.420242392622612953e+09
2.421675820535045147e+09
2.421363889932824135e+09
2.419455587001646996e+09
2.416085024992606640e+09
2.411373369755352497e+09
2.405430468589427948e+09
2.398356233026043415e+09
2.390241816934515476e+09
2.381170623884722710e+09
2.371219171646823883e+09
2.360457836795147419e+09
2.348951498384030819e+09
2.336760096401582241e+09
2.323939118041391373e+09
2.310540022647660255e+09
2.296610614395232677e+09
2.282195370289029598e+09
2.267335729848189354e+09
2.252070351831742764e+09
2.236435342525988579e+09
2.220464459418101311e+09
2.204189293500575066e+09
2.187639432966687202e+09
2.170842610651060104e+09
2.153824837228797913e+09
2.136610521899317265e+09
2.119222582039453268e+09
2.101682543104925871e+09
2.084010629886322737e+09
2.066225850077542782e+09
2.048346070989406347e+09
2.030388090133474350e+09
2.012367700309488535e+09
1.994299749750860929e+09
1.976198197814949036e+09
1.958076166646529198e+09
1.939945989192348957e+09
1.921819253901016951e+09
1.903706846404642582e+09
1.885618988445725441e+09
1.867565274283944368e+09
1.849554704792678118e+09
1.831595719432880878e+09
1.813696226272907019e+09
1.795863630205820560e+09
1.778104859500869513e+09
1.760426390812601805e+09
1.742834272759541512e+09
1.725334148173884153e+09
1.707931275114553213e+09
1.690630546727846861e+09
1.673436510032466650e+09
1.656353383699352264e+09
1.639385074890709162e+09
1.622535195217630863e+09
1.605807075870675564e+09
1.589203781973812342e+09
1.572728126208069801e+09
1.556382681747846603e+09
1.540169794549677849e+09
1.524091595030405998e+09
1.508150009168976784e+09
1.492346769063907385e+09
1.476683422976073980e+09
1.461161344884660959e+09
1.445781743582200289e+09
1.430545671332931280e+09
1.415454032117300034e+09
1.400507589483815670e+09
1.385706974028354406e+09
1.371052690519678593e+09
1.356545124688861132e+09
1.342184549699257135e+09
1.327971132312730074e+09
1.313904938766936541e+09
1.299985940377586603e+09
1.286214018878951788e+09
1.272588971515023470e+09
1.259110515893192053e+09
1.245778294611537933e+09
1.232591879670387506e+09
1.219550776678147554e+09
1.206654428860892534e+09
1.193902220884825706e+09
1.181293482500067472e+09
1.168827492014006853e+09
1.156503479601954460e+09
1.144320630462387323e+09
1.132278087823888540e+09
1.120374955810329437e+09
1.108610302170776129e+09
1.096983160880043983e+09
1.085492534615722656e+09
1.074137397117168427e+09
1.062916695431641817e+09
