0.000000000000000000e+00
3.264649662011258125e+09
6.374829216065899849e+09
9.303243645728672028e+09
1.204510241004175568e+10
1.460530397635437775e+10
1.699358193018577766e+10
1.922194929534318924e+10
2.130323492552792740e+10
2.325022986154600143e+10
2.507519924129701996e+10
2.678961992595048523e+10
2.840405857553797150e+10
2.992813642276589584e+10
3.137054631473343658e+10
3.273909985589380264e+10
3.404079042510495758e+10
3.528186303351869965e+10
3.646788540186282349e+10
3.760381687527066803e+10
3.869407325642395020e+10
3.974258658348515320e+10
4.075285948093424988e+10
4.172801408451306915e+10
4.267083576356446838e+10
4.358381198717185211e+10
4.446916673963897705e+10
4.532889090940145874e+10
4.616476906904170227e+10
4.697840304303032684e+10
4.777123263089096069e+10
4.854455382106906891e+10
4.929953479761092377e+10
5.003723000951583099e+10
5.075859254226461792e+10
5.146448500305699158e+10
5.215568910589960480e+10
5.283291411988205719e+10
5.349680432368226624e+10
5.414794559134824371e+10
5.478687121856524658e+10
5.541406708468856049e+10
5.602997623362496948e+10
5.663500294598120880e+10
5.722951636557891083e+10
5.781385373531797028e+10
5.838832329028495026e+10
5.895320684984176636e+10
5.950876214505850220e+10
6.005522491318522644e+10
6.059281078679016876e+10
6.112171700165632629e+10
6.164212394445017242e+10
6.215419655850206757e+10
6.265808562370491028e+10
6.315392892451642609e+10
6.364185231828447723e+10
6.412197071458382416e+10
6.459438897491707611e+10
6.505920274097316742e+10
6.551649919862575531e+10
6.596635778397497559e+10
6.640885083697321320e+10
6.684404420750598145e+10
6.727199781822454834e+10
6.769276618791811371e+10
6.810639891877765656e+10
6.851294115051970673e+10
6.891243398400527954e+10
6.930491487669889832e+10
6.969041801206309509e+10
7.006897464475579834e+10
7.044061342331683350e+10
7.080536069184849548e+10
7.116324077206309509e+10
7.151427622692764282e+10
7.185848810703712463e+10
7.219589618073805237e+10
7.252651914894514465e+10
7.285037484551649475e+10
7.316748042398127747e+10
7.347785253136360168e+10
7.378150746978396606e+10
7.407846134648196411e+10
7.436873021285803223e+10
7.465233019309497070e+10
7.492927760289018250e+10
7.519958905879760742e+10
7.546328157864924622e+10
7.572037267350849915e+10
7.597088043157838440e+10
7.621482359447010803e+10
7.645222162622055054e+10
7.668309477542762756e+10
7.690746413085569763e+10
7.712535167085116577e+10
7.733678030689236450e+10
7.754177392158396912e+10
7.774035740139604187e+10
7.793255666443354797e+10
7.811839868351350403e+10
7.829791150481126404e+10
7.847112426233456421e+10
7.863806718846722412e+10
7.879877162081808472e+10
7.895327000560205078e+10
7.910159589776832581e+10
7.924378395808668518e+10
7.937986994738900757e+10
7.950989071816236877e+10
7.963388420367205811e+10
7.975188940479721069e+10
7.986394637474430847e+10
7.997009620180238342e+10
8.007038099029516602e+10
8.016484383987779236e+10
8.025352882332209778e+10
8.033648096292257690e+10
8.041374620565655518e+10
8.048537139721917725e+10
8.055140425505194092e+10
8.061189334047605896e+10
