0.000000000000000000e+00
5.820263007973301224e+06
1.991085360202131048e+07
4.259744890796919167e+07
7.350995753234110773e+07
1.119812822201774120e+08
1.572341720912782252e+08
2.084774329873850048e+08
2.649554317398952544e+08
3.259718246155828238e+08
3.908987820439004898e+08
4.591781354039995670e+08
5.303181989417067766e+08
6.038884706623277664e+08
6.795134949018441439e+08
7.568666154077025652e+08
8.356640141877484322e+08
9.156592317904872894e+08
9.966382470775289536e+08
1.078415127159301519e+09
1.160828221389704466e+09
1.243736855017435551e+09
1.327018470750331879e+09
1.410566165456671715e+09
1.494286571650991917e+09
1.578098037560619593e+09
1.661929064411953688e+09
1.745716964517107487e+09
1.829406708454709291e+09
1.912949933959901571e+09
1.996304093001962662e+09
2.079431716924185276e+09
2.162299782471456528e+09
2.244879164073812485e+09
2.327144159932717800e+09
2.409072081315515518e+09
2.490642896044811249e+09
2.571838918512330532e+09
2.652644539685708523e+09
2.733045991542016983e+09
2.813031141179987431e+09
2.892589310556344032e+09
2.971711118379731655e+09
3.050388341194717407e+09
3.128613791112120628e+09
3.206381208002166748e+09
3.283685164273515224e+09
3.360520980622396946e+09
3.436884651358896255e+09
3.512772778107679844e+09
3.588182510843265057e+09
3.663111495359249115e+09
3.737557826390504837e+09
3.811520005709957123e+09
3.884996904609879494e+09
3.957987730253633976e+09
4.030491995449411392e+09
4.102509491454100132e+09
4.174040263464450359e+09
4.245084588495078564e+09
4.315642955379692078e+09
4.385716046663846016e+09
4.455304722185346603e+09
4.524410004162638664e+09
4.593033063632603645e+09
4.661175208097655296e+09
4.728837870258128166e+09
4.796022597720079422e+09
4.862731043581007957e+09
4.928964957806857109e+09
4.994726179323214531e+09
5.060016628752062798e+09
5.124838301732793808e+09
5.189193262772806168e+09
5.253083639578719139e+09
5.316511617824396133e+09
5.379479436316477776e+09
5.441989382522138596e+09
5.504043788427360535e+09
5.565645026697164536e+09
5.626795507112092018e+09
5.687497673257701874e+09
5.747753999446131706e+09
5.807566987850742340e+09
5.866939165836677551e+09
5.925873083471757889e+09
5.984371311203563690e+09
6.042436437689879417e+09
6.100071067770775795e+09
6.157277820571711540e+09
6.214059327727905273e+09
6.270418231721138954e+09
6.326357184320858955e+09
6.381878845122171402e+09
6.436985880173919678e+09
6.491680960690616608e+09
6.545966761842506409e+09
6.599845961618477821e+09
6.653321239757002831e+09
6.706395276740631104e+09
6.759070752849925041e+09
6.811350347273031235e+09
6.863236737267395020e+09
6.914732597370353699e+09
6.965840598655606270e+09
7.016563408032779694e+09
7.066903687587498665e+09
7.116864093959564209e+09
7.166447277756996155e+09
7.215655883003874779e+09
7.264492546620045662e+09
7.312959897930882454e+09
7.361060558205417633e+09
7.408797140221282005e+09
7.456172247854980469e+09
7.503188475696127892e+09
7.549848408684350967e+09
7.596154621767681122e+09
7.642109679581260681e+09
7.687716136145352364e+09
7.732976534581611633e+09
7.777893406846719742e+09
