0.000000000000000000e+00
1.030766392869380414e+08
2.008844666840011775e+08
2.925783619441309571e+08
3.780928685642800927e+08
4.576802054374088645e+08
5.317376063138337731e+08
6.007196678602538109e+08
6.650907075422668457e+08
7.252988739428151846e+08
7.817627965105116367e+08
8.348656097460061312e+08
8.849532992524486780e+08
9.323355190065931082e+08
9.772877473517340422e+08
1.020054090193898797e+09
1.060850314592143059e+09
1.099866868062744617e+09
1.137271746684557676e+09
1.173213142089896917e+09
1.207821838481100798e+09
1.241213355358476400e+09
1.273489845721519709e+09
1.304741766996653795e+09
1.335049345351814985e+09
1.364483854987941980e+09
1.393108733478077888e+09
1.420980552908551693e+09
1.448149864872653246e+09
1.474661935525885344e+09
1.500557385082710743e+09
1.525872744402039289e+09
1.550640939715344906e+09
1.574891715115415812e+09
1.598652001147286654e+09
1.621946236719532490e+09
1.644796650572530031e+09
1.667223507686979771e+09
1.689245325277170181e+09
1.710879062375416040e+09
1.732140286464191675e+09
1.753043320139085531e+09
1.773601370378610373e+09
1.793826642646906376e+09
1.813730441754333258e+09
1.833323261142443419e+09
1.852614862037108660e+09
1.871614343722149134e+09
1.890330206020927191e+09
1.908770404931191444e+09
1.926942402235861540e+09
1.944853209806621313e+09
1.962509429225757599e+09
1.979917287272421837e+09
1.997082667751058102e+09
2.014011140080318689e+09
2.030707985009101152e+09
2.047178217781627417e+09
2.063426609034464121e+09
2.079457703674360752e+09
2.095275837956202745e+09
2.110885154954564333e+09
2.126289618599587202e+09
2.141493026428361893e+09
2.156499021185379505e+09
2.171311101390711308e+09
2.185932630980951309e+09
2.200366848116428852e+09
2.214616873237747192e+09
2.228685716445618629e+09
2.242576284270060062e+09
2.256291385887639999e+09
2.269833738839522362e+09
2.283205974297302723e+09
2.296410641918732166e+09
2.309450214331179142e+09
2.322327091276587486e+09
2.335043603448543549e+09
2.347602016048686504e+09
2.360004532087241173e+09
2.372253295449781895e+09
2.384350393750397205e+09
2.396297860989232063e+09
2.408097680030924320e+09
2.419751784918651104e+09
2.431262063037182808e+09
2.442630357137306690e+09
2.453858467232381344e+09
2.464948152377412796e+09
2.475901132339419842e+09
2.486719089167801380e+09
2.497403668671882629e+09
2.507956481812930584e+09
2.518379106016695023e+09
2.528673086412396908e+09
2.538839937003396988e+09
2.548881141774368286e+09
2.558798155739482880e+09
2.568592405935599804e+09
2.578265292364270210e+09
2.587818188885930061e+09
2.597252444069564342e+09
2.606569382000548840e+09
2.615770303049628735e+09
2.624856484605303764e+09
2.633829181771968365e+09
2.642689628035964489e+09
2.651439035901542664e+09
2.660078597498348236e+09
2.668609485162419319e+09
2.677032851991963863e+09
2.685349832379566193e+09
2.693561542522078991e+09
2.701669080909502506e+09
2.709673528793918610e+09
2.717575950639755726e+09
2.725377394556144714e+09
2.733078892712568760e+09
2.740681461738492966e+09
2.748186103107929230e+09
2.755593803509587765e+09
2.762905535203506947e+09
