0.000000000000000000e+00
3.446564685618372560e+08
6.804361113923687935e+08
1.004956928754918933e+09
1.317731251816245317e+09
1.618884599938651323e+09
1.908797421821560383e+09
2.187948591147253990e+09
2.456840917733004093e+09
2.715965958376928329e+09
2.965788668382176876e+09
3.206742115100678444e+09
3.439227152302434921e+09
3.663614372356627464e+09
3.880246940272752285e+09
4.089443605195176125e+09
4.291501555409157753e+09
4.486698978558963776e+09
4.675297289131608009e+09
4.857543033994248390e+09
5.033669507951498032e+09
5.203898118144402504e+09
5.368439535874291420e+09
5.527494670995546341e+09
5.681255499428180695e+09
5.829905769625181198e+09
5.973621609470005035e+09
6.112572051263750076e+09
6.246919489225619316e+09
6.376820081241186142e+09
6.502424104385313034e+09
6.623876271950381279e+09
6.741316018255629539e+09
6.854877756339303970e+09
6.964691112689386368e+09
7.070881142406337738e+09
7.173568527577633858e+09
7.272869761148704529e+09
7.368897318175178528e+09
7.461759816017829895e+09
7.551562164779550552e+09
7.638405709070472717e+09
7.722388362013786316e+09
7.803604732262990952e+09
7.882146244684890747e+09
7.958101255267263412e+09
8.031555160731108665e+09
8.102590503262263298e+09
8.171287070722762108e+09
8.237721992657373428e+09
8.301969832372609138e+09
8.364102675334029198e+09
8.424190214100358963e+09
8.482299829990764618e+09
8.538496671661559105e+09
8.592843730752738953e+09
8.645401914749843597e+09
8.696230117194797516e+09
8.745385285368375778e+09
8.792922485557815552e+09
8.838894966014772415e+09
8.883354217701614380e+09
8.926350032917715073e+09
8.967930561891672134e+09
9.008142367420169830e+09
9.047030477629785538e+09
9.084638436933773041e+09
9.121008355252019882e+09
9.156180955559123993e+09
9.190195619822147369e+09
9.223090433386840820e+09
9.254902227868410110e+09
9.285666622600368500e+09
9.315418064692672729e+09
9.344189867748325348e+09
9.372014249285352707e+09
9.398922366909336090e+09
9.424944353279842377e+09
9.450109349912336349e+09
9.474445539855636597e+09
9.497980179283348083e+09
9.520739628036397934e+09
9.542749379152265549e+09
9.564034087415338516e+09
9.584617596961463928e+09
9.604522967968610764e+09
9.623772502464395523e+09
9.642387769280237198e+09
9.660389628180622101e+09
9.677798253195262909e+09
9.694633155180665970e+09
9.710913203636949539e+09
9.726656647804702759e+09
9.741881137065862656e+09
9.756603740671823502e+09
9.770840966821073532e+09
9.784608781108051300e+09
9.797922624364030838e+09
9.810797429910242081e+09
9.823247640242664337e+09
9.835287223167371750e+09
9.846929687404607773e+09
9.858188097679109573e+09
9.869075089313772202e+09
9.879602882342987061e+09
9.889783295161584854e+09
9.899627757724664688e+09
9.909147324313192368e+09
9.918352685879676819e+09
9.927254181987756729e+09
9.935861812359165192e+09
9.944185248040912628e+09
9.952233842205303192e+09
9.960016640594844818e+09
9.967542391623756409e+09
9.974819556147409439e+09
9.981856316910564423e+09
9.988660587685125351e+09
9.995240022107467651e+09
1.000160202222536850e+10
1.000775374676400948e+10
1.001370211912033844e+10
