0.000000000000000000e+00
1.990586191719479859e+08
4.019543194437219501e+08
6.080102904951479435e+08
8.169193852963203192e+08
1.028548801956823826e+09
1.242875132387504339e+09
1.459950984807362318e+09
1.679884772824434042e+09
1.902827317749485970e+09
2.128962460538137197e+09
2.358500244081612110e+09
2.591671845222043514e+09
2.828725751026595592e+09
3.069924849101139545e+09
3.315544206096149445e+09
3.565869374245462894e+09
3.821195109028206825e+09
4.081824410601474762e+09
4.348067822487738609e+09
4.620242936076308250e+09
4.898674060646729469e+09
5.183692027021313667e+09
5.475634099382750511e+09
5.774843974780875206e+09
6.081671853768658638e+09
6.396474568713427544e+09
6.719615758814841270e+09
7.051466082865835190e+09
7.392403462420285225e+09
7.742813349360862732e+09
8.103089012952196121e+09
8.473631842364338875e+09
8.854851661396259308e+09
9.247167052747619629e+09
9.651005689700141907e+09
1.006680467349935913e+10
1.049501087508326721e+10
1.093608128010263062e+10
1.139048333642596626e+10
1.185869530352834129e+10
1.234120660333469772e+10
1.283851817223163223e+10
1.335114281407790375e+10
1.387960555414158440e+10
1.442444399397101021e+10
1.498620866727058601e+10
1.556546339690509605e+10
1.616278565319776154e+10
1.677876691372008705e+10
1.741401302479758072e+10
1.806914456497480392e+10
1.874479721069848251e+10
1.944162210448760605e+10
2.016028622586695099e+10
2.090147276534629059e+10
2.166588150172838974e+10
2.245422918303190231e+10
2.326724991131332779e+10
2.410569553167341232e+10
2.497033602572941589e+10
2.586195990983389664e+10
2.678137463831913376e+10
2.772940701204163742e+10
2.870690359250317764e+10
2.971473112181748581e+10
3.075377694879592896e+10
3.182494946141996765e+10
3.292917852596953964e+10
3.406741593307570267e+10
3.524063585096623993e+10
3.644983528617401123e+10
3.769603455197729492e+10
3.898027774484818268e+10
4.030363322917913818e+10
4.166719413057117462e+10
4.307207883796160126e+10
4.451943151487887573e+10
4.601042262011563110e+10
4.754624943811424255e+10
4.912813661936795807e+10
5.075733673114527130e+10
5.243513081885182190e+10
5.416282897835274506e+10
5.594177093958496094e+10
5.777332666179679871e+10
5.965889694076342010e+10
6.159991402833281708e+10
6.359784226466770172e+10
6.565417872356007385e+10
6.777045387120252991e+10
6.994823223881454468e+10
7.218911310952932739e+10
7.449473121996295166e+10
7.686675747689291382e+10
7.930689968949232483e+10
8.181690331757165527e+10
8.439855223629963684e+10
8.705366951787820435e+10
8.978411823067086792e+10
9.259180225628765869e+10
9.547866712514953613e+10
9.844670087106289673e+10
1.014979349053579559e+11
1.046344449111483307e+11
1.078583517582898865e+11
1.111718224396314545e+11
1.145770710291602631e+11
1.180763596626642303e+11
1.216719995415437927e+11
1.253663519604250336e+11
1.291618293592382202e+11
1.330608964004379120e+11
1.370660710720641174e+11
1.411799258173499451e+11
1.454050886916004028e+11
1.497442445470859680e+11
1.542001362466967468e+11
1.587755659071365967e+11
1.634733961724344482e+11
1.682965515185747986e+11
1.732480195900623779e+11
