0.000000000000000000e+00
1.897024942043192312e+07
6.337977101930192113e+07
1.324162814506944716e+08
2.232350720561831594e+08
3.324253985479753017e+08
4.566261214642805457e+08
5.927825158876285553e+08
7.382332113984972239e+08
8.907161128785629272e+08
1.048337922530839920e+09
1.209529928509654522e+09
1.373001322271821022e+09
1.537695310408374548e+09
1.702750157649576664e+09
1.867465707922604799e+09
2.031275166010417223e+09
2.193721595333844185e+09
2.354438486038457870e+09
2.513133757118636131e+09
2.669576615286132812e+09
2.823586769567327976e+09
2.975025578120915413e+09
3.123788775104728222e+09
3.269800487764797688e+09
3.413008306776926041e+09
3.553379216847391605e+09
3.690896230728704929e+09
3.825555599292795181e+09
3.957364494239539623e+09
4.086339079392706394e+09
4.212502902195028782e+09
4.335885549666201591e+09
4.456521523313260078e+09
4.574449295754871368e+09
4.689710518521615028e+09
4.802349355930809975e+09
4.912411924353556633e+09
5.019945819791148186e+09
5.124999719616248131e+09
5.227623046738159180e+09
5.327865686422812462e+09
5.425777747618554115e+09
5.521409361973960876e+09
5.614810514836701393e+09
5.706030903435520172e+09
5.795119818205120087e+09
5.882126043844161987e+09
5.967097777222187042e+09
6.050082559690686226e+09
6.131127221721549034e+09
6.210277838105231285e+09
6.287579692201042175e+09
6.363077247951311111e+09
6.436814128556632996e+09
6.508833100866416931e+09
6.579176064672301292e+09
6.647884046205391884e+09
6.714997195234901428e+09
6.780554785248326302e+09
6.844595216263912201e+09
6.907156019886664391e+09
6.968273866271185875e+09
7.027984572699322701e+09
7.086323113519153595e+09
7.143323631225143433e+09
7.199019448488048553e+09
7.253443080968074799e+09
7.306626250766446114e+09
7.358599900389266014e+09
7.409394207113933563e+09
7.459038597662590027e+09
7.507561763099498749e+09
7.554991673880070686e+09
7.601355594988783836e+09
7.646680101111469269e+09
7.690991091794783592e+09
7.734313806551996231e+09
7.776672839879869461e+09
7.818092156156285286e+09
7.858595104392638206e+09
7.898204432818767548e+09
7.936942303281589508e+09
7.974830305441525459e+09
8.011889470753395081e+09
8.048140286220764160e+09
8.083602707914717674e+09
8.118296174249831200e+09
8.152239619011646271e+09
8.185451484131355286e+09
8.217949732204591751e+09
8.249751858752287865e+09
8.280874904222502708e+09
8.311335465732932091e+09
8.341149708554523468e+09
8.370333377337257385e+09
8.398901807079696655e+09
8.426869933844352722e+09
8.454252305221381187e+09
8.481063090543407440e+09
8.507316090854641914e+09
8.533024748637671471e+09
8.558202157301523209e+09
8.582861070434821129e+09
8.607013910827962875e+09
8.630672779268392563e+09
8.653849463113126755e+09
8.676555444642805099e+09
8.698801909201528549e+09
8.720599753126863480e+09
8.741959591474338531e+09
8.762891765540845871e+09
8.783406350191295624e+09
8.803513160992889404e+09
8.823221761161369324e+09
8.842541468323520660e+09
8.861481361100234985e+09
8.880050285514348984e+09
8.898256861227424622e+09
8.916109487609645844e+09
8.933616349646841049e+09
8.950785423688695908e+09
