0.000000000000000000e+00
1.032376357676706123e+10
1.961899591603472137e+10
2.782562367400906372e+10
3.499944661430677032e+10
4.123522736984999084e+10
4.663829719047599792e+10
5.131155801850103760e+10
5.534968071020692444e+10
5.883695748916635132e+10
6.184701699909635925e+10
6.444344482101375580e+10
6.668079244787203217e+10
6.860569964415939331e+10
7.025798984888226318e+10
7.167167305160614014e+10
7.287583135930236816e+10
7.389538396661613464e+10
7.475173885859869385e+10
7.546334315334242249e+10
7.604614531195736694e+10
7.651398208970829773e+10
7.687890196632604980e+10
7.715143536548551941e+10
7.734082051235157776e+10
7.745519241179837036e+10
7.750174121301666260e+10
7.748684517374562073e+10
7.741618254398147583e+10
7.729482593993621826e+10
7.712732215608218384e+10
7.691775984785957336e+10
7.666982709289666748e+10
7.638686048921896362e+10
7.607188716182356262e+10
7.572766081313723755e+10
7.535669275905587769e+10
7.496127873288357544e+10
7.454352210828289795e+10
7.410535408420611572e+10
7.364855128552641296e+10
7.317475115928352356e+10
7.268546548536408997e+10
7.218209226974496460e+10
7.166592624630290222e+10
7.113816817814077759e+10
7.059993312012112427e+10
7.005225777986746216e+10
6.949610709403718567e+10
6.893238011950347900e+10
6.836191532466932678e+10
6.778549535398811340e+10
6.720385132852450562e+10
6.661766673672055817e+10
6.602758096220089722e+10
6.543419248921221161e+10
6.483806182099236298e+10
6.423971414184568024e+10
6.363964174982742310e+10
6.303830628363504791e+10
6.243614076445140076e+10
6.183355147103746796e+10
6.123091966425364685e+10
6.062860317535495758e+10
6.002693787081320190e+10
5.942623900503605652e+10
5.882680247113691711e+10
5.822890595885509491e+10
5.763281002778966522e+10
5.703875910329403687e+10
5.644698240165058899e+10
5.585769479050508881e+10
5.527109758996842957e+10
5.468737931928756714e+10
5.410671639353208923e+10
5.352927377433717346e+10
5.295520557838076019e+10
5.238465564694311523e+10
5.181775807960347748e+10
5.125463773486047363e+10
5.069541070022238922e+10
5.014018473409470367e+10
4.958905968159391022e+10
4.904212786623690796e+10
4.849947445928923798e+10
4.796117782840901947e+10
4.742730986708416748e+10
4.689793630623892975e+10
4.637311700926923370e+10
4.585290625166471863e+10
4.533735298628068542e+10
4.482650109523392487e+10
4.432038962931944275e+10
4.381905303577129364e+10
4.332252137512455750e+10
4.283082052787388611e+10
4.234397239156977844e+10
4.186199506893977356e+10
4.138490304757949829e+10
4.091270737171056366e+10
4.044541580646755219e+10
3.998303299513718414e+10
3.952556060974273682e+10
3.907299749533359528e+10
3.862533980831625366e+10
3.818258114913384247e+10
3.774471268958189392e+10
3.731172329502407074e+10
3.688359964175620270e+10
3.646032632974301147e+10
3.604188599094502258e+10
3.562825939342863464e+10
3.521942554144792175e+10
3.481536177166670990e+10
3.441604384568494415e+10
3.402144603901843262e+10
3.363154122667402267e+10
3.324630096545365143e+10
3.286569557311156845e+10
3.248969420448395157e+10
3.211826492470173645e+10
3.175137477959216690e+10
