0.000000000000000000e+00
1.068748323658109307e+08
2.139629985778030753e+08
3.207452926200321913e+08
4.270236947406328321e+08
5.327074785285593271e+08
6.377588670734295845e+08
7.421687024075181484e+08
8.459435015847949982e+08
9.490980598319723606e+08
1.051651106303335190e+09
1.153622746935423374e+09
1.255032986235507011e+09
1.355900908932143688e+09
1.456244265522378445e+09
1.556079302665429592e+09
1.655420738813145161e+09
1.754281822631783009e+09
1.852674435268687725e+09
1.950609212461286306e+09
2.048095672002590895e+09
2.145142338123175383e+09
2.241756858164726734e+09
2.337946109299274445e+09
2.433716294503402710e+09
2.529073027859674454e+09
2.624021409743488789e+09
2.718566092702118397e+09
2.812711338934572220e+09
2.906461070294323921e+09
2.999818911699489594e+09
3.092788228770595551e+09
3.185372160439160347e+09
3.277573647190431595e+09
3.369395455525712967e+09
3.460840199156908035e+09
3.551910357379593849e+09
3.642608291011477947e+09
3.732936256230607986e+09
3.822896416601697922e+09
3.912490853538869858e+09
4.001721575418405533e+09
4.090590525525188446e+09
4.179099588990767479e+09
4.267250598858716011e+09
4.355045341394138336e+09
4.442485560737724304e+09
4.529572962990834236e+09
4.616309219806188583e+09
4.702695971548401833e+09
4.788734830079806328e+09
4.874427381219508171e+09
4.959775186917162895e+09
5.044779787177277565e+09
5.129442701765186310e+09
5.213765431721713066e+09
5.297749460709895134e+09
5.381396256214201927e+09
5.464707270610017776e+09
5.547683942118822098e+09
5.630327695662577629e+09
5.712639943629191399e+09
5.794622086559250832e+09
5.876275513763229370e+09
5.957601603876935959e+09
6.038601725362298012e+09
6.119277236959509850e+09
6.199629488095958710e+09
6.279659819256683350e+09
6.359369562320480347e+09
6.438760040865499496e+09
6.517832570447379112e+09
6.596588458852972984e+09
6.675029006332174301e+09
6.753155505810068130e+09
6.830969243081520081e+09
6.908471496989830017e+09
6.985663539591235161e+09
7.062546636306512833e+09
7.139122046061066628e+09
7.215391021414510727e+09
7.291354808680896759e+09
7.367014648040314674e+09
7.442371773642858505e+09
7.517427413705535889e+09
7.592182790602778435e+09
7.666639120951286316e+09
7.740797615689462662e+09
7.814659480152235031e+09
7.888225914141332626e+09
7.961498111991765976e+09
8.034477262634475708e+09
8.107164549655815125e+09
8.179561151353881836e+09
8.251668240792097092e+09
8.323486985850222588e+09
8.395018549272979736e+09
8.466264088716552734e+09
8.537224756793056488e+09
8.607901701113178253e+09
8.678296064327091217e+09
8.748408984163877487e+09
8.818241593469358444e+09
8.887795020242717743e+09
8.957070387671802521e+09
9.026068814167251587e+09
9.094791413395559311e+09
9.163239294311199188e+09
9.231413561187667847e+09
9.299315313647804260e+09
9.366945646693195343e+09
9.434305650732833862e+09
9.501396411611083984e+09
9.568219010634983063e+09
9.634774524600822449e+09
9.701064025820278168e+09
9.767088582145824432e+09
9.832849256995744705e+09
9.898347109378568649e+09
9.963583193917081833e+09
1.002855856087181854e+10
1.009327425616423798e+10
