0.000000000000000000e+00
2.188105840795407537e+06
7.864948065050055273e+06
1.769808434493323788e+07
3.213365676967694983e+07
5.149225787354273349e+07
7.601329919894622266e+07
1.058805181029987931e+08
1.412384301668117344e+08
1.822037117761685550e+08
2.288734458735227585e+08
2.813312882636686563e+08
3.396521855768025517e+08
4.039060472215081453e+08
4.741606412416624427e+08
5.504839025695803165e+08
6.329457895773447752e+08
7.216197894535818100e+08
8.165841483228664398e+08
9.179228844155592918e+08
1.025726629695724726e+09
1.140093335716149092e+09
1.261128872147383451e+09
1.388947540787381411e+09
1.523672523462111712e+09
1.665436278767089844e+09
1.814380899853124380e+09
1.970658443264250994e+09
2.134431237070855379e+09
2.305872175115101814e+09
2.485165003029283047e+09
2.672504600746658325e+09
2.868097265456743717e+09
3.072160998329790592e+09
3.284925797822056770e+09
3.506633961953567505e+09
3.737540401606503487e+09
3.977912966611589432e+09
4.228032786160925388e+09
4.488194624899511337e+09
4.758707255897103310e+09
5.039893851580861092e+09
5.332092393612617493e+09
5.635656102618450165e+09
5.950953888619209290e+09
6.278370822965885162e+09
6.618308632551039696e+09
6.971186217044870377e+09
7.337440189890396118e+09
7.717525443785303116e+09
8.111915741377166748e+09
8.521104331903096199e+09
8.945604594513549805e+09
9.385950709032604218e+09
9.842698354922676086e+09
1.031642543924031067e+10
1.080773285439056396e+10
1.131724526651079369e+10
1.184561193533960915e+10
1.239350756645362473e+10
1.296163319678286362e+10
1.355071711434551620e+10
1.416151581317367554e+10
1.479481498443404961e+10
1.545143054478099823e+10
1.613220970301390839e+10
1.683803206614642715e+10
1.756981078603194809e+10
1.832849374772742462e+10
1.911506480081643295e+10
1.993054503495244980e+10
2.077599410092405701e+10
2.165251157858620453e+10
2.256123839304461670e+10
2.350335828052499771e+10
2.448009930540423584e+10
2.549273542992759323e+10
2.654258813818402863e+10
2.763102811596123123e+10
2.875947698815266800e+10
2.992940911544128418e+10
3.114235345203811264e+10
3.239989546630928421e+10
3.370367912618192291e+10
3.505540895127761078e+10
3.645685213378269196e+10
3.790984073012638092e+10
3.941627392560176849e+10
4.097812037413048553e+10
4.259742061543963623e+10
4.427628957198976135e+10
4.601691912806433105e+10
4.782158079350594330e+10
4.969262845466109467e+10
5.163250121517431641e+10
5.364372632935452271e+10
5.572892223092036438e+10
5.789080166001885223e+10
6.013217489150096893e+10
6.245595306753112793e+10
6.486515163770307922e+10
6.736289390993383789e+10
6.995241471550970459e+10
7.263706419176383972e+10
7.542031168597433472e+10
7.830574978418429565e+10
8.129709846876240540e+10
8.439820940864251709e+10
8.761307038630566406e+10
9.094580986569641113e+10
9.440070170539872742e+10
9.798217002153366089e+10
1.016947942049835358e+11
1.055433140976941223e+11
1.095326353329579773e+11
1.136678348447391663e+11
1.179541665512614288e+11
1.223970672182498322e+11
1.270021625073886566e+11
1.317752732157374268e+11
1.367224217120320129e+11
1.418498385759881897e+11
