0.000000000000000000e+00
1.398695450960747600e+08
2.709460625136350393e+08
3.921051609664986730e+08
5.034307930885435939e+08
6.054759470402075052e+08
6.989867820264346600e+08
7.847663501574828625e+08
8.636040539891010523e+08
9.362402289095951319e+08
1.003350336733691812e+09
1.065540167920628905e+09
1.123347084546838045e+09
1.177244391670923233e+09
1.227647131837219715e+09
1.274918319532455683e+09
1.319375067200110197e+09
1.361294315672757626e+09
1.400918037244302988e+09
1.438457870112076044e+09
1.474099193773951292e+09
1.508004681743435860e+09
1.540317380296999931e+09
1.571163365867582321e+09
1.600654032828324556e+09
1.628888060020570040e+09
1.655953099824131250e+09
1.681927228642411709e+09
1.706880192830644846e+09
1.730874479571177483e+09
1.753966238106076002e+09
1.776206073109188795e+09
1.797639728809745073e+09
1.818308679736609936e+09
1.838250641595957518e+09
1.857500013780385494e+09
1.876088263291148186e+09
1.894044258396401167e+09
1.911394559110386133e+09
1.928163670528692722e+09
1.944374264165267229e+09
1.960047371682691574e+09
1.975202554768116236e+09
1.989858054364966869e+09
2.004030922010209084e+09
2.017737135635970116e+09
2.030991701861545086e+09
2.043808746518758535e+09
2.056201594912083626e+09
2.068182843108877182e+09
2.079764421379027367e+09
2.090957650752450943e+09
2.101773293533776045e+09
2.112221598502672434e+09
2.122312341433019400e+09
2.132054861482051611e+09
2.141458093930074930e+09
2.150530599690260887e+09
2.159280591955282688e+09
2.167715960302187443e+09
2.175844292536927700e+09
2.183672894526153564e+09
2.191208808233610153e+09
2.198458828152857304e+09
2.205429516305091858e+09
2.212127215951519966e+09
2.218558064151975632e+09
2.224728003286846161e+09
2.230642791645806789e+09
2.236308013175446510e+09
2.241729086467552185e+09
2.246911273061042309e+09
2.251859685122267246e+09
2.256579292561931133e+09
2.261074929640249729e+09
2.265351301106902599e+09
2.269412987917261600e+09
2.273264452562254906e+09
2.276910044045367241e+09
2.280354002537013054e+09
2.283600463733362675e+09
2.286653462944201946e+09
2.289516938931906700e+09
2.292194737521619797e+09
2.294690615000689030e+09
2.297008241323787212e+09
2.299151203138674736e+09
2.301123006646077633e+09
2.302927080306103230e+09
2.304566777402292252e+09
2.306045378473638058e+09
2.307366093623892784e+09
2.308532064716658592e+09
2.309546367464167595e+09
2.310412013416834831e+09
2.311131951860194206e+09
2.311709071625197411e+09
2.312146202817573547e+09
2.312446118471120358e+09
2.312611536129844189e+09
2.312645119363151073e+09
2.312549479218216896e+09
2.312327175613095284e+09
2.311980718674126625e+09
2.311512570020759106e+09
2.310925144000716209e+09
2.310220808878313065e+09
2.309401887978378296e+09
2.308470660788238049e+09
2.307429364019870281e+09
2.306280192634362698e+09
2.305025300830542088e+09
2.303666802999610901e+09
2.302206774647392273e+09
2.300647253285847187e+09
2.298990239295222759e+09
2.297237696758303165e+09
2.295391554267985821e+09
2.293453705709475040e+09
2.291426011018096924e+09
2.289310296913962364e+09
2.287108357614392757e+09
