0.000000000000000000e+00
1.096048358053506911e+08
3.799620290307393670e+08
8.235585015521064997e+08
1.439275557062888861e+09
2.219293139073646545e+09
3.152477073276154995e+09
4.226275649743299961e+09
5.427824522432431221e+09
6.744587926139142990e+09
8.164716181888610840e+09
9.677226784704935074e+09
1.127207592377153015e+10
1.294016303233248520e+10
1.467329576801245880e+10
1.646413305692073059e+10
1.830611746829384995e+10
2.019340400861738205e+10
2.212078967885952759e+10
2.408364634002801514e+10
2.607785826308003616e+10
2.809976498899334335e+10
3.014610965327939606e+10
3.221399264239284897e+10
3.430083028423833084e+10
3.640431818888217926e+10
3.852239882019188690e+10
4.065323287542945099e+10
4.279517406517575073e+10
4.494674691203457642e+10
4.710662721794406128e+10
4.927362488315580750e+10
5.144666879288995361e+10
5.362479351907162476e+10
5.580712761370953369e+10
5.799288329707327271e+10
6.018134736777987671e+10
6.237187318327445221e+10
6.456387357813110352e+10
6.675681460429939270e+10
6.895020999208599854e+10
7.114361624350262451e+10
7.333662828083122253e+10
7.552887558304743958e+10
7.772001875127384949e+10
7.990974645186582947e+10
8.209777269220089722e+10
8.428383438987426758e+10
8.646768920090498352e+10
8.864911357682630920e+10
9.082790102425189209e+10
9.300386054375073242e+10
9.517681522768925476e+10
9.734660099916517639e+10
9.951306547631077576e+10
1.016760669481247559e+11
1.038354734496376190e+11
1.059911619256547852e+11
1.081430174735841675e+11
1.102909326569597778e+11
1.124348068822434082e+11
1.145745458323389740e+11
1.167100609510015869e+11
1.188412689729831085e+11
1.209680914953347168e+11
1.230904545857982025e+11
1.252082884246674652e+11
1.273215269768992462e+11
1.294301076916024780e+11
1.315339712263457794e+11
1.336330611939967041e+11
1.357273239300482483e+11
1.378167082786038208e+11
1.399011653953810425e+11
1.419806485662642822e+11
1.440551130400849304e+11
1.461245158744417419e+11
1.481888157934912415e+11
1.502479730567433777e+11
1.523019493379912720e+11
1.543507076135860291e+11
1.563942120593431702e+11
1.584324279554318848e+11
1.604653215986577759e+11
1.624928602216026611e+11
1.645150119181315613e+11
1.665317455748189392e+11
1.685430308078847046e+11
1.705488379052631226e+11
1.725491377734588623e+11
1.745439018888713379e+11
1.765331022532928467e+11
1.785167113533081970e+11
1.804947021233432312e+11
1.824670479121276855e+11
1.844337224523540039e+11
1.863946998333283691e+11
1.883499544764238892e+11
1.902994611131572266e+11
1.922431947657223816e+11
1.941811307298238220e+11
1.961132445596620789e+11
1.980395120549319458e+11
1.999599092497024536e+11
2.018744124030541992e+11
2.037829979913569031e+11
2.056856427020759277e+11
2.075823234290023499e+11
2.094730172688065186e+11
2.113577015188203125e+11
2.132363536759580383e+11
2.151089514366898499e+11
2.169754726979864502e+11
2.188358955591573486e+11
2.206901983245091858e+11
2.225383595067535706e+11
2.243803578310976257e+11
2.262161722399541016e+11
2.280457818982102051e+11
2.298691661989975281e+11
2.316863047699089050e+11
2.334971774796099243e+11
