0.000000000000000000e+00
1.087193831186949158e+10
2.146496761422257614e+10
3.171095597993742752e+10
4.159445518277750397e+10
5.111757520898839569e+10
6.029022336726764679e+10
6.912569903237182617e+10
7.763847782706167603e+10
8.584307979594857788e+10
9.375351270511575317e+10
1.013830262425678864e+11
1.087440327486184692e+11
1.158481141419958496e+11
1.227060703303494263e+11
1.293279845508648987e+11
1.357232925404026184e+11
1.419008489128840332e+11
1.478689877385632935e+11
1.536355762914902039e+11
1.592080619624721069e+11
1.645935128341094055e+11
1.697986526190824585e+11
1.748298907094223022e+11
1.796933480510339661e+11
1.843948794880664368e+11
1.889400931397830200e+11
1.933343672909234009e+11
1.975828652012141418e+11
2.016905481731001587e+11
2.056621871594690552e+11
2.095023731446489258e+11
2.132155264913708496e+11
2.168059054126827698e+11
2.202776136999378662e+11
2.236346078150260010e+11
2.268807034361434326e+11
2.300195815309034119e+11
2.330547940178733521e+11
2.359897690671933899e+11
2.388278160823894043e+11
2.415721303984690552e+11
2.442257977256515503e+11
2.467917983633637390e+11
2.492730112052669678e+11
2.516722175529248352e+11
2.539921047531105652e+11
2.562352696716329651e+11
2.584042220148161621e+11
2.605013875083309631e+11
2.625291109419078979e+11
2.644896590874913330e+11
2.663852234976039734e+11
2.682179231900290833e+11
2.699898072243808289e+11
2.717028571756731262e+11
2.733589895096199341e+11
2.749600578640824585e+11
2.765078552407957764e+11
2.780041161112807617e+11
2.794505184406307373e+11
2.808486856326874390e+11
2.822001883999505615e+11
2.835065465614190674e+11
2.847692307714210205e+11
2.859896641823670044e+11
2.871692240442309570e+11
2.883092432434586182e+11
2.894110117838839111e+11
2.904757782121353760e+11
2.915047509899076538e+11
2.924990998153764038e+11
2.934599568959395752e+11
2.943884181743721924e+11
2.952855445103955078e+11
2.961523628195687866e+11
2.969898671713307495e+11
2.977990198479339600e+11
2.985807523659345093e+11
2.993359664618239746e+11
3.000655350433149414e+11
3.007703031077209473e+11
3.014510886288012695e+11
3.021086834133767090e+11
3.027438539289572754e+11
3.033573421035634766e+11
3.039498660988642578e+11
3.045221210576998291e+11
3.050747798270040894e+11
3.056084936570919800e+11
3.061238928782297974e+11
3.066215875553602905e+11
3.071021681218119507e+11
3.075662059927817383e+11
3.080142541593417358e+11
3.084468477636830444e+11
3.088645046562789307e+11
3.092677259356112671e+11
3.096569964710809326e+11
3.100327854096871948e+11
3.103955466670391846e+11
3.107457194032332764e+11
3.110837284841085205e+11
3.114099849283681030e+11
3.117248863410344238e+11
3.120288173336838989e+11
3.123221499318909912e+11
3.126052439702890625e+11
3.128784474756453247e+11
3.131420970383215332e+11
3.133965181724898682e+11
3.136420256654453125e+11
3.138789239163550415e+11
3.141075072647637939e+11
3.143280603091676025e+11
3.145408582159539185e+11
3.147461670189975586e+11
3.149442439101906738e+11
3.151353375211752319e+11
3.153196881965393677e+11
3.154975282587268066e+11
3.156690822649031372e+11
