0.000000000000000000e+00
5.481747351024312973e+08
1.845971698187854052e+09
3.885332305928363323e+09
6.595008568470732689e+09
9.882347839138406754e+09
1.365192617679164886e+10
1.781414101387079620e+10
2.228879711685474396e+10
2.700612230678222656e+10
3.190649570601939392e+10
3.693958142155413055e+10
4.206324030074642944e+10
4.724241449783646393e+10
5.244808048146716309e+10
5.765631149925875854e+10
6.284746118110025024e+10
6.800546494626789856e+10
7.311724887996458435e+10
7.817223313814778137e+10
8.316191665051472473e+10
8.807953074440110779e+10
9.291975065275640869e+10
9.767845534393676758e+10
1.023525275386823883e+11
1.069396870762680664e+11
1.114383519267663422e+11
1.158475221171777649e+11
1.201666826572326660e+11
1.243957222331639252e+11
1.285348650033868713e+11
1.325846132967893677e+11
1.365456993984741821e+11
1.404190449234638062e+11
1.442057265381142883e+11
1.479069470018887634e+11
1.515240106770875549e+11
1.550583027980198364e+11
1.585112719095904541e+11
1.618844149829872742e+11
1.651792647968630066e+11
1.683973792391855469e+11
1.715403322402874756e+11
1.746097060936187744e+11
1.776070849589640808e+11
1.805340493747840576e+11
1.833921716329894409e+11
1.861830118917655029e+11
1.889081149207789612e+11
1.915690073888274841e+11
1.941671956172385864e+11
1.967041637335032043e+11
1.991813721690794678e+11
2.016002564533085327e+11
2.039622262621799316e+11
2.062686646864609070e+11
2.085209276886275635e+11
2.107203437222367554e+11
2.128682134909683838e+11
2.149658098276456909e+11
2.170143776761793213e+11
2.190151341616499634e+11
2.209692687356969299e+11
2.228779433860640869e+11
2.247422929006078186e+11
2.265634251773309326e+11
2.283424215730940552e+11
2.300803372846035156e+11
2.317782017560942383e+11
2.334370191088413696e+11
2.350577685882570496e+11
2.366414050248713379e+11
2.381888593059711609e+11
2.397010388550846252e+11
2.411788281168634338e+11
2.426230890452315979e+11
2.440346615929500122e+11
2.454143642009908752e+11
2.467629942863310547e+11
2.480813287269635010e+11
2.493701243430925293e+11
2.506301183736262207e+11
2.518620289472073364e+11
2.530665555471398010e+11
2.542443794696680298e+11
2.553961642751544495e+11
2.565225562317800903e+11
2.576241847514609070e+11
2.587016628177348633e+11
2.597555874054272461e+11
2.607865398919490967e+11
2.617950864601263428e+11
2.627817784924924927e+11
2.637471529570104675e+11
2.646917327842171631e+11
2.656160272358091431e+11
2.665205322647091370e+11
2.674057308666715088e+11
2.682720934235014343e+11
2.691200780379766235e+11
2.699501308605716553e+11
2.707626864080960693e+11
2.715581678743657837e+11
2.723369874330344849e+11
2.730995465327181396e+11
2.738462361845500488e+11
2.745774372423090820e+11
2.752935206752650146e+11
2.759948478338890991e+11
2.766817707085785522e+11
2.773546321815448608e+11
2.780137662720166626e+11
2.786594983749071045e+11
2.792921454930971069e+11
2.799120164634826660e+11
2.805194121769354858e+11
2.811146257923235474e+11
2.816979429447369995e+11
2.822696419480636597e+11
2.828299939920554199e+11
2.833792633340250854e+11
2.839177074853109741e+11
