2.437779770576838256e+00
2.620613253370100981e+00
2.803446736163363706e+00
2.986280218956626875e+00
3.169113701749889600e+00
3.351947184543152769e+00
3.534780667336415494e+00
3.717614150129678663e+00
3.900447632922940944e+00
4.083281115716204113e+00
4.266114598509466838e+00
4.448948081302729562e+00
4.631781564095993176e+00
4.814615046889255012e+00
4.997448529682518625e+00
5.180282012475781350e+00
5.363115495269044075e+00
5.545948978062307688e+00
5.728782460855569525e+00
5.911615943648833138e+00
6.094449426442095863e+00
6.277282909235358588e+00
6.460116392028622201e+00
6.642949874821884926e+00
6.825783357615147651e+00
7.008616840408410376e+00
7.191450323201673100e+00
7.374283805994935825e+00
7.557117288788199438e+00
7.739950771581462163e+00
7.922784254374725776e+00
8.105617737167987613e+00
8.288451219961249450e+00
8.471284702754514839e+00
8.654118185547776676e+00
8.836951668341040289e+00
9.019785151134300349e+00
9.202618633927565739e+00
9.385452116720829352e+00
9.568285599514091189e+00
9.751119082307353025e+00
9.933952565100618415e+00
1.011678604789387848e+01
1.029961953068714209e+01
1.048245301348040392e+01
1.066528649627366754e+01
1.084811997906693115e+01
1.103095346186019299e+01
1.121378694465345660e+01
1.139662042744672021e+01
1.157945391023998383e+01
1.176228739303324566e+01
1.194512087582650928e+01
1.212795435861977289e+01
1.231078784141303473e+01
1.249362132420629479e+01
1.267645480699956195e+01
1.285928828979282379e+01
1.304212177258608740e+01
1.322495525537935102e+01
1.340778873817261108e+01
1.359062222096587647e+01
1.377345570375914008e+01
1.395628918655240014e+01
1.413912266934566198e+01
1.432195615213892559e+01
1.450478963493218920e+01
1.468762311772545104e+01
1.487045660051871820e+01
1.505329008331197826e+01
1.523612356610524010e+01
1.541895704889850371e+01
1.560179053169176377e+01
1.578462401448502916e+01
1.596745749727829278e+01
1.615029098007155284e+01
1.633312446286482000e+01
1.651595794565808362e+01
1.669879142845134368e+01
1.688162491124460374e+01
1.706445839403786735e+01
1.724729187683112741e+01
1.743012535962439813e+01
1.761295884241766174e+01
1.779579232521091825e+01
1.797862580800418186e+01
1.816145929079744548e+01
1.834429277359070909e+01
1.852712625638397270e+01
1.870995973917723632e+01
1.889279322197049993e+01
1.907562670476375644e+01
1.925846018755702360e+01
1.944129367035028721e+01
1.962412715314354728e+01
1.980696063593681089e+01
1.998979411873007805e+01
2.017262760152333811e+01
2.035546108431660173e+01
2.053829456710986534e+01
2.072112804990312540e+01
2.090396153269639257e+01
2.108679501548965618e+01
2.126962849828291624e+01
2.145246198107617630e+01
2.163529546386943991e+01
2.181812894666270353e+01
2.200096242945596714e+01
2.218379591224923075e+01
2.236662939504249081e+01
2.254946287783575443e+01
2.273229636062902159e+01
2.291512984342228165e+01
2.309796332621554527e+01
2.328079680900880888e+01
2.346363029180207249e+01
2.364646377459533255e+01
2.382929725738859617e+01
2.401213074018185978e+01
2.419496422297511984e+01
2.437779770576838345e+01
