5.093243842540437494e-02
5.475237130730970653e-02
5.857230418921502424e-02
6.239223707112035583e-02
6.621216995302568742e-02
7.003210283493101207e-02
7.385203571683635060e-02
7.767196859874167525e-02
8.149190148064699990e-02
8.531183436255232455e-02
8.913176724445766308e-02
9.295170012636298773e-02
9.677163300826832626e-02
1.005915658901736509e-01
1.044114987720789756e-01
1.082314316539842863e-01
1.120513645358896249e-01
1.158712974177949773e-01
1.196912302997003019e-01
1.235111631816056127e-01
1.273310960635109235e-01
1.311510289454162759e-01
1.349709618273216005e-01
1.387908947092269529e-01
1.426108275911322776e-01
1.464307604730375745e-01
1.502506933549428991e-01
1.540706262368482238e-01
1.578905591187536039e-01
1.617104920006589286e-01
1.655304248825642255e-01
1.693503577644695501e-01
1.731702906463748748e-01
1.769902235282801994e-01
1.808101564101855518e-01
1.846300892920908765e-01
1.884500221739962011e-01
1.922699550559015258e-01
1.960898879378068504e-01
1.999098208197121751e-01
2.037297537016174998e-01
2.075496865835228522e-01
2.113696194654281768e-01
2.151895523473335015e-01
2.190094852292388261e-01
2.228294181111441508e-01
2.266493509930495032e-01
2.304692838749548278e-01
2.342892167568602080e-01
2.381091496387654771e-01
2.419290825206708018e-01
2.457490154025761542e-01
2.495689482844814788e-01
2.533888811663868035e-01
2.572088140482921004e-01
2.610287469301974528e-01
2.648486798121028052e-01
2.686686126940081021e-01
2.724885455759134545e-01
2.763084784578187514e-01
2.801284113397241038e-01
2.839483442216294562e-01
2.877682771035347531e-01
2.915882099854401055e-01
2.954081428673454024e-01
2.992280757492506993e-01
3.030480086311560517e-01
3.068679415130614041e-01
3.106878743949667565e-01
3.145078072768720534e-01
3.183277401587774058e-01
3.221476730406827027e-01
3.259676059225880551e-01
3.297875388044934075e-01
3.336074716863987044e-01
3.374274045683040013e-01
3.412473374502093537e-01
3.450672703321147061e-01
3.488872032140200030e-01
3.527071360959252999e-01
3.565270689778306523e-01
3.603470018597359492e-01
3.641669347416413571e-01
3.679868676235467095e-01
3.718068005054520064e-01
3.756267333873573588e-01
3.794466662692626002e-01
3.832665991511679526e-01
3.870865320330733050e-01
3.909064649149786019e-01
3.947263977968839543e-01
3.985463306787892512e-01
4.023662635606946036e-01
4.061861964425999560e-01
4.100061293245052529e-01
4.138260622064105498e-01
4.176459950883160133e-01
4.214659279702212547e-01
4.252858608521266071e-01
4.291057937340319040e-01
4.329257266159372564e-01
4.367456594978425533e-01
4.405655923797479057e-01
4.443855252616532026e-01
4.482054581435584995e-01
4.520253910254638519e-01
4.558453239073691488e-01
4.596652567892745012e-01
4.634851896711797981e-01
4.673051225530851505e-01
4.711250554349904474e-01
4.749449883168958553e-01
4.787649211988012077e-01
4.825848540807065046e-01
4.864047869626118015e-01
4.902247198445171539e-01
4.940446527264224508e-01
4.978645856083278032e-01
5.016845184902331001e-01
5.055044513721383970e-01
5.093243842540436939e-01
