4.645093591879623229e-01
4.993475611270594694e-01
5.341857630661566159e-01
5.690239650052537623e-01
6.038621669443510198e-01
6.387003688834481663e-01
6.735385708225454238e-01
7.083767727616425702e-01
7.432149747007397167e-01
7.780531766398367521e-01
8.128913785789341206e-01
8.477295805180312671e-01
8.825677824571284136e-01
9.174059843962255600e-01
9.522441863353227065e-01
9.870823882744198530e-01
1.021920590213517110e+00
1.056758792152614257e+00
1.091596994091711403e+00
1.126435196030808772e+00
1.161273397969905696e+00
1.196111599909003065e+00
1.230949801848099989e+00
1.265788003787197358e+00
1.300626205726294726e+00
1.335464407665391651e+00
1.370302609604488797e+00
1.405140811543585944e+00
1.439979013482683312e+00
1.474817215421780459e+00
1.509655417360877383e+00
1.544493619299974752e+00
1.579331821239071898e+00
1.614170023178169266e+00
1.649008225117266413e+00
1.683846427056363337e+00
1.718684628995460706e+00
1.753522830934557852e+00
1.788361032873655221e+00
1.823199234812751923e+00
1.858037436751849292e+00
1.892875638690946438e+00
1.927713840630043807e+00
1.962552042569140731e+00
1.997390244508237878e+00
2.032228446447335024e+00
2.067066648386432615e+00
2.101904850325529317e+00
2.136743052264626908e+00
2.171581254203724054e+00
2.206419456142821200e+00
2.241257658081918347e+00
2.276095860021015049e+00
2.310934061960112640e+00
2.345772263899209786e+00
2.380610465838306489e+00
2.415448667777404523e+00
2.450286869716501226e+00
2.485125071655598372e+00
2.519963273594695519e+00
2.554801475533792665e+00
2.589639677472889812e+00
2.624477879411986958e+00
2.659316081351084105e+00
2.694154283290181251e+00
2.728992485229278397e+00
2.763830687168375988e+00
2.798668889107472690e+00
2.833507091046570281e+00
2.868345292985666983e+00
2.903183494924764574e+00
2.938021696863861276e+00
2.972859898802958423e+00
3.007698100742056013e+00
3.042536302681153160e+00
3.077374504620249862e+00
3.112212706559347453e+00
3.147050908498444599e+00
3.181889110437541746e+00
3.216727312376638892e+00
3.251565514315736038e+00
3.286403716254833185e+00
3.321241918193930776e+00
3.356080120133027478e+00
3.390918322072125068e+00
3.425756524011221771e+00
3.460594725950318917e+00
3.495432927889416508e+00
3.530271129828513654e+00
3.565109331767610357e+00
3.599947533706707947e+00
3.634785735645805094e+00
3.669623937584902240e+00
3.704462139523998943e+00
3.739300341463096533e+00
3.774138543402193680e+00
3.808976745341291270e+00
3.843814947280388417e+00
3.878653149219485563e+00
3.913491351158582265e+00
3.948329553097679412e+00
3.983167755036777002e+00
4.018005956975874149e+00
4.052844158914971295e+00
4.087682360854068442e+00
4.122520562793165588e+00
4.157358764732262735e+00
4.192196966671359881e+00
4.227035168610457028e+00
4.261873370549555062e+00
4.296711572488651321e+00
4.331549774427749355e+00
4.366387976366846502e+00
4.401226178305942760e+00
4.436064380245039906e+00
4.470902582184137053e+00
4.505740784123235088e+00
4.540578986062332234e+00
4.575417188001429381e+00
4.610255389940525639e+00
4.645093591879622785e+00
