nan
1.000000000000000000e+00
9.914009862784883831e-01
9.793917164875828307e-01
9.652777192921347948e-01
9.497247725811029939e-01
9.331628636913259500e-01
9.159001474450141345e-01
8.981696855924347078e-01
8.801530917130099274e-01
8.619942873253323423e-01
8.438083469063124564e-01
8.256876188134609773e-01
8.077061971297447851e-01
7.899233215945991038e-01
7.723860390096005668e-01
7.551313312039065195e-01
7.381878428746803111e-01
7.215773002677667858e-01
7.053156854368740625e-01
6.894142138386918361e-01
6.738801515656994701e-01
6.587175004939200829e-01
6.439275738080695310e-01
6.295094800258905776e-01
6.154605303193559918e-01
6.017765813299928990e-01
5.884523236051035777e-01
5.754815241099249246e-01
5.628572299054592776e-01
5.505719389568081157e-01
5.386177431035464869e-01
5.269864474449921232e-01
5.156696697408141850e-01
5.046589228789571946e-01
4.939456830004476662e-01
4.835214454800732531e-01
4.733777706313795353e-01
4.635063207242564598e-01
4.538988896657817906e-01
4.445474264930744934e-01
4.354440536553931818e-01
4.265810809167920881e-01
4.179510155863966903e-01
4.095465696776955378e-01
4.013606645080851631e-01
3.933864331731442565e-01
3.856172212647060449e-01
3.780465861459035848e-01
3.706682950488483508e-01
3.634763222199332566e-01
3.564648453031387665e-01
3.496282411221776631e-01
3.429610809970687346e-01
3.364581257093018918e-01
3.301143202113110964e-01
3.239247881604704338e-01
3.178848263443915245e-01
3.119898990530631799e-01
3.062356324436171784e-01
3.006178089354156757e-01
2.951323616660541660e-01
2.897753690330586163e-01
2.845430493410116002e-01
2.794317555695688959e-01
2.744379702743042215e-01
2.695583006292576744e-01
2.647894736175848140e-01
2.601283313745171855e-01
2.555718266851406129e-01
2.511170186379979574e-01
2.467610684343227723e-01
2.425012353517029540e-01
2.383348728602013855e-01
2.342594248882748642e-01
2.302724222353196570e-01
2.263714791273236659e-01
2.225542899117029516e-01
2.188186258872769907e-01
2.151623322650888237e-01
2.115833252557511590e-01
2.080795892788867840e-01
2.046491742902474542e-01
2.012901932220980961e-01
1.980008195325255183e-01
1.947792848593373483e-01
1.916238767743642102e-01
1.885329366340378066e-01
1.855048575222189300e-01
1.825380822813928161e-01
1.796311016284406481e-01
1.767824523513334134e-01
1.739907155832189356e-01
1.712545151505038277e-01
1.685725159916475480e-01
1.659434226435233251e-01
1.633659777923256173e-01
1.608389608861243436e-01
1.583611868062762829e-01
1.559315045950491752e-01
1.535487962368897730e-01
1.512119754909179159e-01
1.489199867723099702e-01
1.466718040803358103e-01
1.444664299709500499e-01
1.423028945718779747e-01
1.401802546382831804e-01
1.380975926471609272e-01
1.360540159286903750e-01
1.340486558328823075e-01
1.320806669298968117e-01
1.301492262425338886e-01
1.282535325094102119e-01
1.263928054774650089e-01
1.245662852224539291e-01
1.227732314961876708e-01
1.210129230992979532e-01
1.192846572784141829e-01
1.175877491466375130e-01
1.159215311262963982e-01
1.142853524129848058e-01
1.126785784599462353e-01
