nan
1.000000000000000000e+00
9.946665348617563795e-01
9.871570741523895132e-01
9.782435302228305041e-01
9.683101016280257767e-01
9.576025889934095536e-01
9.462978848649971075e-01
9.345319107396350411e-01
9.224133421948675915e-01
9.100313010356652077e-01
8.974600970172857961e-01
8.847623719610688831e-01
8.719913085062139801e-01
8.591922557066536958e-01
8.464039714916908874e-01
8.336596018515856077e-01
8.209874719108717356e-01
8.084117379179355245e-01
7.959529332728054740e-01
7.836284316909831738e-01
7.714528440867659542e-01
7.594383614067961030e-01
7.475950526609563829e-01
7.359311253030796918e-01
7.244531536096314728e-01
7.131662796004982763e-01
7.020743902187859264e-01
6.911802738542376368e-01
6.804857588024321169e-01
6.699918358615341019e-01
6.596987669538144639e-01
6.496061814018896374e-01
6.397131612763273800e-01
6.300183170524267240e-01
6.205198546623011957e-01
6.112156348987749510e-01
6.021032260157987981e-01
5.931799502732026941e-01
5.844429250890673666e-01
5.758890993888885479e-01
5.675152856756501274e-01
5.593181882873878852e-01
5.512944282580861666e-01
5.434405651526463821e-01
5.357531162066988539e-01
5.282285730665028378e-01
5.208634163924795724e-01
5.136541285617460817e-01
5.065972046798792316e-01
4.996891620896770636e-01
4.929265485446554518e-01
4.863059491971337134e-01
4.798239925347683177e-01
4.734773553850943895e-01
4.672627670948786838e-01
4.611770129796340933e-01
4.552169371284759958e-01
4.493794446403145404e-01
4.436615033592460899e-01
4.380601451696546356e-01
4.325724669050259319e-01
4.271956309186225043e-01
4.219268653589009488e-01
4.167634641879103263e-01
4.117027869766903270e-01
4.067422585079405462e-01
4.018793682129114253e-01
3.971116694664070246e-01
3.924367787611707792e-01
3.878523747804847321e-01
3.833561973856659533e-01
3.789460465332648020e-01
3.746197811350130968e-01
3.703753178720374795e-01
3.662106299735360393e-01
3.621237459688267379e-01
3.581127484206299560e-01
3.541757726464648259e-01
3.503110054341355140e-01
3.465166837565832880e-01
3.427910934906037155e-01
3.391325681433697281e-01
3.355394875901410168e-01
3.320102768260556614e-01
3.285434047344331643e-01
3.251373828737140204e-01
3.217907642847028793e-01
3.185021423196338075e-01
3.152701494941282379e-01
3.120934563630545777e-01
3.089707704209744277e-01
3.059008350277169219e-01
3.028824283594691025e-01
2.999143623856264651e-01
2.969954818714929945e-01
2.941246634068765964e-01
2.913008144604633531e-01
2.885228724598288830e-01
2.857898038968320620e-01
2.831006034581186603e-01
2.804542931803787331e-01
2.778499216299695207e-01
2.752865631064956853e-01
2.727633168698863630e-01
2.702793063904889159e-01
2.678336786217058729e-01
2.654256032946440969e-01
2.630542722342772421e-01
2.607188986965798816e-01
2.584187167261048912e-01
2.561529805334900600e-01
2.539209638923255463e-01
2.517219595548808586e-01
2.495552786861586769e-01
2.474202503157306443e-01
2.453162208068784267e-01
2.432425533424897590e-01
2.411986274272409636e-01
2.391838384055532951e-01
2.371975969948617313e-01
2.352393288336901978e-01
