nan
1.000000000000000000e+00
9.939519043044929836e-01
9.854513219930135515e-01
9.753833928938574482e-01
9.641915564048716414e-01
9.521605355127533699e-01
9.394953743262036694e-01
9.263533218330071151e-01
9.128595781470236759e-01
8.991161831943903504e-01
8.852075452304227765e-01
8.712041438505512270e-01
8.571651587452547849e-01
8.431404239162612058e-01
8.291719346436542404e-01
8.152950437608503798e-01
8.015394332424637946e-01
7.879299175678078360e-01
7.744871173372698259e-01
7.612280302679600430e-01
7.481665192954309873e-01
7.353137325383166667e-01
7.226784664501546551e-01
7.102674810482548784e-01
6.980857743390578296e-01
6.861368217407983749e-01
6.744227852998699868e-01
6.629446967161866100e-01
6.517026175736256866e-01
6.406957796724792598e-01
6.299227079521420025e-01
6.193813281533894211e-01
6.090690610853768394e-01
5.989829051217582245e-01
5.891195083449696224e-01
5.794752315812253807e-01
5.700462034162930847e-01
5.608283681499299789e-01
5.518175275315658768e-01
5.430093770193206160e-01
5.343995372162690938e-01
5.259835810606473538e-01
5.177570572788038339e-01
5.097155105498923922e-01
5.018544987788340350e-01
4.941696078275400472e-01
4.866564640136002984e-01
4.793107446495098456e-01
4.721281868635665013e-01
4.651045949154961612e-01
4.582358461948956574e-01
4.515178960686277443e-01
4.449467817238282885e-01
4.385186251359911580e-01
4.322296352763591032e-01
4.260761096594468111e-01
4.200544353195239111e-01
4.141610892944462274e-01
4.083926386858211521e-01
4.027457403563196037e-01
3.972171403175728810e-01
3.918036728557091619e-01
3.865022594358150654e-01
3.813099074215905993e-01
3.762237086419830678e-01
3.712408378326246816e-01
3.663585509764193948e-01
3.615741835645175373e-01
3.568851487962069191e-01
3.522889357338001015e-01
3.477831074265227418e-01
3.433652990154540952e-01
3.390332158299755871e-01
3.347846314846969484e-01
3.306173859844948049e-01
3.265293838442516750e-01
3.225185922288114071e-01
3.185830391177914556e-01
3.147208114991726924e-01
3.109300535948445465e-01
3.072089651207522976e-01
3.035557995837024903e-01
2.999688626165037397e-01
2.964465103526829903e-01
2.929871478416561925e-01
2.895892275049868902e-01
2.862512476340776657e-01
2.829717509293885325e-01
2.797493230811688436e-01
2.765825913914111700e-01
2.734702234367074603e-01
2.704109257715014980e-01
2.674034426711454082e-01
2.644465549141145067e-01
2.615390786026095538e-01
2.586798640208072264e-01
2.558677945298814538e-01
2.531017854989403570e-01
2.503807832710180925e-01
2.477037641631562037e-01
2.450697334997004595e-01
2.424777246778612727e-01
2.399267982646189623e-01
2.374160411240517077e-01
2.349445655741485839e-01
2.325115085722236907e-01
2.301160309280154137e-01
2.277573165435953506e-01
2.254345716792199306e-01
2.231470242442727681e-01
2.208939231124617264e-01
2.186745374604673331e-01
2.164881561292419376e-01
2.143340870071916981e-01
2.122116564344899703e-01
2.101202086277892123e-01
2.080591051246264978e-01
2.060277242468289971e-01
2.040254605822618417e-01
2.020517244842565951e-01
2.001059415881200065e-01
